sample,gps_week,gps_tow_us,time_valid,timer_us,time_s,dt_s,ax_raw,ay_raw,az_raw,temp_raw,gx_raw,gy_raw,gz_raw,ax_m_s2,ay_m_s2,az_m_s2,temp_deg_c,gx_deg_h,gy_deg_h,gz_deg_h
487578,0,0,0,4878255413,4860.057819,0.010005,364,16536,532,-2116,-1231,-80,181,0.21787235107421873,9.897629663085937,0.3184288208007812,30.306470588235296,-33829.00763358779,-2198.4732824427483,4974.045801526718
487579,0,0,0,4878265418,4860.067824,0.010005,376,16550,430,-2115,-1233,-83,177,0.22505495605468748,9.906009368896484,0.25737667846679685,30.309411764705885,-33883.96946564886,-2280.916030534351,4864.122137404581
487580,0,0,0,4878275423,4860.077829,0.010005,342,16518,522,-2117,-1232,-81,184,0.20470424194335937,9.886855755615233,0.3124433166503906,30.303529411764707,-33856.48854961832,-2225.9541984732828,5056.488549618321
487581,0,0,0,4878285428,4860.087834,0.010005,396,16520,488,-2109,-1235,-79,181,0.23702596435546874,9.888052856445311,0.2920926025390625,30.327058823529413,-33938.931297709925,-2170.992366412214,4974.045801526718
487582,0,0,0,4878295434,4860.09784,0.010006,394,16502,504,-2113,-1237,-85,182,0.23582886352539062,9.87727894897461,0.3016694091796875,30.31529411764706,-33993.89312977099,-2335.87786259542,5001.526717557253
487583,0,0,0,4878305439,4860.107845,0.010005,348,16544,476,-2116,-1237,-81,188,0.20829554443359374,9.90241806640625,0.28490999755859375,30.306470588235296,-33993.89312977099,-2225.9541984732828,5166.412213740458
487584,0,0,0,4878315444,4860.11785,0.010005,350,16550,480,-2118,-1231,-88,185,0.20949264526367187,9.906009368896484,0.28730419921875,30.300588235294118,-33829.00763358779,-2418.320610687023,5083.9694656488555
487585,0,0,0,4878325449,4860.127855,0.010005,386,16540,498,-2121,-1230,-88,181,0.23104046020507812,9.900023864746093,0.2980781066894531,30.291764705882354,-33801.52671755725,-2418.320610687023,4974.045801526718
487586,0,0,0,4878335454,4860.13786,0.010005,360,16568,490,-2120,-1231,-84,185,0.2154781494140625,9.916783276367187,0.2932897033691406,30.294705882352943,-33829.00763358779,-2308.3969465648856,5083.9694656488555
487587,0,0,0,4878345459,4860.147865,0.010005,378,16576,480,-2109,-1236,-88,175,0.2262520568847656,9.9215716796875,0.28730419921875,30.327058823529413,-33966.41221374046,-2418.320610687023,4809.160305343512
487588,0,0,0,4878355465,4860.157871,0.010006,412,16552,494,-2112,-1228,-90,182,0.24660277099609373,9.907206469726562,0.29568390502929687,30.31823529411765,-33746.564885496184,-2473.282442748092,5001.526717557253
487589,0,0,0,4878365470,4860.167876,0.010005,340,16536,504,-2114,-1230,-83,189,0.20350714111328125,9.897629663085937,0.3016694091796875,30.31235294117647,-33801.52671755725,-2280.916030534351,5193.893129770992
487590,0,0,0,4878375475,4860.177881,0.010005,350,16526,424,-2110,-1232,-85,186,0.20949264526367187,9.891644158935547,0.2537853759765625,30.324117647058824,-33856.48854961832,-2335.87786259542,5111.4503816793895
487591,0,0,0,4878385480,4860.187886,0.010005,404,16536,490,-2112,-1234,-86,179,0.24181436767578124,9.897629663085937,0.2932897033691406,30.31823529411765,-33911.45038167939,-2363.3587786259545,4919.083969465649
487592,0,0,0,4878395485,4860.197891,0.010005,396,16546,482,-2110,-1229,-85,188,0.23702596435546874,9.903615167236328,0.2885013000488281,30.324117647058824,-33774.04580152672,-2335.87786259542,5166.412213740458
487593,0,0,0,4878405490,4860.207896,0.010005,388,16552,476,-2111,-1229,-85,193,0.23223756103515625,9.907206469726562,0.28490999755859375,30.321176470588235,-33774.04580152672,-2335.87786259542,5303.81679389313
487594,0,0,0,4878415496,4860.217902,0.010006,368,16540,492,-2115,-1231,-85,185,0.22026655273437498,9.900023864746093,0.29448680419921874,30.309411764705885,-33829.00763358779,-2335.87786259542,5083.9694656488555
487595,0,0,0,4878425501,4860.227907,0.010005,354,16568,484,-2111,-1231,-79,175,0.21188684692382811,9.916783276367187,0.28969840087890625,30.321176470588235,-33829.00763358779,-2170.992366412214,4809.160305343512
487596,0,0,0,4878435506,4860.237912,0.010005,342,16556,508,-2118,-1231,-81,184,0.20470424194335937,9.909600671386718,0.30406361083984373,30.300588235294118,-33829.00763358779,-2225.9541984732828,5056.488549618321
487597,0,0,0,4878445511,4860.247917,0.010005,396,16568,492,-2115,-1231,-84,180,0.23702596435546874,9.916783276367187,0.29448680419921874,30.309411764705885,-33829.00763358779,-2308.3969465648856,4946.564885496184
487598,0,0,0,4878455516,4860.257922,0.010005,406,16546,502,-2112,-1228,-79,186,0.24301146850585936,9.903615167236328,0.30047230834960936,30.31823529411765,-33746.564885496184,-2170.992366412214,5111.4503816793895
487599,0,0,0,4878465521,4860.267927,0.010005,380,16522,472,-2110,-1234,-82,189,0.22744915771484372,9.889249957275391,0.2825157958984375,30.324117647058824,-33911.45038167939,-2253.4351145038167,5193.893129770992
487600,0,0,0,4878475527,4860.277933,0.010006,406,16552,438,-2114,-1237,-88,187,0.24301146850585936,9.907206469726562,0.26216508178710934,30.31235294117647,-33993.89312977099,-2418.320610687023,5138.931297709924
487601,0,0,0,4878485532,4860.287938,0.010005,364,16534,514,-2120,-1236,-85,189,0.21787235107421873,9.896432562255859,0.3076549133300781,30.294705882352943,-33966.41221374046,-2335.87786259542,5193.893129770992
487602,0,0,0,4878495537,4860.297943,0.010005,382,16530,508,-2111,-1235,-84,186,0.22864625854492185,9.894038360595703,0.30406361083984373,30.321176470588235,-33938.931297709925,-2308.3969465648856,5111.4503816793895
487603,0,0,0,4878505542,4860.307948,0.010005,334,16528,522,-2110,-1231,-87,183,0.19991583862304688,9.892841259765625,0.3124433166503906,30.324117647058824,-33829.00763358779,-2390.8396946564885,5029.007633587787
487604,0,0,0,4878515547,4860.317953,0.010005,384,16522,466,-2116,-1235,-88,185,0.229843359375,9.889249957275391,0.27892449340820313,30.306470588235296,-33938.931297709925,-2418.320610687023,5083.9694656488555
487605,0,0,0,4878525553,4860.327959,0.010006,332,16544,508,-2114,-1231,-84,181,0.19871873779296872,9.90241806640625,0.30406361083984373,30.31235294117647,-33829.00763358779,-2308.3969465648856,4974.045801526718
487606,0,0,0,4878535558,4860.337964,0.010005,344,16554,480,-2107,-1226,-89,191,0.2059013427734375,9.90840357055664,0.28730419921875,30.33294117647059,-33691.603053435116,-2445.8015267175574,5248.854961832061
487607,0,0,0,4878545563,4860.347969,0.010005,372,16578,486,-2110,-1231,-83,195,0.22266075439453123,9.922768780517577,0.29089550170898437,30.324117647058824,-33829.00763358779,-2280.916030534351,5358.778625954199
487608,0,0,0,4878555568,4860.357974,0.010005,370,16556,524,-2116,-1233,-75,187,0.2214636535644531,9.909600671386718,0.3136404174804687,30.306470588235296,-33883.96946564886,-2061.0687022900765,5138.931297709924
487609,0,0,0,4878565573,4860.367979,0.010005,388,16552,438,-2110,-1233,-80,191,0.23223756103515625,9.907206469726562,0.26216508178710934,30.324117647058824,-33883.96946564886,-2198.4732824427483,5248.854961832061
487610,0,0,0,4878575578,4860.377984,0.010005,362,16544,492,-2114,-1235,-83,188,0.2166752502441406,9.90241806640625,0.29448680419921874,30.31235294117647,-33938.931297709925,-2280.916030534351,5166.412213740458
487611,0,0,0,4878585584,4860.38799,0.010006,356,16546,526,-2114,-1236,-81,190,0.21308394775390624,9.903615167236328,0.31483751831054685,30.31235294117647,-33966.41221374046,-2225.9541984732828,5221.374045801527
487612,0,0,0,4878595589,4860.397995,0.010005,354,16538,488,-2112,-1231,-83,192,0.21188684692382811,9.898826763916015,0.2920926025390625,30.31823529411765,-33829.00763358779,-2280.916030534351,5276.335877862595
487613,0,0,0,4878605594,4860.408,0.010005,362,16554,562,-2110,-1227,-82,192,0.2166752502441406,9.90840357055664,0.3363853332519531,30.324117647058824,-33719.08396946565,-2253.4351145038167,5276.335877862595
487614,0,0,0,4878615599,4860.418005,0.010005,364,16570,454,-2112,-1233,-86,183,0.21787235107421873,9.917980377197265,0.27174188842773433,30.31823529411765,-33883.96946564886,-2363.3587786259545,5029.007633587787
487615,0,0,0,4878625604,4860.42801,0.010005,386,16552,476,-2115,-1233,-83,189,0.23104046020507812,9.907206469726562,0.28490999755859375,30.309411764705885,-33883.96946564886,-2280.916030534351,5193.893129770992
487616,0,0,0,4878635609,4860.438015,0.010005,358,16574,432,-2120,-1233,-84,186,0.21428104858398436,9.920374578857421,0.258573779296875,30.294705882352943,-33883.96946564886,-2308.3969465648856,5111.4503816793895
487617,0,0,0,4878645615,4860.448021,0.010006,408,16542,516,-2118,-1236,-87,193,0.2442085693359375,9.90122096557617,0.30885201416015623,30.300588235294118,-33966.41221374046,-2390.8396946564885,5303.81679389313
487618,0,0,0,4878655620,4860.458026,0.010005,338,16570,546,-2111,-1234,-87,184,0.20231004028320312,9.917980377197265,0.3268085266113281,30.321176470588235,-33911.45038167939,-2390.8396946564885,5056.488549618321
487619,0,0,0,4878665625,4860.468031,0.010005,368,16536,474,-2111,-1231,-83,185,0.22026655273437498,9.897629663085937,0.28371289672851563,30.321176470588235,-33829.00763358779,-2280.916030534351,5083.9694656488555
487620,0,0,0,4878675630,4860.478036,0.010005,354,16526,528,-2106,-1229,-85,190,0.21188684692382811,9.891644158935547,0.316034619140625,30.335882352941177,-33774.04580152672,-2335.87786259542,5221.374045801527
487621,0,0,0,4878685635,4860.488041,0.010005,394,16576,462,-2110,-1225,-90,180,0.23582886352539062,9.9215716796875,0.2765302917480469,30.324117647058824,-33664.122137404585,-2473.282442748092,4946.564885496184
487622,0,0,0,4878695640,4860.498046,0.010005,396,16546,446,-2112,-1230,-79,182,0.23702596435546874,9.903615167236328,0.26695348510742184,30.31823529411765,-33801.52671755725,-2170.992366412214,5001.526717557253
487623,0,0,0,4878705646,4860.508052,0.010006,392,16568,526,-2114,-1228,-84,183,0.2346317626953125,9.916783276367187,0.31483751831054685,30.31235294117647,-33746.564885496184,-2308.3969465648856,5029.007633587787
487624,0,0,0,4878715651,4860.518057,0.010005,354,16550,448,-2108,-1222,-88,188,0.21188684692382811,9.906009368896484,0.26815058593749996,30.330000000000002,-33581.67938931298,-2418.320610687023,5166.412213740458
487625,0,0,0,4878725656,4860.528062,0.010005,380,16534,532,-2111,-1228,-82,179,0.22744915771484372,9.896432562255859,0.3184288208007812,30.321176470588235,-33746.564885496184,-2253.4351145038167,4919.083969465649
487626,0,0,0,4878735661,4860.538067,0.010005,370,16530,500,-2109,-1234,-84,182,0.2214636535644531,9.894038360595703,0.29927520751953124,30.327058823529413,-33911.45038167939,-2308.3969465648856,5001.526717557253
487627,0,0,0,4878745666,4860.548072,0.010005,404,16528,446,-2115,-1235,-87,188,0.24181436767578124,9.892841259765625,0.26695348510742184,30.309411764705885,-33938.931297709925,-2390.8396946564885,5166.412213740458
487628,0,0,0,4878755671,4860.558077,0.010005,306,16544,500,-2115,-1230,-85,187,0.18315642700195311,9.90241806640625,0.29927520751953124,30.309411764705885,-33801.52671755725,-2335.87786259542,5138.931297709924
487629,0,0,0,4878765677,4860.568083,0.010006,356,16536,466,-2112,-1224,-82,183,0.21308394775390624,9.897629663085937,0.27892449340820313,30.31823529411765,-33636.64122137405,-2253.4351145038167,5029.007633587787
487630,0,0,0,4878775682,4860.578088,0.010005,398,16562,462,-2113,-1228,-86,183,0.23822306518554687,9.913191973876952,0.2765302917480469,30.31529411764706,-33746.564885496184,-2363.3587786259545,5029.007633587787
487631,0,0,0,4878785687,4860.588093,0.010005,404,16576,458,-2107,-1236,-85,191,0.24181436767578124,9.9215716796875,0.2741360900878906,30.33294117647059,-33966.41221374046,-2335.87786259542,5248.854961832061
487632,0,0,0,4878795692,4860.598098,0.010005,430,16580,472,-2110,-1234,-79,185,0.25737667846679685,9.923965881347655,0.2825157958984375,30.324117647058824,-33911.45038167939,-2170.992366412214,5083.9694656488555
487633,0,0,0,4878805697,4860.608103,0.010005,370,16538,434,-2113,-1227,-80,186,0.2214636535644531,9.898826763916015,0.2597708801269531,30.31529411764706,-33719.08396946565,-2198.4732824427483,5111.4503816793895
487634,0,0,0,4878815702,4860.618108,0.010005,346,16556,506,-2113,-1228,-80,189,0.20709844360351562,9.909600671386718,0.3028665100097656,30.31529411764706,-33746.564885496184,-2198.4732824427483,5193.893129770992
487635,0,0,0,4878825708,4860.628114,0.010006,340,16532,464,-2112,-1229,-87,183,0.20350714111328125,9.89523546142578,0.277727392578125,30.31823529411765,-33774.04580152672,-2390.8396946564885,5029.007633587787
487636,0,0,0,4878835713,4860.638119,0.010005,370,16536,452,-2116,-1235,-90,186,0.2214636535644531,9.897629663085937,0.2705447875976562,30.306470588235296,-33938.931297709925,-2473.282442748092,5111.4503816793895
487637,0,0,0,4878845718,4860.648124,0.010005,350,16524,492,-2115,-1226,-87,183,0.20949264526367187,9.890447058105469,0.29448680419921874,30.309411764705885,-33691.603053435116,-2390.8396946564885,5029.007633587787
487638,0,0,0,4878855723,4860.658129,0.010005,382,16540,460,-2110,-1230,-87,194,0.22864625854492185,9.900023864746093,0.2753331909179687,30.324117647058824,-33801.52671755725,-2390.8396946564885,5331.297709923664
487639,0,0,0,4878865728,4860.668134,0.010005,344,16536,458,-2108,-1226,-87,185,0.2059013427734375,9.897629663085937,0.2741360900878906,30.330000000000002,-33691.603053435116,-2390.8396946564885,5083.9694656488555
487640,0,0,0,4878875734,4860.67814,0.010006,330,16560,472,-2109,-1229,-83,186,0.1975216369628906,9.911994873046874,0.2825157958984375,30.327058823529413,-33774.04580152672,-2280.916030534351,5111.4503816793895
487641,0,0,0,4878885739,4860.688145,0.010005,376,16558,498,-2108,-1235,-86,199,0.22505495605468748,9.910797772216796,0.2980781066894531,30.330000000000002,-33938.931297709925,-2363.3587786259545,5468.702290076336
487642,0,0,0,4878895744,4860.69815,0.010005,382,16528,534,-2109,-1233,-83,193,0.22864625854492185,9.892841259765625,0.31962592163085934,30.327058823529413,-33883.96946564886,-2280.916030534351,5303.81679389313
487643,0,0,0,4878905749,4860.708155,0.010005,312,16570,474,-2104,-1233,-80,193,0.1867477294921875,9.917980377197265,0.28371289672851563,30.341764705882355,-33883.96946564886,-2198.4732824427483,5303.81679389313
487644,0,0,0,4878915754,4860.71816,0.010005,332,16592,488,-2111,-1229,-84,191,0.19871873779296872,9.931148486328125,0.2920926025390625,30.321176470588235,-33774.04580152672,-2308.3969465648856,5248.854961832061
487645,0,0,0,4878925759,4860.728165,0.010005,396,16590,384,-2109,-1233,-82,191,0.23702596435546874,9.929951385498047,0.229843359375,30.327058823529413,-33883.96946564886,-2253.4351145038167,5248.854961832061
487646,0,0,0,4878935765,4860.738171,0.010006,328,16554,468,-2115,-1229,-81,194,0.19632453613281248,9.90840357055664,0.28012159423828126,30.309411764705885,-33774.04580152672,-2225.9541984732828,5331.297709923664
487647,0,0,0,4878945770,4860.748176,0.010005,376,16538,492,-2110,-1232,-79,183,0.22505495605468748,9.898826763916015,0.29448680419921874,30.324117647058824,-33856.48854961832,-2170.992366412214,5029.007633587787
487648,0,0,0,4878955775,4860.758181,0.010005,380,16588,446,-2112,-1228,-88,183,0.22744915771484372,9.928754284667969,0.26695348510742184,30.31823529411765,-33746.564885496184,-2418.320610687023,5029.007633587787
487649,0,0,0,4878965780,4860.768186,0.010005,394,16546,490,-2113,-1225,-83,190,0.23582886352539062,9.903615167236328,0.2932897033691406,30.31529411764706,-33664.122137404585,-2280.916030534351,5221.374045801527
487650,0,0,0,4878975785,4860.778191,0.010005,362,16564,462,-2114,-1223,-83,190,0.2166752502441406,9.91438907470703,0.2765302917480469,30.31235294117647,-33609.16030534351,-2280.916030534351,5221.374045801527
487651,0,0,0,4878985790,4860.788196,0.010005,400,16556,450,-2115,-1229,-87,191,0.239420166015625,9.909600671386718,0.2693476867675781,30.309411764705885,-33774.04580152672,-2390.8396946564885,5248.854961832061
487652,0,0,0,4878995796,4860.798202,0.010006,396,16514,508,-2111,-1238,-81,186,0.23702596435546874,9.884461553955077,0.30406361083984373,30.321176470588235,-34021.37404580153,-2225.9541984732828,5111.4503816793895
487653,0,0,0,4879005801,4860.808207,0.010005,410,16576,458,-2116,-1233,-81,187,0.2454056701660156,9.9215716796875,0.2741360900878906,30.306470588235296,-33883.96946564886,-2225.9541984732828,5138.931297709924
487654,0,0,0,4879015806,4860.818212,0.010005,364,16588,534,-2109,-1235,-85,177,0.21787235107421873,9.928754284667969,0.31962592163085934,30.327058823529413,-33938.931297709925,-2335.87786259542,4864.122137404581
487655,0,0,0,4879025811,4860.828217,0.010005,406,16542,480,-2107,-1229,-82,173,0.24301146850585936,9.90122096557617,0.28730419921875,30.33294117647059,-33774.04580152672,-2253.4351145038167,4754.198473282443
487656,0,0,0,4879035816,4860.838222,0.010005,388,16526,490,-2110,-1230,-85,187,0.23223756103515625,9.891644158935547,0.2932897033691406,30.324117647058824,-33801.52671755725,-2335.87786259542,5138.931297709924
487657,0,0,0,4879045821,4860.848227,0.010005,364,16572,494,-2113,-1231,-86,196,0.21787235107421873,9.919177478027343,0.29568390502929687,30.31529411764706,-33829.00763358779,-2363.3587786259545,5386.259541984733
487658,0,0,0,4879055827,4860.858233,0.010006,390,16548,472,-2114,-1235,-89,182,0.23343466186523437,9.904812268066406,0.2825157958984375,30.31235294117647,-33938.931297709925,-2445.8015267175574,5001.526717557253
487659,0,0,0,4879065832,4860.868238,0.010005,370,16562,436,-2115,-1229,-84,183,0.2214636535644531,9.913191973876952,0.2609679809570312,30.309411764705885,-33774.04580152672,-2308.3969465648856,5029.007633587787
487660,0,0,0,4879075837,4860.878243,0.010005,392,16534,432,-2113,-1229,-82,188,0.2346317626953125,9.896432562255859,0.258573779296875,30.31529411764706,-33774.04580152672,-2253.4351145038167,5166.412213740458
487661,0,0,0,4879085842,4860.888248,0.010005,382,16526,482,-2111,-1229,-86,190,0.22864625854492185,9.891644158935547,0.2885013000488281,30.321176470588235,-33774.04580152672,-2363.3587786259545,5221.374045801527
487662,0,0,0,4879095847,4860.898253,0.010005,374,16534,554,-2112,-1230,-90,183,0.22385785522460935,9.896432562255859,0.3315969299316406,30.31823529411765,-33801.52671755725,-2473.282442748092,5029.007633587787
487663,0,0,0,4879105852,4860.908258,0.010005,354,16562,452,-2108,-1231,-88,180,0.21188684692382811,9.913191973876952,0.2705447875976562,30.330000000000002,-33829.00763358779,-2418.320610687023,4946.564885496184
487664,0,0,0,4879115858,4860.918264,0.010006,390,16540,476,-2116,-1233,-89,180,0.23343466186523437,9.900023864746093,0.28490999755859375,30.306470588235296,-33883.96946564886,-2445.8015267175574,4946.564885496184
487665,0,0,0,4879125863,4860.928269,0.010005,376,16552,472,-2114,-1237,-78,185,0.22505495605468748,9.907206469726562,0.2825157958984375,30.31235294117647,-33993.89312977099,-2143.5114503816794,5083.9694656488555
487666,0,0,0,4879135868,4860.938274,0.010005,358,16600,490,-2109,-1237,-85,181,0.21428104858398436,9.935936889648437,0.2932897033691406,30.327058823529413,-33993.89312977099,-2335.87786259542,4974.045801526718
487667,0,0,0,4879145873,4860.948279,0.010005,362,16578,488,-2111,-1227,-88,188,0.2166752502441406,9.922768780517577,0.2920926025390625,30.321176470588235,-33719.08396946565,-2418.320610687023,5166.412213740458
487668,0,0,0,4879155878,4860.958284,0.010005,342,16556,478,-2114,-1236,-88,185,0.20470424194335937,9.909600671386718,0.2861070983886719,30.31235294117647,-33966.41221374046,-2418.320610687023,5083.9694656488555
487669,0,0,0,4879165884,4860.96829,0.010006,384,16550,428,-2107,-1230,-80,185,0.229843359375,9.906009368896484,0.2561795776367187,30.33294117647059,-33801.52671755725,-2198.4732824427483,5083.9694656488555
487670,0,0,0,4879175889,4860.978295,0.010005,310,16550,468,-2113,-1230,-87,183,0.18555062866210936,9.906009368896484,0.28012159423828126,30.31529411764706,-33801.52671755725,-2390.8396946564885,5029.007633587787
487671,0,0,0,4879185894,4860.9883,0.010005,378,16538,460,-2108,-1235,-85,178,0.2262520568847656,9.898826763916015,0.2753331909179687,30.330000000000002,-33938.931297709925,-2335.87786259542,4891.603053435115
487672,0,0,0,4879195899,4860.998305,0.010005,390,16548,460,-2112,-1232,-88,184,0.23343466186523437,9.904812268066406,0.2753331909179687,30.31823529411765,-33856.48854961832,-2418.320610687023,5056.488549618321
487673,0,0,0,4879205904,4861.00831,0.010005,348,16530,510,-2116,-1229,-91,180,0.20829554443359374,9.894038360595703,0.30526071166992186,30.306470588235296,-33774.04580152672,-2500.7633587786263,4946.564885496184
487674,0,0,0,4879215909,4861.018315,0.010005,354,16544,484,-2111,-1232,-85,184,0.21188684692382811,9.90241806640625,0.28969840087890625,30.321176470588235,-33856.48854961832,-2335.87786259542,5056.488549618321
487675,0,0,0,4879225915,4861.028321,0.010006,350,16526,446,-2114,-1232,-85,191,0.20949264526367187,9.891644158935547,0.26695348510742184,30.31235294117647,-33856.48854961832,-2335.87786259542,5248.854961832061
487676,0,0,0,4879235920,4861.038326,0.010005,366,16568,502,-2113,-1231,-82,186,0.21906945190429686,9.916783276367187,0.30047230834960936,30.31529411764706,-33829.00763358779,-2253.4351145038167,5111.4503816793895
487677,0,0,0,4879245925,4861.048331,0.010005,352,16546,510,-2115,-1235,-80,183,0.21068974609375,9.903615167236328,0.30526071166992186,30.309411764705885,-33938.931297709925,-2198.4732824427483,5029.007633587787
487678,0,0,0,4879255930,4861.058336,0.010005,382,16556,490,-2112,-1235,-79,184,0.22864625854492185,9.909600671386718,0.2932897033691406,30.31823529411765,-33938.931297709925,-2170.992366412214,5056.488549618321
487679,0,0,0,4879265935,4861.068341,0.010005,380,16496,484,-2111,-1238,-73,180,0.22744915771484372,9.873687646484374,0.28969840087890625,30.321176470588235,-34021.37404580153,-2006.1068702290077,4946.564885496184
487680,0,0,0,4879275940,4861.078346,0.010005,358,16560,536,-2112,-1235,-87,186,0.21428104858398436,9.911994873046874,0.32082302246093747,30.31823529411765,-33938.931297709925,-2390.8396946564885,5111.4503816793895
487681,0,0,0,4879285946,4861.088352,0.010006,376,16534,490,-2110,-1233,-90,188,0.22505495605468748,9.896432562255859,0.2932897033691406,30.324117647058824,-33883.96946564886,-2473.282442748092,5166.412213740458
487682,0,0,0,4879295951,4861.098357,0.010005,382,16540,502,-2102,-1235,-81,189,0.22864625854492185,9.900023864746093,0.30047230834960936,30.34764705882353,-33938.931297709925,-2225.9541984732828,5193.893129770992
487683,0,0,0,4879305956,4861.108362,0.010005,344,16518,454,-2109,-1233,-87,185,0.2059013427734375,9.886855755615233,0.27174188842773433,30.327058823529413,-33883.96946564886,-2390.8396946564885,5083.9694656488555
487684,0,0,0,4879315961,4861.118367,0.010005,308,16528,432,-2105,-1232,-87,189,0.18435352783203124,9.892841259765625,0.258573779296875,30.338823529411766,-33856.48854961832,-2390.8396946564885,5193.893129770992
487685,0,0,0,4879325966,4861.128372,0.010005,370,16548,490,-2107,-1232,-90,182,0.2214636535644531,9.904812268066406,0.2932897033691406,30.33294117647059,-33856.48854961832,-2473.282442748092,5001.526717557253
487686,0,0,0,4879335971,4861.138377,0.010005,366,16548,418,-2108,-1240,-81,188,0.21906945190429686,9.904812268066406,0.2501940734863281,30.330000000000002,-34076.3358778626,-2225.9541984732828,5166.412213740458
487687,0,0,0,4879345977,4861.148383,0.010006,374,16556,512,-2110,-1232,-79,184,0.22385785522460935,9.909600671386718,0.3064578125,30.324117647058824,-33856.48854961832,-2170.992366412214,5056.488549618321
487688,0,0,0,4879355982,4861.158388,0.010005,346,16530,476,-2109,-1232,-79,185,0.20709844360351562,9.894038360595703,0.28490999755859375,30.327058823529413,-33856.48854961832,-2170.992366412214,5083.9694656488555
487689,0,0,0,4879365987,4861.168393,0.010005,378,16560,408,-2106,-1237,-85,181,0.2262520568847656,9.911994873046874,0.2442085693359375,30.335882352941177,-33993.89312977099,-2335.87786259542,4974.045801526718
487690,0,0,0,4879375992,4861.178398,0.010005,382,16530,454,-2109,-1232,-89,187,0.22864625854492185,9.894038360595703,0.27174188842773433,30.327058823529413,-33856.48854961832,-2445.8015267175574,5138.931297709924
487691,0,0,0,4879385997,4861.188403,0.010005,356,16582,492,-2109,-1231,-89,185,0.21308394775390624,9.925162982177733,0.29448680419921874,30.327058823529413,-33829.00763358779,-2445.8015267175574,5083.9694656488555
487692,0,0,0,4879396002,4861.198408,0.010005,334,16554,464,-2104,-1227,-86,186,0.19991583862304688,9.90840357055664,0.277727392578125,30.341764705882355,-33719.08396946565,-2363.3587786259545,5111.4503816793895
487693,0,0,0,4879406008,4861.208414,0.010006,348,16568,514,-2106,-1238,-82,182,0.20829554443359374,9.916783276367187,0.3076549133300781,30.335882352941177,-34021.37404580153,-2253.4351145038167,5001.526717557253
487694,0,0,0,4879416013,4861.218419,0.010005,340,16548,486,-2109,-1230,-86,190,0.20350714111328125,9.904812268066406,0.29089550170898437,30.327058823529413,-33801.52671755725,-2363.3587786259545,5221.374045801527
487695,0,0,0,4879426018,4861.228424,0.010005,370,16522,490,-2106,-1230,-87,188,0.2214636535644531,9.889249957275391,0.2932897033691406,30.335882352941177,-33801.52671755725,-2390.8396946564885,5166.412213740458
487696,0,0,0,4879436023,4861.238429,0.010005,390,16504,450,-2106,-1233,-81,191,0.23343466186523437,9.878476049804688,0.2693476867675781,30.335882352941177,-33883.96946564886,-2225.9541984732828,5248.854961832061
487697,0,0,0,4879446028,4861.248434,0.010005,340,16552,442,-2109,-1229,-95,187,0.20350714111328125,9.907206469726562,0.2645592834472656,30.327058823529413,-33774.04580152672,-2610.6870229007636,5138.931297709924
487698,0,0,0,4879456034,4861.25844,0.010006,382,16562,454,-2106,-1232,-91,179,0.22864625854492185,9.913191973876952,0.27174188842773433,30.335882352941177,-33856.48854961832,-2500.7633587786263,4919.083969465649
487699,0,0,0,4879466039,4861.268445,0.010005,378,16524,460,-2112,-1230,-89,184,0.2262520568847656,9.890447058105469,0.2753331909179687,30.31823529411765,-33801.52671755725,-2445.8015267175574,5056.488549618321
487700,0,0,0,4879476044,4861.27845,0.010005,396,16532,452,-2108,-1232,-88,192,0.23702596435546874,9.89523546142578,0.2705447875976562,30.330000000000002,-33856.48854961832,-2418.320610687023,5276.335877862595
487701,0,0,0,4879486049,4861.288455,0.010005,386,16544,438,-2104,-1227,-74,191,0.23104046020507812,9.90241806640625,0.26216508178710934,30.341764705882355,-33719.08396946565,-2033.587786259542,5248.854961832061
487702,0,0,0,4879496054,4861.29846,0.010005,384,16564,464,-2108,-1235,-89,190,0.229843359375,9.91438907470703,0.277727392578125,30.330000000000002,-33938.931297709925,-2445.8015267175574,5221.374045801527
487703,0,0,0,4879506059,4861.308465,0.010005,380,16534,492,-2110,-1233,-87,182,0.22744915771484372,9.896432562255859,0.29448680419921874,30.324117647058824,-33883.96946564886,-2390.8396946564885,5001.526717557253
487704,0,0,0,4879516065,4861.318471,0.010006,372,16554,436,-2106,-1237,-81,185,0.22266075439453123,9.90840357055664,0.2609679809570312,30.335882352941177,-33993.89312977099,-2225.9541984732828,5083.9694656488555
487705,0,0,0,4879526070,4861.328476,0.010005,362,16530,504,-2113,-1230,-84,194,0.2166752502441406,9.894038360595703,0.3016694091796875,30.31529411764706,-33801.52671755725,-2308.3969465648856,5331.297709923664
487706,0,0,0,4879536075,4861.338481,0.010005,372,16518,454,-2113,-1238,-88,186,0.22266075439453123,9.886855755615233,0.27174188842773433,30.31529411764706,-34021.37404580153,-2418.320610687023,5111.4503816793895
487707,0,0,0,4879546080,4861.348486,0.010005,374,16548,424,-2109,-1237,-87,185,0.22385785522460935,9.904812268066406,0.2537853759765625,30.327058823529413,-33993.89312977099,-2390.8396946564885,5083.9694656488555
487708,0,0,0,4879556085,4861.358491,0.010005,356,16564,470,-2108,-1231,-82,179,0.21308394775390624,9.91438907470703,0.2813186950683594,30.330000000000002,-33829.00763358779,-2253.4351145038167,4919.083969465649
487709,0,0,0,4879566090,4861.368496,0.010005,388,16570,482,-2112,-1228,-76,186,0.23223756103515625,9.917980377197265,0.2885013000488281,30.31823529411765,-33746.564885496184,-2088.549618320611,5111.4503816793895
487710,0,0,0,4879576096,4861.378502,0.010006,328,16586,526,-2114,-1231,-86,196,0.19632453613281248,9.92755718383789,0.31483751831054685,30.31235294117647,-33829.00763358779,-2363.3587786259545,5386.259541984733
487711,0,0,0,4879586101,4861.388507,0.010005,362,16586,422,-2103,-1236,-85,185,0.2166752502441406,9.92755718383789,0.25258827514648435,30.34470588235294,-33966.41221374046,-2335.87786259542,5083.9694656488555
487712,0,0,0,4879596106,4861.398512,0.010005,432,16522,504,-2107,-1233,-91,187,0.258573779296875,9.889249957275391,0.3016694091796875,30.33294117647059,-33883.96946564886,-2500.7633587786263,5138.931297709924
487713,0,0,0,4879606111,4861.408517,0.010005,366,16516,456,-2105,-1240,-84,187,0.21906945190429686,9.885658654785155,0.27293898925781246,30.338823529411766,-34076.3358778626,-2308.3969465648856,5138.931297709924
487714,0,0,0,4879616116,4861.418522,0.010005,362,16546,458,-2108,-1230,-86,182,0.2166752502441406,9.903615167236328,0.2741360900878906,30.330000000000002,-33801.52671755725,-2363.3587786259545,5001.526717557253
487715,0,0,0,4879626121,4861.428527,0.010005,394,16536,514,-2112,-1233,-85,182,0.23582886352539062,9.897629663085937,0.3076549133300781,30.31823529411765,-33883.96946564886,-2335.87786259542,5001.526717557253
487716,0,0,0,4879636127,4861.438533,0.010006,380,16542,456,-2107,-1232,-84,180,0.22744915771484372,9.90122096557617,0.27293898925781246,30.33294117647059,-33856.48854961832,-2308.3969465648856,4946.564885496184
487717,0,0,0,4879646132,4861.448538,0.010005,388,16518,500,-2105,-1235,-78,175,0.23223756103515625,9.886855755615233,0.29927520751953124,30.338823529411766,-33938.931297709925,-2143.5114503816794,4809.160305343512
487718,0,0,0,4879656137,4861.458543,0.010005,348,16554,458,-2109,-1235,-87,186,0.20829554443359374,9.90840357055664,0.2741360900878906,30.327058823529413,-33938.931297709925,-2390.8396946564885,5111.4503816793895
487719,0,0,0,4879666142,4861.468548,0.010005,368,16518,468,-2108,-1234,-83,187,0.22026655273437498,9.886855755615233,0.28012159423828126,30.330000000000002,-33911.45038167939,-2280.916030534351,5138.931297709924
487720,0,0,0,4879676147,4861.478553,0.010005,352,16508,468,-2110,-1236,-81,190,0.21068974609375,9.880870251464843,0.28012159423828126,30.324117647058824,-33966.41221374046,-2225.9541984732828,5221.374045801527
487721,0,0,0,4879686153,4861.488559,0.010006,348,16564,476,-2112,-1230,-87,186,0.20829554443359374,9.91438907470703,0.28490999755859375,30.31823529411765,-33801.52671755725,-2390.8396946564885,5111.4503816793895
487722,0,0,0,4879696158,4861.498564,0.010005,358,16524,440,-2109,-1231,-87,184,0.21428104858398436,9.890447058105469,0.26336218261718747,30.327058823529413,-33829.00763358779,-2390.8396946564885,5056.488549618321
487723,0,0,0,4879706163,4861.508569,0.010005,422,16498,472,-2114,-1235,-81,196,0.25258827514648435,9.874884747314452,0.2825157958984375,30.31235294117647,-33938.931297709925,-2225.9541984732828,5386.259541984733
487724,0,0,0,4879716168,4861.518574,0.010005,326,16542,476,-2111,-1236,-80,183,0.19512743530273435,9.90122096557617,0.28490999755859375,30.321176470588235,-33966.41221374046,-2198.4732824427483,5029.007633587787
487725,0,0,0,4879726173,4861.528579,0.010005,374,16558,496,-2105,-1238,-79,186,0.22385785522460935,9.910797772216796,0.296881005859375,30.338823529411766,-34021.37404580153,-2170.992366412214,5111.4503816793895
487726,0,0,0,4879736178,4861.538584,0.010005,416,16580,506,-2109,-1240,-84,188,0.24899697265624998,9.923965881347655,0.3028665100097656,30.327058823529413,-34076.3358778626,-2308.3969465648856,5166.412213740458
487727,0,0,0,4879746184,4861.54859,0.010006,386,16534,462,-2112,-1237,-81,190,0.23104046020507812,9.896432562255859,0.2765302917480469,30.31823529411765,-33993.89312977099,-2225.9541984732828,5221.374045801527
487728,0,0,0,4879756189,4861.558595,0.010005,348,16546,452,-2111,-1230,-82,193,0.20829554443359374,9.903615167236328,0.2705447875976562,30.321176470588235,-33801.52671755725,-2253.4351145038167,5303.81679389313
487729,0,0,0,4879766194,4861.5686,0.010005,344,16552,446,-2102,-1230,-80,186,0.2059013427734375,9.907206469726562,0.26695348510742184,30.34764705882353,-33801.52671755725,-2198.4732824427483,5111.4503816793895
487730,0,0,0,4879776199,4861.578605,0.010005,394,16568,530,-2109,-1229,-85,190,0.23582886352539062,9.916783276367187,0.3172317199707031,30.327058823529413,-33774.04580152672,-2335.87786259542,5221.374045801527
487731,0,0,0,4879786204,4861.58861,0.010005,326,16538,434,-2113,-1232,-88,189,0.19512743530273435,9.898826763916015,0.2597708801269531,30.31529411764706,-33856.48854961832,-2418.320610687023,5193.893129770992
487732,0,0,0,4879796209,4861.598615,0.010005,394,16528,498,-2112,-1228,-87,183,0.23582886352539062,9.892841259765625,0.2980781066894531,30.31823529411765,-33746.564885496184,-2390.8396946564885,5029.007633587787
487733,0,0,0,4879806215,4861.608621,0.010006,388,16540,454,-2115,-1228,-84,178,0.23223756103515625,9.900023864746093,0.27174188842773433,30.309411764705885,-33746.564885496184,-2308.3969465648856,4891.603053435115
487734,0,0,0,4879816220,4861.618626,0.010005,380,16558,474,-2111,-1232,-78,187,0.22744915771484372,9.910797772216796,0.28371289672851563,30.321176470588235,-33856.48854961832,-2143.5114503816794,5138.931297709924
487735,0,0,0,4879826225,4861.628631,0.010005,368,16546,474,-2104,-1233,-81,182,0.22026655273437498,9.903615167236328,0.28371289672851563,30.341764705882355,-33883.96946564886,-2225.9541984732828,5001.526717557253
487736,0,0,0,4879836230,4861.638636,0.010005,398,16534,474,-2109,-1234,-92,179,0.23822306518554687,9.896432562255859,0.28371289672851563,30.327058823529413,-33911.45038167939,-2528.2442748091603,4919.083969465649
487737,0,0,0,4879846235,4861.648641,0.010005,362,16528,518,-2114,-1232,-88,177,0.2166752502441406,9.892841259765625,0.31004911499023435,30.31235294117647,-33856.48854961832,-2418.320610687023,4864.122137404581
487738,0,0,0,4879856240,4861.658646,0.010005,362,16574,488,-2110,-1221,-89,187,0.2166752502441406,9.920374578857421,0.2920926025390625,30.324117647058824,-33554.19847328244,-2445.8015267175574,5138.931297709924
487739,0,0,0,4879866246,4861.668652,0.010006,360,16554,446,-2109,-1233,-82,191,0.2154781494140625,9.90840357055664,0.26695348510742184,30.327058823529413,-33883.96946564886,-2253.4351145038167,5248.854961832061
487740,0,0,0,4879876251,4861.678657,0.010005,378,16552,426,-2107,-1236,-83,185,0.2262520568847656,9.907206469726562,0.2549824768066406,30.33294117647059,-33966.41221374046,-2280.916030534351,5083.9694656488555
487741,0,0,0,4879886256,4861.688662,0.010005,366,16516,538,-2110,-1230,-84,185,0.21906945190429686,9.885658654785155,0.3220201232910156,30.324117647058824,-33801.52671755725,-2308.3969465648856,5083.9694656488555
487742,0,0,0,4879896261,4861.698667,0.010005,378,16564,500,-2108,-1233,-89,192,0.2262520568847656,9.91438907470703,0.29927520751953124,30.330000000000002,-33883.96946564886,-2445.8015267175574,5276.335877862595
487743,0,0,0,4879906266,4861.708672,0.010005,368,16506,510,-2103,-1232,-87,185,0.22026655273437498,9.879673150634765,0.30526071166992186,30.34470588235294,-33856.48854961832,-2390.8396946564885,5083.9694656488555
487744,0,0,0,4879916272,4861.718678,0.010006,374,16524,480,-2114,-1230,-86,193,0.22385785522460935,9.890447058105469,0.28730419921875,30.31235294117647,-33801.52671755725,-2363.3587786259545,5303.81679389313
487745,0,0,0,4879926277,4861.728683,0.010005,398,16544,532,-2105,-1232,-80,193,0.23822306518554687,9.90241806640625,0.3184288208007812,30.338823529411766,-33856.48854961832,-2198.4732824427483,5303.81679389313
487746,0,0,0,4879936282,4861.738688,0.010005,360,16568,464,-2106,-1230,-89,185,0.2154781494140625,9.916783276367187,0.277727392578125,30.335882352941177,-33801.52671755725,-2445.8015267175574,5083.9694656488555
487747,0,0,0,4879946287,4861.748693,0.010005,368,16516,498,-2104,-1232,-88,183,0.22026655273437498,9.885658654785155,0.2980781066894531,30.341764705882355,-33856.48854961832,-2418.320610687023,5029.007633587787
487748,0,0,0,4879956292,4861.758698,0.010005,394,16544,484,-2108,-1233,-83,185,0.23582886352539062,9.90241806640625,0.28969840087890625,30.330000000000002,-33883.96946564886,-2280.916030534351,5083.9694656488555
487749,0,0,0,4879966297,4861.768703,0.010005,412,16574,528,-2110,-1233,-86,178,0.24660277099609373,9.920374578857421,0.316034619140625,30.324117647058824,-33883.96946564886,-2363.3587786259545,4891.603053435115
487750,0,0,0,4879976303,4861.778709,0.010006,346,16560,476,-2109,-1228,-84,191,0.20709844360351562,9.911994873046874,0.28490999755859375,30.327058823529413,-33746.564885496184,-2308.3969465648856,5248.854961832061
487751,0,0,0,4879986308,4861.788714,0.010005,350,16536,466,-2108,-1229,-87,183,0.20949264526367187,9.897629663085937,0.27892449340820313,30.330000000000002,-33774.04580152672,-2390.8396946564885,5029.007633587787
487752,0,0,0,4879996313,4861.798719,0.010005,326,16556,466,-2108,-1227,-85,184,0.19512743530273435,9.909600671386718,0.27892449340820313,30.330000000000002,-33719.08396946565,-2335.87786259542,5056.488549618321
487753,0,0,0,4880006318,4861.808724,0.010005,388,16568,464,-2108,-1229,-86,196,0.23223756103515625,9.916783276367187,0.277727392578125,30.330000000000002,-33774.04580152672,-2363.3587786259545,5386.259541984733
487754,0,0,0,4880016323,4861.818729,0.010005,382,16536,448,-2109,-1229,-84,185,0.22864625854492185,9.897629663085937,0.26815058593749996,30.327058823529413,-33774.04580152672,-2308.3969465648856,5083.9694656488555
487755,0,0,0,4880026328,4861.828734,0.010005,362,16526,472,-2107,-1232,-84,182,0.2166752502441406,9.891644158935547,0.2825157958984375,30.33294117647059,-33856.48854961832,-2308.3969465648856,5001.526717557253
487756,0,0,0,4880036334,4861.83874,0.010006,390,16530,446,-2111,-1234,-82,181,0.23343466186523437,9.894038360595703,0.26695348510742184,30.321176470588235,-33911.45038167939,-2253.4351145038167,4974.045801526718
487757,0,0,0,4880046339,4861.848745,0.010005,388,16602,450,-2108,-1229,-76,181,0.23223756103515625,9.937133990478515,0.2693476867675781,30.330000000000002,-33774.04580152672,-2088.549618320611,4974.045801526718
487758,0,0,0,4880056344,4861.85875,0.010005,388,16528,456,-2108,-1230,-77,191,0.23223756103515625,9.892841259765625,0.27293898925781246,30.330000000000002,-33801.52671755725,-2116.030534351145,5248.854961832061
487759,0,0,0,4880066349,4861.868755,0.010005,342,16530,486,-2109,-1233,-79,194,0.20470424194335937,9.894038360595703,0.29089550170898437,30.327058823529413,-33883.96946564886,-2170.992366412214,5331.297709923664
487760,0,0,0,4880076354,4861.87876,0.010005,354,16534,468,-2109,-1228,-81,196,0.21188684692382811,9.896432562255859,0.28012159423828126,30.327058823529413,-33746.564885496184,-2225.9541984732828,5386.259541984733
487761,0,0,0,4880086359,4861.888765,0.010005,390,16534,428,-2108,-1225,-83,189,0.23343466186523437,9.896432562255859,0.2561795776367187,30.330000000000002,-33664.122137404585,-2280.916030534351,5193.893129770992
487762,0,0,0,4880096365,4861.898771,0.010006,360,16510,470,-2108,-1228,-88,181,0.2154781494140625,9.882067352294921,0.2813186950683594,30.330000000000002,-33746.564885496184,-2418.320610687023,4974.045801526718
487763,0,0,0,4880106370,4861.908776,0.010005,382,16546,508,-2111,-1225,-83,188,0.22864625854492185,9.903615167236328,0.30406361083984373,30.321176470588235,-33664.122137404585,-2280.916030534351,5166.412213740458
487764,0,0,0,4880116375,4861.918781,0.010005,378,16560,402,-2114,-1229,-77,185,0.2262520568847656,9.911994873046874,0.24061726684570311,30.31235294117647,-33774.04580152672,-2116.030534351145,5083.9694656488555
487765,0,0,0,4880126380,4861.928786,0.010005,320,16536,476,-2108,-1233,-80,185,0.19153613281249998,9.897629663085937,0.28490999755859375,30.330000000000002,-33883.96946564886,-2198.4732824427483,5083.9694656488555
487766,0,0,0,4880136385,4861.938791,0.010005,366,16564,490,-2110,-1229,-81,180,0.21906945190429686,9.91438907470703,0.2932897033691406,30.324117647058824,-33774.04580152672,-2225.9541984732828,4946.564885496184
487767,0,0,0,4880146390,4861.948796,0.010005,368,16552,454,-2108,-1234,-85,189,0.22026655273437498,9.907206469726562,0.27174188842773433,30.330000000000002,-33911.45038167939,-2335.87786259542,5193.893129770992
487768,0,0,0,4880156396,4861.958802,0.010006,374,16522,452,-2105,-1243,-89,181,0.22385785522460935,9.889249957275391,0.2705447875976562,30.338823529411766,-34158.7786259542,-2445.8015267175574,4974.045801526718
487769,0,0,0,4880166401,4861.968807,0.010005,370,16546,530,-2103,-1236,-85,182,0.2214636535644531,9.903615167236328,0.3172317199707031,30.34470588235294,-33966.41221374046,-2335.87786259542,5001.526717557253
487770,0,0,0,4880176406,4861.978812,0.010005,374,16550,464,-2106,-1235,-84,182,0.22385785522460935,9.906009368896484,0.277727392578125,30.335882352941177,-33938.931297709925,-2308.3969465648856,5001.526717557253
487771,0,0,0,4880186411,4861.988817,0.010005,354,16520,476,-2110,-1231,-87,189,0.21188684692382811,9.888052856445311,0.28490999755859375,30.324117647058824,-33829.00763358779,-2390.8396946564885,5193.893129770992
487772,0,0,0,4880196416,4861.998822,0.010005,348,16608,506,-2111,-1229,-90,193,0.20829554443359374,9.94072529296875,0.3028665100097656,30.321176470588235,-33774.04580152672,-2473.282442748092,5303.81679389313
487773,0,0,0,4880206422,4862.008828,0.010006,390,16566,458,-2109,-1232,-86,182,0.23343466186523437,9.91558617553711,0.2741360900878906,30.327058823529413,-33856.48854961832,-2363.3587786259545,5001.526717557253
487774,0,0,0,4880216427,4862.018833,0.010005,380,16540,424,-2106,-1228,-86,176,0.22744915771484372,9.900023864746093,0.2537853759765625,30.335882352941177,-33746.564885496184,-2363.3587786259545,4836.641221374046
487775,0,0,0,4880226432,4862.028838,0.010005,362,16520,432,-2107,-1229,-87,182,0.2166752502441406,9.888052856445311,0.258573779296875,30.33294117647059,-33774.04580152672,-2390.8396946564885,5001.526717557253
487776,0,0,0,4880236437,4862.038843,0.010005,372,16548,456,-2106,-1229,-88,177,0.22266075439453123,9.904812268066406,0.27293898925781246,30.335882352941177,-33774.04580152672,-2418.320610687023,4864.122137404581
487777,0,0,0,4880246442,4862.048848,0.010005,346,16556,580,-2109,-1232,-85,181,0.20709844360351562,9.909600671386718,0.34715924072265625,30.327058823529413,-33856.48854961832,-2335.87786259542,4974.045801526718
487778,0,0,0,4880256447,4862.058853,0.010005,326,16578,522,-2107,-1235,-82,179,0.19512743530273435,9.922768780517577,0.3124433166503906,30.33294117647059,-33938.931297709925,-2253.4351145038167,4919.083969465649
487779,0,0,0,4880266453,4862.068859,0.010006,364,16538,466,-2112,-1232,-84,178,0.21787235107421873,9.898826763916015,0.27892449340820313,30.31823529411765,-33856.48854961832,-2308.3969465648856,4891.603053435115
487780,0,0,0,4880276458,4862.078864,0.010005,372,16540,480,-2115,-1228,-82,182,0.22266075439453123,9.900023864746093,0.28730419921875,30.309411764705885,-33746.564885496184,-2253.4351145038167,5001.526717557253
487781,0,0,0,4880286463,4862.088869,0.010005,340,16536,498,-2107,-1235,-79,188,0.20350714111328125,9.897629663085937,0.2980781066894531,30.33294117647059,-33938.931297709925,-2170.992366412214,5166.412213740458
487782,0,0,0,4880296468,4862.098874,0.010005,380,16584,468,-2112,-1233,-86,192,0.22744915771484372,9.926360083007811,0.28012159423828126,30.31823529411765,-33883.96946564886,-2363.3587786259545,5276.335877862595
487783,0,0,0,4880306473,4862.108879,0.010005,398,16530,506,-2106,-1235,-87,189,0.23822306518554687,9.894038360595703,0.3028665100097656,30.335882352941177,-33938.931297709925,-2390.8396946564885,5193.893129770992
487784,0,0,0,4880316478,4862.118884,0.010005,338,16530,486,-2104,-1233,-85,186,0.20231004028320312,9.894038360595703,0.29089550170898437,30.341764705882355,-33883.96946564886,-2335.87786259542,5111.4503816793895
487785,0,0,0,4880326484,4862.12889,0.010006,332,16534,546,-2106,-1231,-90,192,0.19871873779296872,9.896432562255859,0.3268085266113281,30.335882352941177,-33829.00763358779,-2473.282442748092,5276.335877862595
487786,0,0,0,4880336489,4862.138895,0.010005,320,16530,462,-2106,-1237,-78,191,0.19153613281249998,9.894038360595703,0.2765302917480469,30.335882352941177,-33993.89312977099,-2143.5114503816794,5248.854961832061
487787,0,0,0,4880346494,4862.1489,0.010005,368,16542,488,-2102,-1234,-76,189,0.22026655273437498,9.90122096557617,0.2920926025390625,30.34764705882353,-33911.45038167939,-2088.549618320611,5193.893129770992
487788,0,0,0,4880356499,4862.158905,0.010005,346,16540,528,-2109,-1228,-90,185,0.20709844360351562,9.900023864746093,0.316034619140625,30.327058823529413,-33746.564885496184,-2473.282442748092,5083.9694656488555
487789,0,0,0,4880366504,4862.16891,0.010005,406,16524,444,-2109,-1228,-88,187,0.24301146850585936,9.890447058105469,0.2657563842773437,30.327058823529413,-33746.564885496184,-2418.320610687023,5138.931297709924
487790,0,0,0,4880376509,4862.178915,0.010005,358,16550,416,-2112,-1229,-76,186,0.21428104858398436,9.906009368896484,0.24899697265624998,30.31823529411765,-33774.04580152672,-2088.549618320611,5111.4503816793895
487791,0,0,0,4880386515,4862.188921,0.010006,388,16542,434,-2106,-1237,-83,179,0.23223756103515625,9.90122096557617,0.2597708801269531,30.335882352941177,-33993.89312977099,-2280.916030534351,4919.083969465649
487792,0,0,0,4880396520,4862.198926,0.010005,366,16560,488,-2105,-1229,-81,183,0.21906945190429686,9.911994873046874,0.2920926025390625,30.338823529411766,-33774.04580152672,-2225.9541984732828,5029.007633587787
487793,0,0,0,4880406525,4862.208931,0.010005,374,16568,486,-2105,-1233,-83,184,0.22385785522460935,9.916783276367187,0.29089550170898437,30.338823529411766,-33883.96946564886,-2280.916030534351,5056.488549618321
487794,0,0,0,4880416530,4862.218936,0.010005,364,16546,478,-2113,-1230,-83,189,0.21787235107421873,9.903615167236328,0.2861070983886719,30.31529411764706,-33801.52671755725,-2280.916030534351,5193.893129770992
487795,0,0,0,4880426535,4862.228941,0.010005,364,16532,494,-2106,-1233,-81,185,0.21787235107421873,9.89523546142578,0.29568390502929687,30.335882352941177,-33883.96946564886,-2225.9541984732828,5083.9694656488555
487796,0,0,0,4880436541,4862.238947,0.010006,344,16548,456,-2115,-1233,-83,185,0.2059013427734375,9.904812268066406,0.27293898925781246,30.309411764705885,-33883.96946564886,-2280.916030534351,5083.9694656488555
487797,0,0,0,4880446546,4862.248952,0.010005,360,16548,446,-2108,-1230,-87,185,0.2154781494140625,9.904812268066406,0.26695348510742184,30.330000000000002,-33801.52671755725,-2390.8396946564885,5083.9694656488555
487798,0,0,0,4880456551,4862.258957,0.010005,362,16560,520,-2109,-1235,-83,182,0.2166752502441406,9.911994873046874,0.3112462158203125,30.327058823529413,-33938.931297709925,-2280.916030534351,5001.526717557253
487799,0,0,0,4880466556,4862.268962,0.010005,360,16550,446,-2110,-1233,-88,182,0.2154781494140625,9.906009368896484,0.26695348510742184,30.324117647058824,-33883.96946564886,-2418.320610687023,5001.526717557253
487800,0,0,0,4880476561,4862.278967,0.010005,346,16494,434,-2113,-1232,-86,179,0.20709844360351562,9.872490545654296,0.2597708801269531,30.31529411764706,-33856.48854961832,-2363.3587786259545,4919.083969465649
487801,0,0,0,4880486566,4862.288972,0.010005,356,16536,470,-2104,-1235,-82,185,0.21308394775390624,9.897629663085937,0.2813186950683594,30.341764705882355,-33938.931297709925,-2253.4351145038167,5083.9694656488555
487802,0,0,0,4880496572,4862.298978,0.010006,348,16554,408,-2109,-1227,-89,183,0.20829554443359374,9.90840357055664,0.2442085693359375,30.327058823529413,-33719.08396946565,-2445.8015267175574,5029.007633587787
487803,0,0,0,4880506577,4862.308983,0.010005,348,16576,472,-2104,-1228,-83,194,0.20829554443359374,9.9215716796875,0.2825157958984375,30.341764705882355,-33746.564885496184,-2280.916030534351,5331.297709923664
487804,0,0,0,4880516582,4862.318988,0.010005,362,16528,462,-2107,-1231,-81,195,0.2166752502441406,9.892841259765625,0.2765302917480469,30.33294117647059,-33829.00763358779,-2225.9541984732828,5358.778625954199
487805,0,0,0,4880526587,4862.328993,0.010005,352,16480,472,-2107,-1229,-88,195,0.21068974609375,9.86411083984375,0.2825157958984375,30.33294117647059,-33774.04580152672,-2418.320610687023,5358.778625954199
487806,0,0,0,4880536592,4862.338998,0.010005,358,16508,476,-2111,-1232,-81,190,0.21428104858398436,9.880870251464843,0.28490999755859375,30.321176470588235,-33856.48854961832,-2225.9541984732828,5221.374045801527
487807,0,0,0,4880546597,4862.349003,0.010005,358,16536,494,-2107,-1233,-82,188,0.21428104858398436,9.897629663085937,0.29568390502929687,30.33294117647059,-33883.96946564886,-2253.4351145038167,5166.412213740458
487808,0,0,0,4880556603,4862.359009,0.010006,360,16528,458,-2112,-1232,-89,181,0.2154781494140625,9.892841259765625,0.2741360900878906,30.31823529411765,-33856.48854961832,-2445.8015267175574,4974.045801526718
487809,0,0,0,4880566608,4862.369014,0.010005,394,16528,466,-2104,-1235,-84,187,0.23582886352539062,9.892841259765625,0.27892449340820313,30.341764705882355,-33938.931297709925,-2308.3969465648856,5138.931297709924
487810,0,0,0,4880576613,4862.379019,0.010005,336,16564,450,-2105,-1231,-82,189,0.201112939453125,9.91438907470703,0.2693476867675781,30.338823529411766,-33829.00763358779,-2253.4351145038167,5193.893129770992
487811,0,0,0,4880586618,4862.389024,0.010005,334,16522,386,-2106,-1231,-82,196,0.19991583862304688,9.889249957275391,0.23104046020507812,30.335882352941177,-33829.00763358779,-2253.4351145038167,5386.259541984733
487812,0,0,0,4880596623,4862.399029,0.010005,368,16544,532,-2107,-1232,-84,180,0.22026655273437498,9.90241806640625,0.3184288208007812,30.33294117647059,-33856.48854961832,-2308.3969465648856,4946.564885496184
487813,0,0,0,4880606628,4862.409034,0.010005,378,16546,510,-2110,-1224,-82,183,0.2262520568847656,9.903615167236328,0.30526071166992186,30.324117647058824,-33636.64122137405,-2253.4351145038167,5029.007633587787
487814,0,0,0,4880616634,4862.41904,0.010006,360,16576,460,-2111,-1230,-86,184,0.2154781494140625,9.9215716796875,0.2753331909179687,30.321176470588235,-33801.52671755725,-2363.3587786259545,5056.488549618321
487815,0,0,0,4880626639,4862.429045,0.010005,344,16564,426,-2108,-1227,-81,190,0.2059013427734375,9.91438907470703,0.2549824768066406,30.330000000000002,-33719.08396946565,-2225.9541984732828,5221.374045801527
487816,0,0,0,4880636644,4862.43905,0.010005,354,16558,484,-2105,-1233,-83,185,0.21188684692382811,9.910797772216796,0.28969840087890625,30.338823529411766,-33883.96946564886,-2280.916030534351,5083.9694656488555
487817,0,0,0,4880646649,4862.449055,0.010005,346,16574,462,-2102,-1235,-87,191,0.20709844360351562,9.920374578857421,0.2765302917480469,30.34764705882353,-33938.931297709925,-2390.8396946564885,5248.854961832061
487818,0,0,0,4880656654,4862.45906,0.010005,384,16550,488,-2108,-1225,-85,176,0.229843359375,9.906009368896484,0.2920926025390625,30.330000000000002,-33664.122137404585,-2335.87786259542,4836.641221374046
487819,0,0,0,4880666660,4862.469066,0.010006,364,16554,428,-2109,-1231,-82,187,0.21787235107421873,9.90840357055664,0.2561795776367187,30.327058823529413,-33829.00763358779,-2253.4351145038167,5138.931297709924
487820,0,0,0,4880676665,4862.479071,0.010005,372,16568,458,-2109,-1232,-83,193,0.22266075439453123,9.916783276367187,0.2741360900878906,30.327058823529413,-33856.48854961832,-2280.916030534351,5303.81679389313
487821,0,0,0,4880686670,4862.489076,0.010005,354,16564,488,-2109,-1229,-86,181,0.21188684692382811,9.91438907470703,0.2920926025390625,30.327058823529413,-33774.04580152672,-2363.3587786259545,4974.045801526718
487822,0,0,0,4880696675,4862.499081,0.010005,376,16528,500,-2112,-1232,-83,186,0.22505495605468748,9.892841259765625,0.29927520751953124,30.31823529411765,-33856.48854961832,-2280.916030534351,5111.4503816793895
487823,0,0,0,4880706680,4862.509086,0.010005,378,16568,468,-2117,-1230,-80,186,0.2262520568847656,9.916783276367187,0.28012159423828126,30.303529411764707,-33801.52671755725,-2198.4732824427483,5111.4503816793895
487824,0,0,0,4880716685,4862.519091,0.010005,406,16558,504,-2111,-1236,-79,185,0.24301146850585936,9.910797772216796,0.3016694091796875,30.321176470588235,-33966.41221374046,-2170.992366412214,5083.9694656488555
487825,0,0,0,4880726691,4862.529097,0.010006,342,16594,466,-2107,-1234,-78,185,0.20470424194335937,9.932345587158203,0.27892449340820313,30.33294117647059,-33911.45038167939,-2143.5114503816794,5083.9694656488555
487826,0,0,0,4880736696,4862.539102,0.010005,380,16562,502,-2107,-1234,-86,181,0.22744915771484372,9.913191973876952,0.30047230834960936,30.33294117647059,-33911.45038167939,-2363.3587786259545,4974.045801526718
487827,0,0,0,4880746701,4862.549107,0.010005,414,16572,454,-2120,-1233,-81,187,0.24779987182617186,9.919177478027343,0.27174188842773433,30.294705882352943,-33883.96946564886,-2225.9541984732828,5138.931297709924
487828,0,0,0,4880756706,4862.559112,0.010005,368,16554,560,-2110,-1228,-75,181,0.22026655273437498,9.90840357055664,0.33518823242187495,30.324117647058824,-33746.564885496184,-2061.0687022900765,4974.045801526718
487829,0,0,0,4880766711,4862.569117,0.010005,376,16514,494,-2109,-1231,-76,194,0.22505495605468748,9.884461553955077,0.29568390502929687,30.327058823529413,-33829.00763358779,-2088.549618320611,5331.297709923664
487830,0,0,0,4880776716,4862.579122,0.010005,340,16532,460,-2106,-1234,-79,190,0.20350714111328125,9.89523546142578,0.2753331909179687,30.335882352941177,-33911.45038167939,-2170.992366412214,5221.374045801527
487831,0,0,0,4880786722,4862.589128,0.010006,346,16596,460,-2110,-1226,-89,188,0.20709844360351562,9.93354268798828,0.2753331909179687,30.324117647058824,-33691.603053435116,-2445.8015267175574,5166.412213740458
487832,0,0,0,4880796727,4862.599133,0.010005,358,16534,502,-2111,-1231,-84,188,0.21428104858398436,9.896432562255859,0.30047230834960936,30.321176470588235,-33829.00763358779,-2308.3969465648856,5166.412213740458
487833,0,0,0,4880806732,4862.609138,0.010005,360,16542,510,-2113,-1228,-91,186,0.2154781494140625,9.90122096557617,0.30526071166992186,30.31529411764706,-33746.564885496184,-2500.7633587786263,5111.4503816793895
487834,0,0,0,4880816737,4862.619143,0.010005,348,16538,462,-2109,-1236,-81,187,0.20829554443359374,9.898826763916015,0.2765302917480469,30.327058823529413,-33966.41221374046,-2225.9541984732828,5138.931297709924
487835,0,0,0,4880826742,4862.629148,0.010005,360,16572,410,-2106,-1233,-83,188,0.2154781494140625,9.919177478027343,0.2454056701660156,30.335882352941177,-33883.96946564886,-2280.916030534351,5166.412213740458
487836,0,0,0,4880836747,4862.639153,0.010005,368,16522,486,-2114,-1233,-85,186,0.22026655273437498,9.889249957275391,0.29089550170898437,30.31235294117647,-33883.96946564886,-2335.87786259542,5111.4503816793895
487837,0,0,0,4880846753,4862.649159,0.010006,392,16540,420,-2108,-1231,-84,191,0.2346317626953125,9.900023864746093,0.25139117431640623,30.330000000000002,-33829.00763358779,-2308.3969465648856,5248.854961832061
487838,0,0,0,4880856758,4862.659164,0.010005,388,16540,482,-2107,-1237,-92,187,0.23223756103515625,9.900023864746093,0.2885013000488281,30.33294117647059,-33993.89312977099,-2528.2442748091603,5138.931297709924
487839,0,0,0,4880866763,4862.669169,0.010005,368,16512,492,-2105,-1240,-90,179,0.22026655273437498,9.883264453125,0.29448680419921874,30.338823529411766,-34076.3358778626,-2473.282442748092,4919.083969465649
487840,0,0,0,4880876768,4862.679174,0.010005,362,16530,408,-2112,-1239,-80,181,0.2166752502441406,9.894038360595703,0.2442085693359375,30.31823529411765,-34048.85496183206,-2198.4732824427483,4974.045801526718
487841,0,0,0,4880886773,4862.689179,0.010005,368,16550,478,-2102,-1231,-85,190,0.22026655273437498,9.906009368896484,0.2861070983886719,30.34764705882353,-33829.00763358779,-2335.87786259542,5221.374045801527
487842,0,0,0,4880896778,4862.699184,0.010005,406,16536,394,-2108,-1232,-86,191,0.24301146850585936,9.897629663085937,0.23582886352539062,30.330000000000002,-33856.48854961832,-2363.3587786259545,5248.854961832061
487843,0,0,0,4880906784,4862.70919,0.010006,384,16596,444,-2114,-1233,-81,189,0.229843359375,9.93354268798828,0.2657563842773437,30.31235294117647,-33883.96946564886,-2225.9541984732828,5193.893129770992
487844,0,0,0,4880916789,4862.719195,0.010005,356,16554,522,-2108,-1238,-84,190,0.21308394775390624,9.90840357055664,0.3124433166503906,30.330000000000002,-34021.37404580153,-2308.3969465648856,5221.374045801527
487845,0,0,0,4880926794,4862.7292,0.010005,378,16548,524,-2110,-1230,-84,181,0.2262520568847656,9.904812268066406,0.3136404174804687,30.324117647058824,-33801.52671755725,-2308.3969465648856,4974.045801526718
487846,0,0,0,4880936799,4862.739205,0.010005,398,16574,506,-2106,-1230,-80,183,0.23822306518554687,9.920374578857421,0.3028665100097656,30.335882352941177,-33801.52671755725,-2198.4732824427483,5029.007633587787
487847,0,0,0,4880946804,4862.74921,0.010005,340,16556,536,-2102,-1228,-83,179,0.20350714111328125,9.909600671386718,0.32082302246093747,30.34764705882353,-33746.564885496184,-2280.916030534351,4919.083969465649
487848,0,0,0,4880956810,4862.759216,0.010006,390,16530,464,-2107,-1229,-88,190,0.23343466186523437,9.894038360595703,0.277727392578125,30.33294117647059,-33774.04580152672,-2418.320610687023,5221.374045801527
487849,0,0,0,4880966815,4862.769221,0.010005,390,16504,492,-2110,-1233,-93,195,0.23343466186523437,9.878476049804688,0.29448680419921874,30.324117647058824,-33883.96946564886,-2555.7251908396947,5358.778625954199
487850,0,0,0,4880976820,4862.779226,0.010005,344,16494,454,-2114,-1233,-84,197,0.2059013427734375,9.872490545654296,0.27174188842773433,30.31235294117647,-33883.96946564886,-2308.3969465648856,5413.740458015267
487851,0,0,0,4880986825,4862.789231,0.010005,342,16538,400,-2117,-1228,-85,191,0.20470424194335937,9.898826763916015,0.239420166015625,30.303529411764707,-33746.564885496184,-2335.87786259542,5248.854961832061
487852,0,0,0,4880996830,4862.799236,0.010005,384,16554,432,-2118,-1227,-75,184,0.229843359375,9.90840357055664,0.258573779296875,30.300588235294118,-33719.08396946565,-2061.0687022900765,5056.488549618321
487853,0,0,0,4881006835,4862.809241,0.010005,382,16562,450,-2113,-1231,-85,186,0.22864625854492185,9.913191973876952,0.2693476867675781,30.31529411764706,-33829.00763358779,-2335.87786259542,5111.4503816793895
487854,0,0,0,4881016841,4862.819247,0.010006,360,16502,500,-2107,-1228,-91,188,0.2154781494140625,9.87727894897461,0.29927520751953124,30.33294117647059,-33746.564885496184,-2500.7633587786263,5166.412213740458
487855,0,0,0,4881026846,4862.829252,0.010005,370,16552,506,-2106,-1227,-87,183,0.2214636535644531,9.907206469726562,0.3028665100097656,30.335882352941177,-33719.08396946565,-2390.8396946564885,5029.007633587787
487856,0,0,0,4881036851,4862.839257,0.010005,354,16526,450,-2108,-1234,-86,181,0.21188684692382811,9.891644158935547,0.2693476867675781,30.330000000000002,-33911.45038167939,-2363.3587786259545,4974.045801526718
487857,0,0,0,4881046856,4862.849262,0.010005,398,16532,486,-2112,-1228,-90,181,0.23822306518554687,9.89523546142578,0.29089550170898437,30.31823529411765,-33746.564885496184,-2473.282442748092,4974.045801526718
487858,0,0,0,4881056861,4862.859267,0.010005,330,16536,524,-2109,-1230,-88,181,0.1975216369628906,9.897629663085937,0.3136404174804687,30.327058823529413,-33801.52671755725,-2418.320610687023,4974.045801526718
487859,0,0,0,4881066866,4862.869272,0.010005,356,16512,434,-2107,-1230,-83,186,0.21308394775390624,9.883264453125,0.2597708801269531,30.33294117647059,-33801.52671755725,-2280.916030534351,5111.4503816793895
487860,0,0,0,4881076872,4862.879278,0.010006,342,16516,458,-2114,-1230,-87,184,0.20470424194335937,9.885658654785155,0.2741360900878906,30.31235294117647,-33801.52671755725,-2390.8396946564885,5056.488549618321
487861,0,0,0,4881086877,4862.889283,0.010005,318,16542,416,-2111,-1232,-91,185,0.19033903198242186,9.90122096557617,0.24899697265624998,30.321176470588235,-33856.48854961832,-2500.7633587786263,5083.9694656488555
487862,0,0,0,4881096882,4862.899288,0.010005,386,16542,440,-2113,-1229,-87,194,0.23104046020507812,9.90122096557617,0.26336218261718747,30.31529411764706,-33774.04580152672,-2390.8396946564885,5331.297709923664
487863,0,0,0,4881106887,4862.909293,0.010005,378,16526,474,-2108,-1227,-82,186,0.2262520568847656,9.891644158935547,0.28371289672851563,30.330000000000002,-33719.08396946565,-2253.4351145038167,5111.4503816793895
487864,0,0,0,4881116892,4862.919298,0.010005,380,16524,476,-2106,-1228,-81,180,0.22744915771484372,9.890447058105469,0.28490999755859375,30.335882352941177,-33746.564885496184,-2225.9541984732828,4946.564885496184
487865,0,0,0,4881126898,4862.929304,0.010006,364,16512,534,-2111,-1227,-83,180,0.21787235107421873,9.883264453125,0.31962592163085934,30.321176470588235,-33719.08396946565,-2280.916030534351,4946.564885496184
487866,0,0,0,4881136903,4862.939309,0.010005,334,16572,432,-2113,-1230,-81,183,0.19991583862304688,9.919177478027343,0.258573779296875,30.31529411764706,-33801.52671755725,-2225.9541984732828,5029.007633587787
487867,0,0,0,4881146908,4862.949314,0.010005,360,16574,480,-2101,-1229,-83,178,0.2154781494140625,9.920374578857421,0.28730419921875,30.35058823529412,-33774.04580152672,-2280.916030534351,4891.603053435115
487868,0,0,0,4881156913,4862.959319,0.010005,356,16572,420,-2104,-1233,-83,192,0.21308394775390624,9.919177478027343,0.25139117431640623,30.341764705882355,-33883.96946564886,-2280.916030534351,5276.335877862595
487869,0,0,0,4881166918,4862.969324,0.010005,364,16542,532,-2114,-1233,-82,179,0.21787235107421873,9.90122096557617,0.3184288208007812,30.31235294117647,-33883.96946564886,-2253.4351145038167,4919.083969465649
487870,0,0,0,4881176923,4862.979329,0.010005,384,16602,470,-2106,-1234,-84,182,0.229843359375,9.937133990478515,0.2813186950683594,30.335882352941177,-33911.45038167939,-2308.3969465648856,5001.526717557253
487871,0,0,0,4881186929,4862.989335,0.010006,402,16560,456,-2105,-1232,-86,181,0.24061726684570311,9.911994873046874,0.27293898925781246,30.338823529411766,-33856.48854961832,-2363.3587786259545,4974.045801526718
487872,0,0,0,4881196934,4862.99934,0.010005,380,16536,458,-2110,-1229,-81,177,0.22744915771484372,9.897629663085937,0.2741360900878906,30.324117647058824,-33774.04580152672,-2225.9541984732828,4864.122137404581
487873,0,0,0,4881206939,4863.009345,0.010005,388,16592,502,-2114,-1230,-88,176,0.23223756103515625,9.931148486328125,0.30047230834960936,30.31235294117647,-33801.52671755725,-2418.320610687023,4836.641221374046
487874,0,0,0,4881216944,4863.01935,0.010005,410,16550,448,-2112,-1239,-88,188,0.2454056701660156,9.906009368896484,0.26815058593749996,30.31823529411765,-34048.85496183206,-2418.320610687023,5166.412213740458
487875,0,0,0,4881226949,4863.029355,0.010005,374,16562,458,-2106,-1236,-78,191,0.22385785522460935,9.913191973876952,0.2741360900878906,30.335882352941177,-33966.41221374046,-2143.5114503816794,5248.854961832061
487876,0,0,0,4881236954,4863.03936,0.010005,366,16566,480,-2105,-1232,-86,188,0.21906945190429686,9.91558617553711,0.28730419921875,30.338823529411766,-33856.48854961832,-2363.3587786259545,5166.412213740458
487877,0,0,0,4881246960,4863.049366,0.010006,356,16550,470,-2107,-1229,-84,183,0.21308394775390624,9.906009368896484,0.2813186950683594,30.33294117647059,-33774.04580152672,-2308.3969465648856,5029.007633587787
487878,0,0,0,4881256965,4863.059371,0.010005,336,16536,488,-2110,-1228,-86,189,0.201112939453125,9.897629663085937,0.2920926025390625,30.324117647058824,-33746.564885496184,-2363.3587786259545,5193.893129770992
487879,0,0,0,4881266970,4863.069376,0.010005,368,16568,514,-2106,-1227,-89,195,0.22026655273437498,9.916783276367187,0.3076549133300781,30.335882352941177,-33719.08396946565,-2445.8015267175574,5358.778625954199
487880,0,0,0,4881276975,4863.079381,0.010005,350,16552,514,-2111,-1234,-92,189,0.20949264526367187,9.907206469726562,0.3076549133300781,30.321176470588235,-33911.45038167939,-2528.2442748091603,5193.893129770992
487881,0,0,0,4881286980,4863.089386,0.010005,374,16538,490,-2110,-1227,-84,192,0.22385785522460935,9.898826763916015,0.2932897033691406,30.324117647058824,-33719.08396946565,-2308.3969465648856,5276.335877862595
487882,0,0,0,4881296986,4863.099392,0.010006,330,16538,484,-2110,-1231,-78,188,0.1975216369628906,9.898826763916015,0.28969840087890625,30.324117647058824,-33829.00763358779,-2143.5114503816794,5166.412213740458
487883,0,0,0,4881306991,4863.109397,0.010005,370,16554,464,-2114,-1231,-82,187,0.2214636535644531,9.90840357055664,0.277727392578125,30.31235294117647,-33829.00763358779,-2253.4351145038167,5138.931297709924
487884,0,0,0,4881316996,4863.119402,0.010005,352,16590,488,-2109,-1239,-88,186,0.21068974609375,9.929951385498047,0.2920926025390625,30.327058823529413,-34048.85496183206,-2418.320610687023,5111.4503816793895
487885,0,0,0,4881327001,4863.129407,0.010005,364,16550,514,-2112,-1236,-82,187,0.21787235107421873,9.906009368896484,0.3076549133300781,30.31823529411765,-33966.41221374046,-2253.4351145038167,5138.931297709924
487886,0,0,0,4881337006,4863.139412,0.010005,404,16572,498,-2109,-1234,-80,187,0.24181436767578124,9.919177478027343,0.2980781066894531,30.327058823529413,-33911.45038167939,-2198.4732824427483,5138.931297709924
487887,0,0,0,4881347011,4863.149417,0.010005,388,16564,506,-2109,-1236,-81,193,0.23223756103515625,9.91438907470703,0.3028665100097656,30.327058823529413,-33966.41221374046,-2225.9541984732828,5303.81679389313
487888,0,0,0,4881357017,4863.159423,0.010006,370,16552,512,-2113,-1231,-89,185,0.2214636535644531,9.907206469726562,0.3064578125,30.31529411764706,-33829.00763358779,-2445.8015267175574,5083.9694656488555
487889,0,0,0,4881367022,4863.169428,0.010005,350,16514,506,-2110,-1232,-83,186,0.20949264526367187,9.884461553955077,0.3028665100097656,30.324117647058824,-33856.48854961832,-2280.916030534351,5111.4503816793895
487890,0,0,0,4881377027,4863.179433,0.010005,398,16500,488,-2110,-1226,-79,187,0.23822306518554687,9.87608184814453,0.2920926025390625,30.324117647058824,-33691.603053435116,-2170.992366412214,5138.931297709924
487891,0,0,0,4881387032,4863.189438,0.010005,376,16534,514,-2103,-1230,-82,183,0.22505495605468748,9.896432562255859,0.3076549133300781,30.34470588235294,-33801.52671755725,-2253.4351145038167,5029.007633587787
487892,0,0,0,4881397037,4863.199443,0.010005,402,16514,436,-2106,-1231,-81,184,0.24061726684570311,9.884461553955077,0.2609679809570312,30.335882352941177,-33829.00763358779,-2225.9541984732828,5056.488549618321
487893,0,0,0,4881407042,4863.209448,0.010005,382,16572,518,-2114,-1228,-77,189,0.22864625854492185,9.919177478027343,0.31004911499023435,30.31235294117647,-33746.564885496184,-2116.030534351145,5193.893129770992
487894,0,0,0,4881417048,4863.219454,0.010006,366,16540,472,-2113,-1226,-80,185,0.21906945190429686,9.900023864746093,0.2825157958984375,30.31529411764706,-33691.603053435116,-2198.4732824427483,5083.9694656488555
487895,0,0,0,4881427053,4863.229459,0.010005,404,16538,490,-2108,-1229,-81,192,0.24181436767578124,9.898826763916015,0.2932897033691406,30.330000000000002,-33774.04580152672,-2225.9541984732828,5276.335877862595
487896,0,0,0,4881437058,4863.239464,0.010005,402,16550,478,-2105,-1234,-83,184,0.24061726684570311,9.906009368896484,0.2861070983886719,30.338823529411766,-33911.45038167939,-2280.916030534351,5056.488549618321
487897,0,0,0,4881447063,4863.249469,0.010005,360,16556,498,-2106,-1230,-83,184,0.2154781494140625,9.909600671386718,0.2980781066894531,30.335882352941177,-33801.52671755725,-2280.916030534351,5056.488549618321
487898,0,0,0,4881457068,4863.259474,0.010005,400,16508,492,-2110,-1230,-83,185,0.239420166015625,9.880870251464843,0.29448680419921874,30.324117647058824,-33801.52671755725,-2280.916030534351,5083.9694656488555
487899,0,0,0,4881467073,4863.269479,0.010005,396,16582,428,-2110,-1233,-83,186,0.23702596435546874,9.925162982177733,0.2561795776367187,30.324117647058824,-33883.96946564886,-2280.916030534351,5111.4503816793895
487900,0,0,0,4881477079,4863.279485,0.010006,404,16550,396,-2109,-1233,-86,191,0.24181436767578124,9.906009368896484,0.23702596435546874,30.327058823529413,-33883.96946564886,-2363.3587786259545,5248.854961832061
487901,0,0,0,4881487084,4863.28949,0.010005,304,16578,426,-2106,-1228,-86,182,0.181959326171875,9.922768780517577,0.2549824768066406,30.335882352941177,-33746.564885496184,-2363.3587786259545,5001.526717557253
487902,0,0,0,4881497089,4863.299495,0.010005,344,16536,486,-2102,-1233,-82,190,0.2059013427734375,9.897629663085937,0.29089550170898437,30.34764705882353,-33883.96946564886,-2253.4351145038167,5221.374045801527
487903,0,0,0,4881507094,4863.3095,0.010005,344,16522,536,-2107,-1237,-82,178,0.2059013427734375,9.889249957275391,0.32082302246093747,30.33294117647059,-33993.89312977099,-2253.4351145038167,4891.603053435115
487904,0,0,0,4881517099,4863.319505,0.010005,376,16536,516,-2110,-1236,-88,180,0.22505495605468748,9.897629663085937,0.30885201416015623,30.324117647058824,-33966.41221374046,-2418.320610687023,4946.564885496184
487905,0,0,0,4881527105,4863.329511,0.010006,322,16572,492,-2109,-1232,-94,181,0.1927332336425781,9.919177478027343,0.29448680419921874,30.327058823529413,-33856.48854961832,-2583.206106870229,4974.045801526718
487906,0,0,0,4881537110,4863.339516,0.010005,362,16554,482,-2107,-1230,-84,180,0.2166752502441406,9.90840357055664,0.2885013000488281,30.33294117647059,-33801.52671755725,-2308.3969465648856,4946.564885496184
487907,0,0,0,4881547115,4863.349521,0.010005,364,16548,440,-2111,-1231,-83,193,0.21787235107421873,9.904812268066406,0.26336218261718747,30.321176470588235,-33829.00763358779,-2280.916030534351,5303.81679389313
487908,0,0,0,4881557120,4863.359526,0.010005,352,16538,446,-2106,-1230,-80,188,0.21068974609375,9.898826763916015,0.26695348510742184,30.335882352941177,-33801.52671755725,-2198.4732824427483,5166.412213740458
487909,0,0,0,4881567125,4863.369531,0.010005,320,16524,474,-2107,-1229,-86,182,0.19153613281249998,9.890447058105469,0.28371289672851563,30.33294117647059,-33774.04580152672,-2363.3587786259545,5001.526717557253
487910,0,0,0,4881577130,4863.379536,0.010005,406,16524,480,-2109,-1231,-86,185,0.24301146850585936,9.890447058105469,0.28730419921875,30.327058823529413,-33829.00763358779,-2363.3587786259545,5083.9694656488555
487911,0,0,0,4881587136,4863.389542,0.010006,396,16546,488,-2108,-1230,-87,185,0.23702596435546874,9.903615167236328,0.2920926025390625,30.330000000000002,-33801.52671755725,-2390.8396946564885,5083.9694656488555
487912,0,0,0,4881597141,4863.399547,0.010005,388,16540,470,-2106,-1233,-81,189,0.23223756103515625,9.900023864746093,0.2813186950683594,30.335882352941177,-33883.96946564886,-2225.9541984732828,5193.893129770992
487913,0,0,0,4881607146,4863.409552,0.010005,380,16520,512,-2110,-1231,-88,184,0.22744915771484372,9.888052856445311,0.3064578125,30.324117647058824,-33829.00763358779,-2418.320610687023,5056.488549618321
487914,0,0,0,4881617151,4863.419557,0.010005,374,16524,514,-2105,-1235,-88,185,0.22385785522460935,9.890447058105469,0.3076549133300781,30.338823529411766,-33938.931297709925,-2418.320610687023,5083.9694656488555
487915,0,0,0,4881627156,4863.429562,0.010005,382,16510,472,-2105,-1237,-86,188,0.22864625854492185,9.882067352294921,0.2825157958984375,30.338823529411766,-33993.89312977099,-2363.3587786259545,5166.412213740458
487916,0,0,0,4881637161,4863.439567,0.010005,380,16540,520,-2106,-1231,-89,190,0.22744915771484372,9.900023864746093,0.3112462158203125,30.335882352941177,-33829.00763358779,-2445.8015267175574,5221.374045801527
487917,0,0,0,4881647167,4863.449573,0.010006,380,16558,512,-2109,-1234,-86,181,0.22744915771484372,9.910797772216796,0.3064578125,30.327058823529413,-33911.45038167939,-2363.3587786259545,4974.045801526718
487918,0,0,0,4881657172,4863.459578,0.010005,376,16562,424,-2104,-1237,-90,180,0.22505495605468748,9.913191973876952,0.2537853759765625,30.341764705882355,-33993.89312977099,-2473.282442748092,4946.564885496184
487919,0,0,0,4881667177,4863.469583,0.010005,336,16564,482,-2103,-1233,-87,193,0.201112939453125,9.91438907470703,0.2885013000488281,30.34470588235294,-33883.96946564886,-2390.8396946564885,5303.81679389313
487920,0,0,0,4881677182,4863.479588,0.010005,370,16520,484,-2103,-1226,-84,191,0.2214636535644531,9.888052856445311,0.28969840087890625,30.34470588235294,-33691.603053435116,-2308.3969465648856,5248.854961832061
487921,0,0,0,4881687187,4863.489593,0.010005,366,16540,494,-2110,-1231,-82,191,0.21906945190429686,9.900023864746093,0.29568390502929687,30.324117647058824,-33829.00763358779,-2253.4351145038167,5248.854961832061
487922,0,0,0,4881697193,4863.499599,0.010006,352,16552,496,-2111,-1233,-86,188,0.21068974609375,9.907206469726562,0.296881005859375,30.321176470588235,-33883.96946564886,-2363.3587786259545,5166.412213740458
487923,0,0,0,4881707198,4863.509604,0.010005,400,16546,498,-2102,-1238,-86,189,0.239420166015625,9.903615167236328,0.2980781066894531,30.34764705882353,-34021.37404580153,-2363.3587786259545,5193.893129770992
487924,0,0,0,4881717203,4863.519609,0.010005,416,16524,430,-2101,-1232,-82,181,0.24899697265624998,9.890447058105469,0.25737667846679685,30.35058823529412,-33856.48854961832,-2253.4351145038167,4974.045801526718
487925,0,0,0,4881727208,4863.529614,0.010005,356,16538,500,-2104,-1230,-83,187,0.21308394775390624,9.898826763916015,0.29927520751953124,30.341764705882355,-33801.52671755725,-2280.916030534351,5138.931297709924
487926,0,0,0,4881737213,4863.539619,0.010005,356,16516,504,-2107,-1231,-84,189,0.21308394775390624,9.885658654785155,0.3016694091796875,30.33294117647059,-33829.00763358779,-2308.3969465648856,5193.893129770992
487927,0,0,0,4881747218,4863.549624,0.010005,370,16542,552,-2110,-1234,-86,188,0.2214636535644531,9.90122096557617,0.33039982910156246,30.324117647058824,-33911.45038167939,-2363.3587786259545,5166.412213740458
487928,0,0,0,4881757224,4863.55963,0.010006,334,16516,480,-2108,-1231,-84,188,0.19991583862304688,9.885658654785155,0.28730419921875,30.330000000000002,-33829.00763358779,-2308.3969465648856,5166.412213740458
487929,0,0,0,4881767229,4863.569635,0.010005,426,16562,526,-2114,-1234,-88,182,0.2549824768066406,9.913191973876952,0.31483751831054685,30.31235294117647,-33911.45038167939,-2418.320610687023,5001.526717557253
487930,0,0,0,4881777234,4863.57964,0.010005,418,16504,546,-2109,-1231,-86,190,0.2501940734863281,9.878476049804688,0.3268085266113281,30.327058823529413,-33829.00763358779,-2363.3587786259545,5221.374045801527
487931,0,0,0,4881787239,4863.589645,0.010005,366,16574,470,-2108,-1232,-87,181,0.21906945190429686,9.920374578857421,0.2813186950683594,30.330000000000002,-33856.48854961832,-2390.8396946564885,4974.045801526718
487932,0,0,0,4881797244,4863.59965,0.010005,370,16506,510,-2108,-1230,-84,182,0.2214636535644531,9.879673150634765,0.30526071166992186,30.330000000000002,-33801.52671755725,-2308.3969465648856,5001.526717557253
487933,0,0,0,4881807249,4863.609655,0.010005,382,16540,468,-2108,-1233,-84,187,0.22864625854492185,9.900023864746093,0.28012159423828126,30.330000000000002,-33883.96946564886,-2308.3969465648856,5138.931297709924
487934,0,0,0,4881817255,4863.619661,0.010006,388,16574,402,-2114,-1233,-83,190,0.23223756103515625,9.920374578857421,0.24061726684570311,30.31235294117647,-33883.96946564886,-2280.916030534351,5221.374045801527
487935,0,0,0,4881827260,4863.629666,0.010005,318,16534,534,-2109,-1231,-88,186,0.19033903198242186,9.896432562255859,0.31962592163085934,30.327058823529413,-33829.00763358779,-2418.320610687023,5111.4503816793895
487936,0,0,0,4881837265,4863.639671,0.010005,384,16528,492,-2110,-1231,-85,181,0.229843359375,9.892841259765625,0.29448680419921874,30.324117647058824,-33829.00763358779,-2335.87786259542,4974.045801526718
487937,0,0,0,4881847270,4863.649676,0.010005,352,16512,500,-2117,-1228,-84,178,0.21068974609375,9.883264453125,0.29927520751953124,30.303529411764707,-33746.564885496184,-2308.3969465648856,4891.603053435115
487938,0,0,0,4881857275,4863.659681,0.010005,356,16564,510,-2117,-1236,-88,189,0.21308394775390624,9.91438907470703,0.30526071166992186,30.303529411764707,-33966.41221374046,-2418.320610687023,5193.893129770992
487939,0,0,0,4881867280,4863.669686,0.010005,386,16574,394,-2106,-1233,-83,191,0.23104046020507812,9.920374578857421,0.23582886352539062,30.335882352941177,-33883.96946564886,-2280.916030534351,5248.854961832061
487940,0,0,0,4881877286,4863.679692,0.010006,404,16532,480,-2108,-1226,-91,195,0.24181436767578124,9.89523546142578,0.28730419921875,30.330000000000002,-33691.603053435116,-2500.7633587786263,5358.778625954199
487941,0,0,0,4881887291,4863.689697,0.010005,358,16560,452,-2107,-1230,-80,199,0.21428104858398436,9.911994873046874,0.2705447875976562,30.33294117647059,-33801.52671755725,-2198.4732824427483,5468.702290076336
487942,0,0,0,4881897296,4863.699702,0.010005,396,16522,480,-2106,-1233,-83,184,0.23702596435546874,9.889249957275391,0.28730419921875,30.335882352941177,-33883.96946564886,-2280.916030534351,5056.488549618321
487943,0,0,0,4881907301,4863.709707,0.010005,334,16532,476,-2114,-1234,-85,193,0.19991583862304688,9.89523546142578,0.28490999755859375,30.31235294117647,-33911.45038167939,-2335.87786259542,5303.81679389313
487944,0,0,0,4881917306,4863.719712,0.010005,404,16564,458,-2111,-1227,-84,194,0.24181436767578124,9.91438907470703,0.2741360900878906,30.321176470588235,-33719.08396946565,-2308.3969465648856,5331.297709923664
487945,0,0,0,4881927312,4863.729718,0.010006,356,16554,470,-2110,-1231,-89,193,0.21308394775390624,9.90840357055664,0.2813186950683594,30.324117647058824,-33829.00763358779,-2445.8015267175574,5303.81679389313
487946,0,0,0,4881937317,4863.739723,0.010005,366,16546,488,-2111,-1227,-83,189,0.21906945190429686,9.903615167236328,0.2920926025390625,30.321176470588235,-33719.08396946565,-2280.916030534351,5193.893129770992
487947,0,0,0,4881947322,4863.749728,0.010005,372,16550,414,-2114,-1229,-80,191,0.22266075439453123,9.906009368896484,0.24779987182617186,30.31235294117647,-33774.04580152672,-2198.4732824427483,5248.854961832061
487948,0,0,0,4881957327,4863.759733,0.010005,390,16586,492,-2116,-1229,-83,186,0.23343466186523437,9.92755718383789,0.29448680419921874,30.306470588235296,-33774.04580152672,-2280.916030534351,5111.4503816793895
487949,0,0,0,4881967332,4863.769738,0.010005,356,16572,502,-2109,-1235,-86,188,0.21308394775390624,9.919177478027343,0.30047230834960936,30.327058823529413,-33938.931297709925,-2363.3587786259545,5166.412213740458
487950,0,0,0,4881977337,4863.779743,0.010005,344,16552,490,-2111,-1233,-81,182,0.2059013427734375,9.907206469726562,0.2932897033691406,30.321176470588235,-33883.96946564886,-2225.9541984732828,5001.526717557253
487951,0,0,0,4881987343,4863.789749,0.010006,372,16514,474,-2110,-1231,-80,188,0.22266075439453123,9.884461553955077,0.28371289672851563,30.324117647058824,-33829.00763358779,-2198.4732824427483,5166.412213740458
487952,0,0,0,4881997348,4863.799754,0.010005,374,16536,458,-2114,-1235,-80,188,0.22385785522460935,9.897629663085937,0.2741360900878906,30.31235294117647,-33938.931297709925,-2198.4732824427483,5166.412213740458
487953,0,0,0,4882007353,4863.809759,0.010005,334,16586,438,-2106,-1232,-83,183,0.19991583862304688,9.92755718383789,0.26216508178710934,30.335882352941177,-33856.48854961832,-2280.916030534351,5029.007633587787
487954,0,0,0,4882017358,4863.819764,0.010005,352,16556,460,-2106,-1228,-85,185,0.21068974609375,9.909600671386718,0.2753331909179687,30.335882352941177,-33746.564885496184,-2335.87786259542,5083.9694656488555
487955,0,0,0,4882027363,4863.829769,0.010005,390,16556,508,-2109,-1228,-83,184,0.23343466186523437,9.909600671386718,0.30406361083984373,30.327058823529413,-33746.564885496184,-2280.916030534351,5056.488549618321
487956,0,0,0,4882037368,4863.839774,0.010005,368,16546,524,-2106,-1235,-86,185,0.22026655273437498,9.903615167236328,0.3136404174804687,30.335882352941177,-33938.931297709925,-2363.3587786259545,5083.9694656488555
487957,0,0,0,4882047374,4863.84978,0.010006,350,16512,480,-2104,-1231,-85,184,0.20949264526367187,9.883264453125,0.28730419921875,30.341764705882355,-33829.00763358779,-2335.87786259542,5056.488549618321
487958,0,0,0,4882057379,4863.859785,0.010005,368,16540,578,-2110,-1230,-77,185,0.22026655273437498,9.900023864746093,0.3459621398925781,30.324117647058824,-33801.52671755725,-2116.030534351145,5083.9694656488555
487959,0,0,0,4882067384,4863.86979,0.010005,402,16534,504,-2109,-1224,-79,183,0.24061726684570311,9.896432562255859,0.3016694091796875,30.327058823529413,-33636.64122137405,-2170.992366412214,5029.007633587787
487960,0,0,0,4882077389,4863.879795,0.010005,384,16544,498,-2108,-1229,-86,179,0.229843359375,9.90241806640625,0.2980781066894531,30.330000000000002,-33774.04580152672,-2363.3587786259545,4919.083969465649
487961,0,0,0,4882087394,4863.8898,0.010005,402,16512,488,-2112,-1230,-87,181,0.24061726684570311,9.883264453125,0.2920926025390625,30.31823529411765,-33801.52671755725,-2390.8396946564885,4974.045801526718
487962,0,0,0,4882097400,4863.899806,0.010006,358,16538,516,-2111,-1226,-82,186,0.21428104858398436,9.898826763916015,0.30885201416015623,30.321176470588235,-33691.603053435116,-2253.4351145038167,5111.4503816793895
487963,0,0,0,4882107405,4863.909811,0.010005,402,16604,470,-2113,-1231,-84,187,0.24061726684570311,9.938331091308592,0.2813186950683594,30.31529411764706,-33829.00763358779,-2308.3969465648856,5138.931297709924
487964,0,0,0,4882117410,4863.919816,0.010005,384,16544,470,-2112,-1235,-87,193,0.229843359375,9.90241806640625,0.2813186950683594,30.31823529411765,-33938.931297709925,-2390.8396946564885,5303.81679389313
487965,0,0,0,4882127415,4863.929821,0.010005,398,16536,494,-2111,-1231,-79,194,0.23822306518554687,9.897629663085937,0.29568390502929687,30.321176470588235,-33829.00763358779,-2170.992366412214,5331.297709923664
487966,0,0,0,4882137420,4863.939826,0.010005,378,16562,468,-2111,-1233,-84,199,0.2262520568847656,9.913191973876952,0.28012159423828126,30.321176470588235,-33883.96946564886,-2308.3969465648856,5468.702290076336
487967,0,0,0,4882147425,4863.949831,0.010005,372,16536,496,-2107,-1236,-89,183,0.22266075439453123,9.897629663085937,0.296881005859375,30.33294117647059,-33966.41221374046,-2445.8015267175574,5029.007633587787
487968,0,0,0,4882157431,4863.959837,0.010006,326,16590,448,-2105,-1235,-88,178,0.19512743530273435,9.929951385498047,0.26815058593749996,30.338823529411766,-33938.931297709925,-2418.320610687023,4891.603053435115
487969,0,0,0,4882167436,4863.969842,0.010005,368,16556,466,-2109,-1231,-87,182,0.22026655273437498,9.909600671386718,0.27892449340820313,30.327058823529413,-33829.00763358779,-2390.8396946564885,5001.526717557253
487970,0,0,0,4882177441,4863.979847,0.010005,386,16562,454,-2108,-1227,-89,182,0.23104046020507812,9.913191973876952,0.27174188842773433,30.330000000000002,-33719.08396946565,-2445.8015267175574,5001.526717557253
487971,0,0,0,4882187446,4863.989852,0.010005,362,16552,428,-2109,-1229,-88,192,0.2166752502441406,9.907206469726562,0.2561795776367187,30.327058823529413,-33774.04580152672,-2418.320610687023,5276.335877862595
487972,0,0,0,4882197451,4863.999857,0.010005,400,16536,478,-2108,-1229,-83,192,0.239420166015625,9.897629663085937,0.2861070983886719,30.330000000000002,-33774.04580152672,-2280.916030534351,5276.335877862595
487973,0,0,0,4882207456,4864.009862,0.010005,418,16574,458,-2109,-1232,-79,187,0.2501940734863281,9.920374578857421,0.2741360900878906,30.327058823529413,-33856.48854961832,-2170.992366412214,5138.931297709924
487974,0,0,0,4882217462,4864.019868,0.010006,392,16588,550,-2107,-1231,-85,187,0.2346317626953125,9.928754284667969,0.32920272827148434,30.33294117647059,-33829.00763358779,-2335.87786259542,5138.931297709924
487975,0,0,0,4882227467,4864.029873,0.010005,382,16558,502,-2107,-1234,-86,179,0.22864625854492185,9.910797772216796,0.30047230834960936,30.33294117647059,-33911.45038167939,-2363.3587786259545,4919.083969465649
487976,0,0,0,4882237472,4864.039878,0.010005,384,16530,470,-2110,-1232,-86,178,0.229843359375,9.894038360595703,0.2813186950683594,30.324117647058824,-33856.48854961832,-2363.3587786259545,4891.603053435115
487977,0,0,0,4882247477,4864.049883,0.010005,374,16556,442,-2104,-1230,-87,185,0.22385785522460935,9.909600671386718,0.2645592834472656,30.341764705882355,-33801.52671755725,-2390.8396946564885,5083.9694656488555
487978,0,0,0,4882257482,4864.059888,0.010005,378,16542,470,-2105,-1229,-91,185,0.2262520568847656,9.90122096557617,0.2813186950683594,30.338823529411766,-33774.04580152672,-2500.7633587786263,5083.9694656488555
487979,0,0,0,4882267488,4864.069894,0.010006,350,16572,504,-2107,-1231,-82,175,0.20949264526367187,9.919177478027343,0.3016694091796875,30.33294117647059,-33829.00763358779,-2253.4351145038167,4809.160305343512
487980,0,0,0,4882277493,4864.079899,0.010005,356,16574,478,-2112,-1232,-83,175,0.21308394775390624,9.920374578857421,0.2861070983886719,30.31823529411765,-33856.48854961832,-2280.916030534351,4809.160305343512
487981,0,0,0,4882287498,4864.089904,0.010005,376,16566,456,-2113,-1229,-83,176,0.22505495605468748,9.91558617553711,0.27293898925781246,30.31529411764706,-33774.04580152672,-2280.916030534351,4836.641221374046
487982,0,0,0,4882297503,4864.099909,0.010005,370,16552,488,-2110,-1234,-85,185,0.2214636535644531,9.907206469726562,0.2920926025390625,30.324117647058824,-33911.45038167939,-2335.87786259542,5083.9694656488555
487983,0,0,0,4882307508,4864.109914,0.010005,382,16532,462,-2107,-1231,-79,190,0.22864625854492185,9.89523546142578,0.2765302917480469,30.33294117647059,-33829.00763358779,-2170.992366412214,5221.374045801527
487984,0,0,0,4882317513,4864.119919,0.010005,358,16518,492,-2109,-1225,-83,184,0.21428104858398436,9.886855755615233,0.29448680419921874,30.327058823529413,-33664.122137404585,-2280.916030534351,5056.488549618321
487985,0,0,0,4882327519,4864.129925,0.010006,342,16522,532,-2110,-1234,-85,193,0.20470424194335937,9.889249957275391,0.3184288208007812,30.324117647058824,-33911.45038167939,-2335.87786259542,5303.81679389313
487986,0,0,0,4882337524,4864.13993,0.010005,362,16540,484,-2109,-1231,-83,199,0.2166752502441406,9.900023864746093,0.28969840087890625,30.327058823529413,-33829.00763358779,-2280.916030534351,5468.702290076336
487987,0,0,0,4882347529,4864.149935,0.010005,400,16538,512,-2109,-1234,-83,191,0.239420166015625,9.898826763916015,0.3064578125,30.327058823529413,-33911.45038167939,-2280.916030534351,5248.854961832061
487988,0,0,0,4882357534,4864.15994,0.010005,386,16594,474,-2117,-1233,-84,191,0.23104046020507812,9.932345587158203,0.28371289672851563,30.303529411764707,-33883.96946564886,-2308.3969465648856,5248.854961832061
487989,0,0,0,4882367539,4864.169945,0.010005,344,16554,496,-2112,-1229,-82,186,0.2059013427734375,9.90840357055664,0.296881005859375,30.31823529411765,-33774.04580152672,-2253.4351145038167,5111.4503816793895
487990,0,0,0,4882377544,4864.17995,0.010005,372,16518,476,-2109,-1229,-85,193,0.22266075439453123,9.886855755615233,0.28490999755859375,30.327058823529413,-33774.04580152672,-2335.87786259542,5303.81679389313
487991,0,0,0,4882387550,4864.189956,0.010006,364,16562,498,-2107,-1223,-85,186,0.21787235107421873,9.913191973876952,0.2980781066894531,30.33294117647059,-33609.16030534351,-2335.87786259542,5111.4503816793895
487992,0,0,0,4882397555,4864.199961,0.010005,360,16518,558,-2109,-1220,-84,192,0.2154781494140625,9.886855755615233,0.33399113159179683,30.327058823529413,-33526.71755725191,-2308.3969465648856,5276.335877862595
487993,0,0,0,4882407560,4864.209966,0.010005,388,16538,448,-2106,-1227,-87,188,0.23223756103515625,9.898826763916015,0.26815058593749996,30.335882352941177,-33719.08396946565,-2390.8396946564885,5166.412213740458
487994,0,0,0,4882417565,4864.219971,0.010005,348,16542,526,-2113,-1229,-82,183,0.20829554443359374,9.90122096557617,0.31483751831054685,30.31529411764706,-33774.04580152672,-2253.4351145038167,5029.007633587787
487995,0,0,0,4882427570,4864.229976,0.010005,354,16512,520,-2107,-1231,-89,182,0.21188684692382811,9.883264453125,0.3112462158203125,30.33294117647059,-33829.00763358779,-2445.8015267175574,5001.526717557253
487996,0,0,0,4882437575,4864.239981,0.010005,366,16534,462,-2115,-1227,-87,188,0.21906945190429686,9.896432562255859,0.2765302917480469,30.309411764705885,-33719.08396946565,-2390.8396946564885,5166.412213740458
487997,0,0,0,4882447581,4864.249987,0.010006,394,16534,490,-2115,-1235,-85,183,0.23582886352539062,9.896432562255859,0.2932897033691406,30.309411764705885,-33938.931297709925,-2335.87786259542,5029.007633587787
487998,0,0,0,4882457586,4864.259992,0.010005,350,16538,500,-2109,-1234,-81,185,0.20949264526367187,9.898826763916015,0.29927520751953124,30.327058823529413,-33911.45038167939,-2225.9541984732828,5083.9694656488555
487999,0,0,0,4882467591,4864.269997,0.010005,380,16508,510,-2109,-1233,-83,186,0.22744915771484372,9.880870251464843,0.30526071166992186,30.327058823529413,-33883.96946564886,-2280.916030534351,5111.4503816793895
488000,0,0,0,4882477596,4864.280002,0.010005,384,16520,520,-2110,-1228,-84,184,0.229843359375,9.888052856445311,0.3112462158203125,30.324117647058824,-33746.564885496184,-2308.3969465648856,5056.488549618321
488001,0,0,0,4882487601,4864.290007,0.010005,358,16548,486,-2106,-1233,-85,179,0.21428104858398436,9.904812268066406,0.29089550170898437,30.335882352941177,-33883.96946564886,-2335.87786259542,4919.083969465649
488002,0,0,0,4882497607,4864.300013,0.010006,394,16516,514,-2104,-1231,-86,188,0.23582886352539062,9.885658654785155,0.3076549133300781,30.341764705882355,-33829.00763358779,-2363.3587786259545,5166.412213740458
488003,0,0,0,4882507612,4864.310018,0.010005,382,16528,474,-2107,-1229,-87,186,0.22864625854492185,9.892841259765625,0.28371289672851563,30.33294117647059,-33774.04580152672,-2390.8396946564885,5111.4503816793895
488004,0,0,0,4882517617,4864.320023,0.010005,398,16510,494,-2108,-1234,-84,183,0.23822306518554687,9.882067352294921,0.29568390502929687,30.330000000000002,-33911.45038167939,-2308.3969465648856,5029.007633587787
488005,0,0,0,4882527622,4864.330028,0.010005,352,16530,496,-2104,-1235,-78,189,0.21068974609375,9.894038360595703,0.296881005859375,30.341764705882355,-33938.931297709925,-2143.5114503816794,5193.893129770992
488006,0,0,0,4882537627,4864.340033,0.010005,354,16522,516,-2107,-1232,-80,191,0.21188684692382811,9.889249957275391,0.30885201416015623,30.33294117647059,-33856.48854961832,-2198.4732824427483,5248.854961832061
488007,0,0,0,4882547632,4864.350038,0.010005,400,16522,476,-2101,-1237,-82,191,0.239420166015625,9.889249957275391,0.28490999755859375,30.35058823529412,-33993.89312977099,-2253.4351145038167,5248.854961832061
488008,0,0,0,4882557638,4864.360044,0.010006,370,16590,558,-2108,-1230,-81,201,0.2214636535644531,9.929951385498047,0.33399113159179683,30.330000000000002,-33801.52671755725,-2225.9541984732828,5523.664122137405
488009,0,0,0,4882567643,4864.370049,0.010005,382,16534,470,-2109,-1236,-80,192,0.22864625854492185,9.896432562255859,0.2813186950683594,30.327058823529413,-33966.41221374046,-2198.4732824427483,5276.335877862595
488010,0,0,0,4882577648,4864.380054,0.010005,354,16550,424,-2114,-1230,-86,188,0.21188684692382811,9.906009368896484,0.2537853759765625,30.31235294117647,-33801.52671755725,-2363.3587786259545,5166.412213740458
488011,0,0,0,4882587653,4864.390059,0.010005,354,16586,444,-2109,-1227,-81,183,0.21188684692382811,9.92755718383789,0.2657563842773437,30.327058823529413,-33719.08396946565,-2225.9541984732828,5029.007633587787
488012,0,0,0,4882597658,4864.400064,0.010005,374,16526,528,-2105,-1234,-87,187,0.22385785522460935,9.891644158935547,0.316034619140625,30.338823529411766,-33911.45038167939,-2390.8396946564885,5138.931297709924
488013,0,0,0,4882607663,4864.410069,0.010005,406,16526,452,-2105,-1235,-87,183,0.24301146850585936,9.891644158935547,0.2705447875976562,30.338823529411766,-33938.931297709925,-2390.8396946564885,5029.007633587787
488014,0,0,0,4882617669,4864.420075,0.010006,416,16514,506,-2111,-1227,-91,183,0.24899697265624998,9.884461553955077,0.3028665100097656,30.321176470588235,-33719.08396946565,-2500.7633587786263,5029.007633587787
488015,0,0,0,4882627674,4864.43008,0.010005,352,16578,508,-2107,-1232,-85,188,0.21068974609375,9.922768780517577,0.30406361083984373,30.33294117647059,-33856.48854961832,-2335.87786259542,5166.412213740458
488016,0,0,0,4882637679,4864.440085,0.010005,354,16548,466,-2107,-1229,-86,190,0.21188684692382811,9.904812268066406,0.27892449340820313,30.33294117647059,-33774.04580152672,-2363.3587786259545,5221.374045801527
488017,0,0,0,4882647684,4864.45009,0.010005,308,16526,498,-2108,-1226,-87,186,0.18435352783203124,9.891644158935547,0.2980781066894531,30.330000000000002,-33691.603053435116,-2390.8396946564885,5111.4503816793895
488018,0,0,0,4882657689,4864.460095,0.010005,360,16568,420,-2106,-1231,-84,193,0.2154781494140625,9.916783276367187,0.25139117431640623,30.335882352941177,-33829.00763358779,-2308.3969465648856,5303.81679389313
488019,0,0,0,4882667695,4864.470101,0.010006,358,16526,506,-2111,-1231,-87,192,0.21428104858398436,9.891644158935547,0.3028665100097656,30.321176470588235,-33829.00763358779,-2390.8396946564885,5276.335877862595
488020,0,0,0,4882677700,4864.480106,0.010005,340,16544,518,-2115,-1237,-81,178,0.20350714111328125,9.90241806640625,0.31004911499023435,30.309411764705885,-33993.89312977099,-2225.9541984732828,4891.603053435115
488021,0,0,0,4882687705,4864.490111,0.010005,370,16532,496,-2112,-1235,-83,187,0.2214636535644531,9.89523546142578,0.296881005859375,30.31823529411765,-33938.931297709925,-2280.916030534351,5138.931297709924
488022,0,0,0,4882697710,4864.500116,0.010005,352,16564,496,-2109,-1230,-85,186,0.21068974609375,9.91438907470703,0.296881005859375,30.327058823529413,-33801.52671755725,-2335.87786259542,5111.4503816793895
488023,0,0,0,4882707715,4864.510121,0.010005,360,16540,508,-2114,-1230,-88,173,0.2154781494140625,9.900023864746093,0.30406361083984373,30.31235294117647,-33801.52671755725,-2418.320610687023,4754.198473282443
488024,0,0,0,4882717720,4864.520126,0.010005,358,16580,480,-2110,-1237,-84,179,0.21428104858398436,9.923965881347655,0.28730419921875,30.324117647058824,-33993.89312977099,-2308.3969465648856,4919.083969465649
488025,0,0,0,4882727726,4864.530132,0.010006,416,16542,468,-2112,-1235,-89,176,0.24899697265624998,9.90122096557617,0.28012159423828126,30.31823529411765,-33938.931297709925,-2445.8015267175574,4836.641221374046
488026,0,0,0,4882737731,4864.540137,0.010005,358,16548,532,-2111,-1235,-87,184,0.21428104858398436,9.904812268066406,0.3184288208007812,30.321176470588235,-33938.931297709925,-2390.8396946564885,5056.488549618321
488027,0,0,0,4882747736,4864.550142,0.010005,366,16514,492,-2116,-1237,-85,184,0.21906945190429686,9.884461553955077,0.29448680419921874,30.306470588235296,-33993.89312977099,-2335.87786259542,5056.488549618321
488028,0,0,0,4882757741,4864.560147,0.010005,312,16576,456,-2117,-1236,-84,183,0.1867477294921875,9.9215716796875,0.27293898925781246,30.303529411764707,-33966.41221374046,-2308.3969465648856,5029.007633587787
488029,0,0,0,4882767746,4864.570152,0.010005,374,16548,446,-2107,-1231,-80,179,0.22385785522460935,9.904812268066406,0.26695348510742184,30.33294117647059,-33829.00763358779,-2198.4732824427483,4919.083969465649
488030,0,0,0,4882777751,4864.580157,0.010005,354,16510,442,-2109,-1236,-85,182,0.21188684692382811,9.882067352294921,0.2645592834472656,30.327058823529413,-33966.41221374046,-2335.87786259542,5001.526717557253
488031,0,0,0,4882787757,4864.590163,0.010006,356,16548,458,-2108,-1233,-82,185,0.21308394775390624,9.904812268066406,0.2741360900878906,30.330000000000002,-33883.96946564886,-2253.4351145038167,5083.9694656488555
488032,0,0,0,4882797762,4864.600168,0.010005,402,16528,484,-2105,-1233,-90,184,0.24061726684570311,9.892841259765625,0.28969840087890625,30.338823529411766,-33883.96946564886,-2473.282442748092,5056.488549618321
488033,0,0,0,4882807767,4864.610173,0.010005,412,16536,488,-2105,-1230,-86,180,0.24660277099609373,9.897629663085937,0.2920926025390625,30.338823529411766,-33801.52671755725,-2363.3587786259545,4946.564885496184
488034,0,0,0,4882817772,4864.620178,0.010005,348,16516,474,-2109,-1234,-75,183,0.20829554443359374,9.885658654785155,0.28371289672851563,30.327058823529413,-33911.45038167939,-2061.0687022900765,5029.007633587787
488035,0,0,0,4882827777,4864.630183,0.010005,376,16522,490,-2111,-1234,-80,186,0.22505495605468748,9.889249957275391,0.2932897033691406,30.321176470588235,-33911.45038167939,-2198.4732824427483,5111.4503816793895
488036,0,0,0,4882837782,4864.640188,0.010005,348,16536,516,-2108,-1234,-82,196,0.20829554443359374,9.897629663085937,0.30885201416015623,30.330000000000002,-33911.45038167939,-2253.4351145038167,5386.259541984733
488037,0,0,0,4882847788,4864.650194,0.010006,368,16526,478,-2110,-1228,-91,189,0.22026655273437498,9.891644158935547,0.2861070983886719,30.324117647058824,-33746.564885496184,-2500.7633587786263,5193.893129770992
488038,0,0,0,4882857793,4864.660199,0.010005,370,16554,480,-2112,-1233,-85,186,0.2214636535644531,9.90840357055664,0.28730419921875,30.31823529411765,-33883.96946564886,-2335.87786259542,5111.4503816793895
488039,0,0,0,4882867798,4864.670204,0.010005,364,16554,496,-2110,-1228,-87,183,0.21787235107421873,9.90840357055664,0.296881005859375,30.324117647058824,-33746.564885496184,-2390.8396946564885,5029.007633587787
488040,0,0,0,4882877803,4864.680209,0.010005,378,16524,512,-2110,-1228,-84,189,0.2262520568847656,9.890447058105469,0.3064578125,30.324117647058824,-33746.564885496184,-2308.3969465648856,5193.893129770992
488041,0,0,0,4882887808,4864.690214,0.010005,354,16548,416,-2109,-1232,-85,184,0.21188684692382811,9.904812268066406,0.24899697265624998,30.327058823529413,-33856.48854961832,-2335.87786259542,5056.488549618321
488042,0,0,0,4882897814,4864.70022,0.010006,380,16552,506,-2110,-1232,-77,181,0.22744915771484372,9.907206469726562,0.3028665100097656,30.324117647058824,-33856.48854961832,-2116.030534351145,4974.045801526718
488043,0,0,0,4882907819,4864.710225,0.010005,358,16524,486,-2111,-1233,-81,186,0.21428104858398436,9.890447058105469,0.29089550170898437,30.321176470588235,-33883.96946564886,-2225.9541984732828,5111.4503816793895
488044,0,0,0,4882917824,4864.72023,0.010005,344,16528,498,-2110,-1237,-86,191,0.2059013427734375,9.892841259765625,0.2980781066894531,30.324117647058824,-33993.89312977099,-2363.3587786259545,5248.854961832061
488045,0,0,0,4882927829,4864.730235,0.010005,386,16514,510,-2107,-1233,-92,184,0.23104046020507812,9.884461553955077,0.30526071166992186,30.33294117647059,-33883.96946564886,-2528.2442748091603,5056.488549618321
488046,0,0,0,4882937834,4864.74024,0.010005,348,16552,470,-2112,-1227,-91,190,0.20829554443359374,9.907206469726562,0.2813186950683594,30.31823529411765,-33719.08396946565,-2500.7633587786263,5221.374045801527
488047,0,0,0,4882947839,4864.750245,0.010005,404,16540,480,-2117,-1232,-87,191,0.24181436767578124,9.900023864746093,0.28730419921875,30.303529411764707,-33856.48854961832,-2390.8396946564885,5248.854961832061
488048,0,0,0,4882957845,4864.760251,0.010006,354,16514,478,-2110,-1228,-88,188,0.21188684692382811,9.884461553955077,0.2861070983886719,30.324117647058824,-33746.564885496184,-2418.320610687023,5166.412213740458
488049,0,0,0,4882967850,4864.770256,0.010005,346,16510,434,-2107,-1233,-83,190,0.20709844360351562,9.882067352294921,0.2597708801269531,30.33294117647059,-33883.96946564886,-2280.916030534351,5221.374045801527
488050,0,0,0,4882977855,4864.780261,0.010005,306,16548,456,-2107,-1234,-83,190,0.18315642700195311,9.904812268066406,0.27293898925781246,30.33294117647059,-33911.45038167939,-2280.916030534351,5221.374045801527
488051,0,0,0,4882987860,4864.790266,0.010005,356,16550,500,-2104,-1231,-89,182,0.21308394775390624,9.906009368896484,0.29927520751953124,30.341764705882355,-33829.00763358779,-2445.8015267175574,5001.526717557253
488052,0,0,0,4882997865,4864.800271,0.010005,380,16550,552,-2109,-1228,-84,180,0.22744915771484372,9.906009368896484,0.33039982910156246,30.327058823529413,-33746.564885496184,-2308.3969465648856,4946.564885496184
488053,0,0,0,4883007871,4864.810277,0.010006,376,16550,470,-2109,-1231,-84,182,0.22505495605468748,9.906009368896484,0.2813186950683594,30.327058823529413,-33829.00763358779,-2308.3969465648856,5001.526717557253
488054,0,0,0,4883017876,4864.820282,0.010005,394,16610,502,-2110,-1229,-78,183,0.23582886352539062,9.941922393798828,0.30047230834960936,30.324117647058824,-33774.04580152672,-2143.5114503816794,5029.007633587787
488055,0,0,0,4883027881,4864.830287,0.010005,384,16510,456,-2111,-1231,-77,180,0.229843359375,9.882067352294921,0.27293898925781246,30.321176470588235,-33829.00763358779,-2116.030534351145,4946.564885496184
488056,0,0,0,4883037886,4864.840292,0.010005,352,16558,510,-2111,-1237,-84,189,0.21068974609375,9.910797772216796,0.30526071166992186,30.321176470588235,-33993.89312977099,-2308.3969465648856,5193.893129770992
488057,0,0,0,4883047891,4864.850297,0.010005,366,16532,512,-2109,-1231,-91,192,0.21906945190429686,9.89523546142578,0.3064578125,30.327058823529413,-33829.00763358779,-2500.7633587786263,5276.335877862595
488058,0,0,0,4883057896,4864.860302,0.010005,350,16556,472,-2112,-1234,-86,191,0.20949264526367187,9.909600671386718,0.2825157958984375,30.31823529411765,-33911.45038167939,-2363.3587786259545,5248.854961832061
488059,0,0,0,4883067902,4864.870308,0.010006,378,16558,488,-2113,-1237,-84,189,0.2262520568847656,9.910797772216796,0.2920926025390625,30.31529411764706,-33993.89312977099,-2308.3969465648856,5193.893129770992
488060,0,0,0,4883077907,4864.880313,0.010005,366,16518,462,-2110,-1232,-78,189,0.21906945190429686,9.886855755615233,0.2765302917480469,30.324117647058824,-33856.48854961832,-2143.5114503816794,5193.893129770992
488061,0,0,0,4883087912,4864.890318,0.010005,376,16516,444,-2107,-1235,-84,186,0.22505495605468748,9.885658654785155,0.2657563842773437,30.33294117647059,-33938.931297709925,-2308.3969465648856,5111.4503816793895
488062,0,0,0,4883097917,4864.900323,0.010005,362,16546,478,-2110,-1228,-89,182,0.2166752502441406,9.903615167236328,0.2861070983886719,30.324117647058824,-33746.564885496184,-2445.8015267175574,5001.526717557253
488063,0,0,0,4883107922,4864.910328,0.010005,408,16518,462,-2108,-1231,-77,192,0.2442085693359375,9.886855755615233,0.2765302917480469,30.330000000000002,-33829.00763358779,-2116.030534351145,5276.335877862595
488064,0,0,0,4883117927,4864.920333,0.010005,350,16500,500,-2107,-1229,-84,185,0.20949264526367187,9.87608184814453,0.29927520751953124,30.33294117647059,-33774.04580152672,-2308.3969465648856,5083.9694656488555
488065,0,0,0,4883127933,4864.930339,0.010006,362,16552,450,-2111,-1227,-87,183,0.2166752502441406,9.907206469726562,0.2693476867675781,30.321176470588235,-33719.08396946565,-2390.8396946564885,5029.007633587787
488066,0,0,0,4883137938,4864.940344,0.010005,404,16518,462,-2110,-1227,-88,183,0.24181436767578124,9.886855755615233,0.2765302917480469,30.324117647058824,-33719.08396946565,-2418.320610687023,5029.007633587787
488067,0,0,0,4883147943,4864.950349,0.010005,352,16568,464,-2108,-1231,-87,186,0.21068974609375,9.916783276367187,0.277727392578125,30.330000000000002,-33829.00763358779,-2390.8396946564885,5111.4503816793895
488068,0,0,0,4883157948,4864.960354,0.010005,340,16570,502,-2106,-1235,-89,193,0.20350714111328125,9.917980377197265,0.30047230834960936,30.335882352941177,-33938.931297709925,-2445.8015267175574,5303.81679389313
488069,0,0,0,4883167953,4864.970359,0.010005,396,16528,448,-2104,-1234,-88,195,0.23702596435546874,9.892841259765625,0.26815058593749996,30.341764705882355,-33911.45038167939,-2418.320610687023,5358.778625954199
488070,0,0,0,4883177958,4864.980364,0.010005,356,16566,484,-2105,-1226,-78,190,0.21308394775390624,9.91558617553711,0.28969840087890625,30.338823529411766,-33691.603053435116,-2143.5114503816794,5221.374045801527
488071,0,0,0,4883187964,4864.99037,0.010006,356,16538,452,-2109,-1220,-75,190,0.21308394775390624,9.898826763916015,0.2705447875976562,30.327058823529413,-33526.71755725191,-2061.0687022900765,5221.374045801527
488072,0,0,0,4883197969,4865.000375,0.010005,364,16536,480,-2101,-1226,-79,193,0.21787235107421873,9.897629663085937,0.28730419921875,30.35058823529412,-33691.603053435116,-2170.992366412214,5303.81679389313
488073,0,0,0,4883207974,4865.01038,0.010005,336,16506,504,-2106,-1232,-80,193,0.201112939453125,9.879673150634765,0.3016694091796875,30.335882352941177,-33856.48854961832,-2198.4732824427483,5303.81679389313
488074,0,0,0,4883217979,4865.020385,0.010005,398,16532,452,-2109,-1233,-73,196,0.23822306518554687,9.89523546142578,0.2705447875976562,30.327058823529413,-33883.96946564886,-2006.1068702290077,5386.259541984733
488075,0,0,0,4883227984,4865.03039,0.010005,370,16528,484,-2107,-1237,-83,188,0.2214636535644531,9.892841259765625,0.28969840087890625,30.33294117647059,-33993.89312977099,-2280.916030534351,5166.412213740458
488076,0,0,0,4883237990,4865.040396,0.010006,382,16562,440,-2106,-1227,-82,188,0.22864625854492185,9.913191973876952,0.26336218261718747,30.335882352941177,-33719.08396946565,-2253.4351145038167,5166.412213740458
488077,0,0,0,4883247995,4865.050401,0.010005,370,16538,500,-2106,-1233,-87,189,0.2214636535644531,9.898826763916015,0.29927520751953124,30.335882352941177,-33883.96946564886,-2390.8396946564885,5193.893129770992
488078,0,0,0,4883258000,4865.060406,0.010005,356,16552,478,-2108,-1227,-84,179,0.21308394775390624,9.907206469726562,0.2861070983886719,30.330000000000002,-33719.08396946565,-2308.3969465648856,4919.083969465649
488079,0,0,0,4883268005,4865.070411,0.010005,372,16570,460,-2112,-1227,-85,188,0.22266075439453123,9.917980377197265,0.2753331909179687,30.31823529411765,-33719.08396946565,-2335.87786259542,5166.412213740458
488080,0,0,0,4883278010,4865.080416,0.010005,354,16576,484,-2106,-1227,-84,191,0.21188684692382811,9.9215716796875,0.28969840087890625,30.335882352941177,-33719.08396946565,-2308.3969465648856,5248.854961832061
488081,0,0,0,4883288015,4865.090421,0.010005,362,16540,448,-2105,-1229,-83,183,0.2166752502441406,9.900023864746093,0.26815058593749996,30.338823529411766,-33774.04580152672,-2280.916030534351,5029.007633587787
488082,0,0,0,4883298021,4865.100427,0.010006,362,16558,438,-2107,-1231,-89,185,0.2166752502441406,9.910797772216796,0.26216508178710934,30.33294117647059,-33829.00763358779,-2445.8015267175574,5083.9694656488555
488083,0,0,0,4883308026,4865.110432,0.010005,406,16570,458,-2111,-1232,-85,189,0.24301146850585936,9.917980377197265,0.2741360900878906,30.321176470588235,-33856.48854961832,-2335.87786259542,5193.893129770992
488084,0,0,0,4883318031,4865.120437,0.010005,400,16520,416,-2109,-1228,-82,190,0.239420166015625,9.888052856445311,0.24899697265624998,30.327058823529413,-33746.564885496184,-2253.4351145038167,5221.374045801527
488085,0,0,0,4883328036,4865.130442,0.010005,372,16504,476,-2107,-1229,-87,184,0.22266075439453123,9.878476049804688,0.28490999755859375,30.33294117647059,-33774.04580152672,-2390.8396946564885,5056.488549618321
488086,0,0,0,4883338041,4865.140447,0.010005,380,16572,456,-2113,-1235,-84,185,0.22744915771484372,9.919177478027343,0.27293898925781246,30.31529411764706,-33938.931297709925,-2308.3969465648856,5083.9694656488555
488087,0,0,0,4883348047,4865.150453,0.010006,378,16544,480,-2115,-1231,-88,187,0.2262520568847656,9.90241806640625,0.28730419921875,30.309411764705885,-33829.00763358779,-2418.320610687023,5138.931297709924
488088,0,0,0,4883358052,4865.160458,0.010005,358,16518,452,-2109,-1226,-88,181,0.21428104858398436,9.886855755615233,0.2705447875976562,30.327058823529413,-33691.603053435116,-2418.320610687023,4974.045801526718
488089,0,0,0,4883368057,4865.170463,0.010005,326,16554,448,-2103,-1232,-83,183,0.19512743530273435,9.90840357055664,0.26815058593749996,30.34470588235294,-33856.48854961832,-2280.916030534351,5029.007633587787
488090,0,0,0,4883378062,4865.180468,0.010005,354,16580,470,-2105,-1224,-84,188,0.21188684692382811,9.923965881347655,0.2813186950683594,30.338823529411766,-33636.64122137405,-2308.3969465648856,5166.412213740458
488091,0,0,0,4883388067,4865.190473,0.010005,384,16542,476,-2103,-1231,-81,186,0.229843359375,9.90122096557617,0.28490999755859375,30.34470588235294,-33829.00763358779,-2225.9541984732828,5111.4503816793895
488092,0,0,0,4883398072,4865.200478,0.010005,328,16548,466,-2102,-1232,-84,182,0.19632453613281248,9.904812268066406,0.27892449340820313,30.34764705882353,-33856.48854961832,-2308.3969465648856,5001.526717557253
488093,0,0,0,4883408078,4865.210484,0.010006,370,16570,448,-2101,-1234,-85,181,0.2214636535644531,9.917980377197265,0.26815058593749996,30.35058823529412,-33911.45038167939,-2335.87786259542,4974.045801526718
488094,0,0,0,4883418083,4865.220489,0.010005,422,16580,488,-2108,-1229,-87,183,0.25258827514648435,9.923965881347655,0.2920926025390625,30.330000000000002,-33774.04580152672,-2390.8396946564885,5029.007633587787
488095,0,0,0,4883428088,4865.230494,0.010005,356,16562,500,-2107,-1227,-86,187,0.21308394775390624,9.913191973876952,0.29927520751953124,30.33294117647059,-33719.08396946565,-2363.3587786259545,5138.931297709924
488096,0,0,0,4883438093,4865.240499,0.010005,392,16504,528,-2105,-1237,-82,192,0.2346317626953125,9.878476049804688,0.316034619140625,30.338823529411766,-33993.89312977099,-2253.4351145038167,5276.335877862595
488097,0,0,0,4883448098,4865.250504,0.010005,372,16554,514,-2114,-1235,-80,178,0.22266075439453123,9.90840357055664,0.3076549133300781,30.31235294117647,-33938.931297709925,-2198.4732824427483,4891.603053435115
488098,0,0,0,4883458103,4865.260509,0.010005,346,16542,496,-2111,-1234,-85,180,0.20709844360351562,9.90122096557617,0.296881005859375,30.321176470588235,-33911.45038167939,-2335.87786259542,4946.564885496184
488099,0,0,0,4883468109,4865.270515,0.010006,370,16550,430,-2108,-1234,-81,181,0.2214636535644531,9.906009368896484,0.25737667846679685,30.330000000000002,-33911.45038167939,-2225.9541984732828,4974.045801526718
488100,0,0,0,4883478114,4865.28052,0.010005,360,16528,392,-2108,-1228,-83,182,0.2154781494140625,9.892841259765625,0.2346317626953125,30.330000000000002,-33746.564885496184,-2280.916030534351,5001.526717557253
488101,0,0,0,4883488119,4865.290525,0.010005,406,16556,476,-2105,-1226,-82,186,0.24301146850585936,9.909600671386718,0.28490999755859375,30.338823529411766,-33691.603053435116,-2253.4351145038167,5111.4503816793895
488102,0,0,0,4883498124,4865.30053,0.010005,360,16520,456,-2102,-1234,-81,183,0.2154781494140625,9.888052856445311,0.27293898925781246,30.34764705882353,-33911.45038167939,-2225.9541984732828,5029.007633587787
488103,0,0,0,4883508129,4865.310535,0.010005,368,16544,454,-2102,-1235,-85,187,0.22026655273437498,9.90241806640625,0.27174188842773433,30.34764705882353,-33938.931297709925,-2335.87786259542,5138.931297709924
488104,0,0,0,4883518135,4865.320541,0.010006,366,16500,468,-2106,-1236,-81,186,0.21906945190429686,9.87608184814453,0.28012159423828126,30.335882352941177,-33966.41221374046,-2225.9541984732828,5111.4503816793895
488105,0,0,0,4883528140,4865.330546,0.010005,378,16520,484,-2103,-1228,-78,186,0.2262520568847656,9.888052856445311,0.28969840087890625,30.34470588235294,-33746.564885496184,-2143.5114503816794,5111.4503816793895
488106,0,0,0,4883538145,4865.340551,0.010005,392,16582,478,-2106,-1230,-91,186,0.2346317626953125,9.925162982177733,0.2861070983886719,30.335882352941177,-33801.52671755725,-2500.7633587786263,5111.4503816793895
488107,0,0,0,4883548150,4865.350556,0.010005,354,16500,486,-2104,-1229,-87,183,0.21188684692382811,9.87608184814453,0.29089550170898437,30.341764705882355,-33774.04580152672,-2390.8396946564885,5029.007633587787
488108,0,0,0,4883558155,4865.360561,0.010005,366,16520,442,-2107,-1231,-79,185,0.21906945190429686,9.888052856445311,0.2645592834472656,30.33294117647059,-33829.00763358779,-2170.992366412214,5083.9694656488555
488109,0,0,0,4883568160,4865.370566,0.010005,368,16558,454,-2108,-1228,-77,188,0.22026655273437498,9.910797772216796,0.27174188842773433,30.330000000000002,-33746.564885496184,-2116.030534351145,5166.412213740458
488110,0,0,0,4883578166,4865.380572,0.010006,374,16538,496,-2108,-1231,-78,192,0.22385785522460935,9.898826763916015,0.296881005859375,30.330000000000002,-33829.00763358779,-2143.5114503816794,5276.335877862595
488111,0,0,0,4883588171,4865.390577,0.010005,362,16538,478,-2104,-1228,-78,191,0.2166752502441406,9.898826763916015,0.2861070983886719,30.341764705882355,-33746.564885496184,-2143.5114503816794,5248.854961832061
488112,0,0,0,4883598176,4865.400582,0.010005,380,16548,466,-2105,-1223,-87,194,0.22744915771484372,9.904812268066406,0.27892449340820313,30.338823529411766,-33609.16030534351,-2390.8396946564885,5331.297709923664
488113,0,0,0,4883608181,4865.410587,0.010005,396,16488,442,-2106,-1229,-92,186,0.23702596435546874,9.868899243164062,0.2645592834472656,30.335882352941177,-33774.04580152672,-2528.2442748091603,5111.4503816793895
488114,0,0,0,4883618186,4865.420592,0.010005,364,16514,470,-2111,-1229,-90,190,0.21787235107421873,9.884461553955077,0.2813186950683594,30.321176470588235,-33774.04580152672,-2473.282442748092,5221.374045801527
488115,0,0,0,4883628191,4865.430597,0.010005,370,16542,440,-2109,-1226,-86,186,0.2214636535644531,9.90122096557617,0.26336218261718747,30.327058823529413,-33691.603053435116,-2363.3587786259545,5111.4503816793895
488116,0,0,0,4883638197,4865.440603,0.010006,380,16516,446,-2108,-1231,-89,193,0.22744915771484372,9.885658654785155,0.26695348510742184,30.330000000000002,-33829.00763358779,-2445.8015267175574,5303.81679389313
488117,0,0,0,4883648202,4865.450608,0.010005,336,16558,506,-2108,-1235,-86,189,0.201112939453125,9.910797772216796,0.3028665100097656,30.330000000000002,-33938.931297709925,-2363.3587786259545,5193.893129770992
488118,0,0,0,4883658207,4865.460613,0.010005,396,16578,470,-2104,-1229,-81,184,0.23702596435546874,9.922768780517577,0.2813186950683594,30.341764705882355,-33774.04580152672,-2225.9541984732828,5056.488549618321
488119,0,0,0,4883668212,4865.470618,0.010005,364,16554,436,-2103,-1229,-77,191,0.21787235107421873,9.90840357055664,0.2609679809570312,30.34470588235294,-33774.04580152672,-2116.030534351145,5248.854961832061
488120,0,0,0,4883678217,4865.480623,0.010005,396,16540,454,-2102,-1228,-78,191,0.23702596435546874,9.900023864746093,0.27174188842773433,30.34764705882353,-33746.564885496184,-2143.5114503816794,5248.854961832061
488121,0,0,0,4883688223,4865.490629,0.010006,362,16544,452,-2106,-1229,-80,181,0.2166752502441406,9.90241806640625,0.2705447875976562,30.335882352941177,-33774.04580152672,-2198.4732824427483,4974.045801526718
488122,0,0,0,4883698228,4865.500634,0.010005,390,16560,490,-2111,-1237,-88,187,0.23343466186523437,9.911994873046874,0.2932897033691406,30.321176470588235,-33993.89312977099,-2418.320610687023,5138.931297709924
488123,0,0,0,4883708233,4865.510639,0.010005,362,16548,482,-2109,-1233,-85,180,0.2166752502441406,9.904812268066406,0.2885013000488281,30.327058823529413,-33883.96946564886,-2335.87786259542,4946.564885496184
488124,0,0,0,4883718238,4865.520644,0.010005,354,16522,456,-2109,-1227,-84,184,0.21188684692382811,9.889249957275391,0.27293898925781246,30.327058823529413,-33719.08396946565,-2308.3969465648856,5056.488549618321
488125,0,0,0,4883728243,4865.530649,0.010005,334,16564,488,-2100,-1232,-83,186,0.19991583862304688,9.91438907470703,0.2920926025390625,30.353529411764708,-33856.48854961832,-2280.916030534351,5111.4503816793895
488126,0,0,0,4883738248,4865.540654,0.010005,316,16552,516,-2104,-1231,-83,192,0.18914193115234373,9.907206469726562,0.30885201416015623,30.341764705882355,-33829.00763358779,-2280.916030534351,5276.335877862595
488127,0,0,0,4883748254,4865.55066,0.010006,350,16532,490,-2111,-1234,-79,188,0.20949264526367187,9.89523546142578,0.2932897033691406,30.321176470588235,-33911.45038167939,-2170.992366412214,5166.412213740458
488128,0,0,0,4883758259,4865.560665,0.010005,396,16556,456,-2109,-1231,-81,189,0.23702596435546874,9.909600671386718,0.27293898925781246,30.327058823529413,-33829.00763358779,-2225.9541984732828,5193.893129770992
488129,0,0,0,4883768264,4865.57067,0.010005,394,16574,440,-2110,-1233,-81,187,0.23582886352539062,9.920374578857421,0.26336218261718747,30.324117647058824,-33883.96946564886,-2225.9541984732828,5138.931297709924
488130,0,0,0,4883778269,4865.580675,0.010005,366,16552,492,-2104,-1233,-75,187,0.21906945190429686,9.907206469726562,0.29448680419921874,30.341764705882355,-33883.96946564886,-2061.0687022900765,5138.931297709924
488131,0,0,0,4883788274,4865.59068,0.010005,374,16516,534,-2105,-1231,-85,191,0.22385785522460935,9.885658654785155,0.31962592163085934,30.338823529411766,-33829.00763358779,-2335.87786259542,5248.854961832061
488132,0,0,0,4883798279,4865.600685,0.010005,350,16494,492,-2099,-1231,-76,185,0.20949264526367187,9.872490545654296,0.29448680419921874,30.356470588235297,-33829.00763358779,-2088.549618320611,5083.9694656488555
488133,0,0,0,4883808285,4865.610691,0.010006,344,16536,450,-2104,-1236,-84,186,0.2059013427734375,9.897629663085937,0.2693476867675781,30.341764705882355,-33966.41221374046,-2308.3969465648856,5111.4503816793895
488134,0,0,0,4883818290,4865.620696,0.010005,362,16574,498,-2109,-1235,-91,189,0.2166752502441406,9.920374578857421,0.2980781066894531,30.327058823529413,-33938.931297709925,-2500.7633587786263,5193.893129770992
488135,0,0,0,4883828295,4865.630701,0.010005,364,16554,516,-2109,-1233,-84,189,0.21787235107421873,9.90840357055664,0.30885201416015623,30.327058823529413,-33883.96946564886,-2308.3969465648856,5193.893129770992
488136,0,0,0,4883838300,4865.640706,0.010005,352,16544,558,-2109,-1235,-79,185,0.21068974609375,9.90241806640625,0.33399113159179683,30.327058823529413,-33938.931297709925,-2170.992366412214,5083.9694656488555
488137,0,0,0,4883848305,4865.650711,0.010005,392,16542,532,-2106,-1236,-79,193,0.2346317626953125,9.90122096557617,0.3184288208007812,30.335882352941177,-33966.41221374046,-2170.992366412214,5303.81679389313
488138,0,0,0,4883858311,4865.660717,0.010006,356,16572,460,-2104,-1234,-81,184,0.21308394775390624,9.919177478027343,0.2753331909179687,30.341764705882355,-33911.45038167939,-2225.9541984732828,5056.488549618321
488139,0,0,0,4883868316,4865.670722,0.010005,412,16542,514,-2108,-1231,-89,190,0.24660277099609373,9.90122096557617,0.3076549133300781,30.330000000000002,-33829.00763358779,-2445.8015267175574,5221.374045801527
488140,0,0,0,4883878321,4865.680727,0.010005,382,16512,490,-2106,-1231,-90,187,0.22864625854492185,9.883264453125,0.2932897033691406,30.335882352941177,-33829.00763358779,-2473.282442748092,5138.931297709924
488141,0,0,0,4883888326,4865.690732,0.010005,378,16564,486,-2104,-1229,-91,179,0.2262520568847656,9.91438907470703,0.29089550170898437,30.341764705882355,-33774.04580152672,-2500.7633587786263,4919.083969465649
488142,0,0,0,4883898331,4865.700737,0.010005,350,16548,446,-2103,-1234,-89,189,0.20949264526367187,9.904812268066406,0.26695348510742184,30.34470588235294,-33911.45038167939,-2445.8015267175574,5193.893129770992
488143,0,0,0,4883908336,4865.710742,0.010005,356,16570,432,-2103,-1233,-86,185,0.21308394775390624,9.917980377197265,0.258573779296875,30.34470588235294,-33883.96946564886,-2363.3587786259545,5083.9694656488555
488144,0,0,0,4883918342,4865.720748,0.010006,362,16592,490,-2102,-1233,-82,192,0.2166752502441406,9.931148486328125,0.2932897033691406,30.34764705882353,-33883.96946564886,-2253.4351145038167,5276.335877862595
488145,0,0,0,4883928347,4865.730753,0.010005,390,16552,464,-2109,-1228,-85,189,0.23343466186523437,9.907206469726562,0.277727392578125,30.327058823529413,-33746.564885496184,-2335.87786259542,5193.893129770992
488146,0,0,0,4883938352,4865.740758,0.010005,362,16540,460,-2105,-1233,-78,191,0.2166752502441406,9.900023864746093,0.2753331909179687,30.338823529411766,-33883.96946564886,-2143.5114503816794,5248.854961832061
488147,0,0,0,4883948357,4865.750763,0.010005,358,16520,488,-2109,-1229,-86,181,0.21428104858398436,9.888052856445311,0.2920926025390625,30.327058823529413,-33774.04580152672,-2363.3587786259545,4974.045801526718
488148,0,0,0,4883958362,4865.760768,0.010005,342,16568,482,-2112,-1230,-78,178,0.20470424194335937,9.916783276367187,0.2885013000488281,30.31823529411765,-33801.52671755725,-2143.5114503816794,4891.603053435115
488149,0,0,0,4883968368,4865.770774,0.010006,358,16540,468,-2108,-1230,-87,187,0.21428104858398436,9.900023864746093,0.28012159423828126,30.330000000000002,-33801.52671755725,-2390.8396946564885,5138.931297709924
488150,0,0,0,4883978373,4865.780779,0.010005,388,16532,450,-2104,-1229,-81,187,0.23223756103515625,9.89523546142578,0.2693476867675781,30.341764705882355,-33774.04580152672,-2225.9541984732828,5138.931297709924
488151,0,0,0,4883988378,4865.790784,0.010005,398,16552,414,-2105,-1230,-87,186,0.23822306518554687,9.907206469726562,0.24779987182617186,30.338823529411766,-33801.52671755725,-2390.8396946564885,5111.4503816793895
488152,0,0,0,4883998383,4865.800789,0.010005,386,16520,484,-2105,-1230,-79,186,0.23104046020507812,9.888052856445311,0.28969840087890625,30.338823529411766,-33801.52671755725,-2170.992366412214,5111.4503816793895
488153,0,0,0,4884008388,4865.810794,0.010005,350,16520,552,-2106,-1237,-80,182,0.20949264526367187,9.888052856445311,0.33039982910156246,30.335882352941177,-33993.89312977099,-2198.4732824427483,5001.526717557253
488154,0,0,0,4884018393,4865.820799,0.010005,370,16528,536,-2102,-1235,-85,178,0.2214636535644531,9.892841259765625,0.32082302246093747,30.34764705882353,-33938.931297709925,-2335.87786259542,4891.603053435115
488155,0,0,0,4884028399,4865.830805,0.010006,408,16556,500,-2105,-1229,-87,181,0.2442085693359375,9.909600671386718,0.29927520751953124,30.338823529411766,-33774.04580152672,-2390.8396946564885,4974.045801526718
488156,0,0,0,4884038404,4865.84081,0.010005,370,16532,424,-2106,-1235,-79,182,0.2214636535644531,9.89523546142578,0.2537853759765625,30.335882352941177,-33938.931297709925,-2170.992366412214,5001.526717557253
488157,0,0,0,4884048409,4865.850815,0.010005,338,16466,452,-2106,-1234,-86,182,0.20231004028320312,9.855731134033203,0.2705447875976562,30.335882352941177,-33911.45038167939,-2363.3587786259545,5001.526717557253
488158,0,0,0,4884058414,4865.86082,0.010005,344,16552,396,-2110,-1233,-86,185,0.2059013427734375,9.907206469726562,0.23702596435546874,30.324117647058824,-33883.96946564886,-2363.3587786259545,5083.9694656488555
488159,0,0,0,4884068419,4865.870825,0.010005,370,16538,452,-2109,-1238,-90,182,0.2214636535644531,9.898826763916015,0.2705447875976562,30.327058823529413,-34021.37404580153,-2473.282442748092,5001.526717557253
488160,0,0,0,4884078424,4865.88083,0.010005,368,16542,460,-2104,-1232,-83,193,0.22026655273437498,9.90122096557617,0.2753331909179687,30.341764705882355,-33856.48854961832,-2280.916030534351,5303.81679389313
488161,0,0,0,4884088430,4865.890836,0.010006,372,16578,464,-2103,-1234,-87,183,0.22266075439453123,9.922768780517577,0.277727392578125,30.34470588235294,-33911.45038167939,-2390.8396946564885,5029.007633587787
488162,0,0,0,4884098435,4865.900841,0.010005,356,16546,480,-2108,-1231,-88,190,0.21308394775390624,9.903615167236328,0.28730419921875,30.330000000000002,-33829.00763358779,-2418.320610687023,5221.374045801527
488163,0,0,0,4884108440,4865.910846,0.010005,344,16540,500,-2110,-1226,-78,188,0.2059013427734375,9.900023864746093,0.29927520751953124,30.324117647058824,-33691.603053435116,-2143.5114503816794,5166.412213740458
488164,0,0,0,4884118445,4865.920851,0.010005,378,16546,462,-2104,-1232,-81,184,0.2262520568847656,9.903615167236328,0.2765302917480469,30.341764705882355,-33856.48854961832,-2225.9541984732828,5056.488549618321
488165,0,0,0,4884128450,4865.930856,0.010005,384,16518,488,-2103,-1228,-80,188,0.229843359375,9.886855755615233,0.2920926025390625,30.34470588235294,-33746.564885496184,-2198.4732824427483,5166.412213740458
488166,0,0,0,4884138456,4865.940862,0.010006,366,16570,484,-2106,-1229,-80,193,0.21906945190429686,9.917980377197265,0.28969840087890625,30.335882352941177,-33774.04580152672,-2198.4732824427483,5303.81679389313
488167,0,0,0,4884148461,4865.950867,0.010005,386,16540,486,-2107,-1231,-87,187,0.23104046020507812,9.900023864746093,0.29089550170898437,30.33294117647059,-33829.00763358779,-2390.8396946564885,5138.931297709924
488168,0,0,0,4884158466,4865.960872,0.010005,378,16546,456,-2108,-1230,-82,186,0.2262520568847656,9.903615167236328,0.27293898925781246,30.330000000000002,-33801.52671755725,-2253.4351145038167,5111.4503816793895
488169,0,0,0,4884168471,4865.970877,0.010005,396,16534,466,-2101,-1235,-85,187,0.23702596435546874,9.896432562255859,0.27892449340820313,30.35058823529412,-33938.931297709925,-2335.87786259542,5138.931297709924
488170,0,0,0,4884178476,4865.980882,0.010005,408,16554,438,-2107,-1234,-84,190,0.2442085693359375,9.90840357055664,0.26216508178710934,30.33294117647059,-33911.45038167939,-2308.3969465648856,5221.374045801527
488171,0,0,0,4884188481,4865.990887,0.010005,396,16528,426,-2111,-1233,-86,191,0.23702596435546874,9.892841259765625,0.2549824768066406,30.321176470588235,-33883.96946564886,-2363.3587786259545,5248.854961832061
488172,0,0,0,4884198487,4866.000893,0.010006,390,16560,446,-2109,-1232,-81,183,0.23343466186523437,9.911994873046874,0.26695348510742184,30.327058823529413,-33856.48854961832,-2225.9541984732828,5029.007633587787
488173,0,0,0,4884208492,4866.010898,0.010005,338,16564,510,-2106,-1238,-87,181,0.20231004028320312,9.91438907470703,0.30526071166992186,30.335882352941177,-34021.37404580153,-2390.8396946564885,4974.045801526718
488174,0,0,0,4884218497,4866.020903,0.010005,358,16544,416,-2107,-1226,-86,187,0.21428104858398436,9.90241806640625,0.24899697265624998,30.33294117647059,-33691.603053435116,-2363.3587786259545,5138.931297709924
488175,0,0,0,4884228502,4866.030908,0.010005,372,16554,488,-2111,-1227,-87,190,0.22266075439453123,9.90840357055664,0.2920926025390625,30.321176470588235,-33719.08396946565,-2390.8396946564885,5221.374045801527
488176,0,0,0,4884238507,4866.040913,0.010005,396,16582,506,-2109,-1231,-89,189,0.23702596435546874,9.925162982177733,0.3028665100097656,30.327058823529413,-33829.00763358779,-2445.8015267175574,5193.893129770992
488177,0,0,0,4884248512,4866.050918,0.010005,374,16556,538,-2108,-1234,-77,184,0.22385785522460935,9.909600671386718,0.3220201232910156,30.330000000000002,-33911.45038167939,-2116.030534351145,5056.488549618321
488178,0,0,0,4884258518,4866.060924,0.010006,354,16530,512,-2105,-1228,-84,179,0.21188684692382811,9.894038360595703,0.3064578125,30.338823529411766,-33746.564885496184,-2308.3969465648856,4919.083969465649
488179,0,0,0,4884268523,4866.070929,0.010005,364,16548,450,-2104,-1234,-82,186,0.21787235107421873,9.904812268066406,0.2693476867675781,30.341764705882355,-33911.45038167939,-2253.4351145038167,5111.4503816793895
488180,0,0,0,4884278528,4866.080934,0.010005,338,16528,422,-2107,-1231,-78,185,0.20231004028320312,9.892841259765625,0.25258827514648435,30.33294117647059,-33829.00763358779,-2143.5114503816794,5083.9694656488555
488181,0,0,0,4884288533,4866.090939,0.010005,372,16542,464,-2106,-1235,-79,182,0.22266075439453123,9.90122096557617,0.277727392578125,30.335882352941177,-33938.931297709925,-2170.992366412214,5001.526717557253
488182,0,0,0,4884298538,4866.100944,0.010005,420,16564,476,-2113,-1228,-75,180,0.25139117431640623,9.91438907470703,0.28490999755859375,30.31529411764706,-33746.564885496184,-2061.0687022900765,4946.564885496184
488183,0,0,0,4884308544,4866.11095,0.010006,376,16520,514,-2108,-1224,-78,186,0.22505495605468748,9.888052856445311,0.3076549133300781,30.330000000000002,-33636.64122137405,-2143.5114503816794,5111.4503816793895
488184,0,0,0,4884318549,4866.120955,0.010005,398,16548,470,-2108,-1218,-78,182,0.23822306518554687,9.904812268066406,0.2813186950683594,30.330000000000002,-33471.755725190844,-2143.5114503816794,5001.526717557253
488185,0,0,0,4884328554,4866.13096,0.010005,386,16574,462,-2104,-1230,-83,185,0.23104046020507812,9.920374578857421,0.2765302917480469,30.341764705882355,-33801.52671755725,-2280.916030534351,5083.9694656488555
488186,0,0,0,4884338559,4866.140965,0.010005,370,16544,438,-2106,-1237,-92,186,0.2214636535644531,9.90241806640625,0.26216508178710934,30.335882352941177,-33993.89312977099,-2528.2442748091603,5111.4503816793895
488187,0,0,0,4884348564,4866.15097,0.010005,334,16568,446,-2113,-1234,-86,182,0.19991583862304688,9.916783276367187,0.26695348510742184,30.31529411764706,-33911.45038167939,-2363.3587786259545,5001.526717557253
488188,0,0,0,4884358569,4866.160975,0.010005,398,16590,484,-2113,-1233,-89,187,0.23822306518554687,9.929951385498047,0.28969840087890625,30.31529411764706,-33883.96946564886,-2445.8015267175574,5138.931297709924
488189,0,0,0,4884368575,4866.170981,0.010006,366,16556,498,-2107,-1232,-86,185,0.21906945190429686,9.909600671386718,0.2980781066894531,30.33294117647059,-33856.48854961832,-2363.3587786259545,5083.9694656488555
488190,0,0,0,4884378580,4866.180986,0.010005,392,16560,478,-2101,-1232,-82,186,0.2346317626953125,9.911994873046874,0.2861070983886719,30.35058823529412,-33856.48854961832,-2253.4351145038167,5111.4503816793895
488191,0,0,0,4884388585,4866.190991,0.010005,364,16562,488,-2104,-1232,-87,186,0.21787235107421873,9.913191973876952,0.2920926025390625,30.341764705882355,-33856.48854961832,-2390.8396946564885,5111.4503816793895
488192,0,0,0,4884398590,4866.200996,0.010005,394,16520,500,-2104,-1236,-81,187,0.23582886352539062,9.888052856445311,0.29927520751953124,30.341764705882355,-33966.41221374046,-2225.9541984732828,5138.931297709924
488193,0,0,0,4884408595,4866.211001,0.010005,370,16566,470,-2108,-1232,-80,187,0.2214636535644531,9.91558617553711,0.2813186950683594,30.330000000000002,-33856.48854961832,-2198.4732824427483,5138.931297709924
488194,0,0,0,4884418600,4866.221006,0.010005,420,16514,388,-2106,-1237,-76,184,0.25139117431640623,9.884461553955077,0.23223756103515625,30.335882352941177,-33993.89312977099,-2088.549618320611,5056.488549618321
488195,0,0,0,4884428606,4866.231012,0.010006,386,16550,502,-2102,-1237,-81,187,0.23104046020507812,9.906009368896484,0.30047230834960936,30.34764705882353,-33993.89312977099,-2225.9541984732828,5138.931297709924
488196,0,0,0,4884438611,4866.241017,0.010005,378,16550,466,-2101,-1236,-79,191,0.2262520568847656,9.906009368896484,0.27892449340820313,30.35058823529412,-33966.41221374046,-2170.992366412214,5248.854961832061
488197,0,0,0,4884448616,4866.251022,0.010005,372,16554,462,-2102,-1235,-85,188,0.22266075439453123,9.90840357055664,0.2765302917480469,30.34764705882353,-33938.931297709925,-2335.87786259542,5166.412213740458
488198,0,0,0,4884458621,4866.261027,0.010005,394,16526,430,-2108,-1234,-90,186,0.23582886352539062,9.891644158935547,0.25737667846679685,30.330000000000002,-33911.45038167939,-2473.282442748092,5111.4503816793895
488199,0,0,0,4884468626,4866.271032,0.010005,352,16524,514,-2107,-1229,-87,181,0.21068974609375,9.890447058105469,0.3076549133300781,30.33294117647059,-33774.04580152672,-2390.8396946564885,4974.045801526718
488200,0,0,0,4884478632,4866.281038,0.010006,352,16528,476,-2104,-1236,-87,180,0.21068974609375,9.892841259765625,0.28490999755859375,30.341764705882355,-33966.41221374046,-2390.8396946564885,4946.564885496184
488201,0,0,0,4884488637,4866.291043,0.010005,372,16528,558,-2110,-1238,-78,186,0.22266075439453123,9.892841259765625,0.33399113159179683,30.324117647058824,-34021.37404580153,-2143.5114503816794,5111.4503816793895
488202,0,0,0,4884498642,4866.301048,0.010005,388,16528,500,-2113,-1231,-91,180,0.23223756103515625,9.892841259765625,0.29927520751953124,30.31529411764706,-33829.00763358779,-2500.7633587786263,4946.564885496184
488203,0,0,0,4884508647,4866.311053,0.010005,368,16542,454,-2103,-1237,-85,183,0.22026655273437498,9.90122096557617,0.27174188842773433,30.34470588235294,-33993.89312977099,-2335.87786259542,5029.007633587787
488204,0,0,0,4884518652,4866.321058,0.010005,330,16582,486,-2106,-1230,-90,182,0.1975216369628906,9.925162982177733,0.29089550170898437,30.335882352941177,-33801.52671755725,-2473.282442748092,5001.526717557253
488205,0,0,0,4884528657,4866.331063,0.010005,358,16534,468,-2103,-1233,-83,181,0.21428104858398436,9.896432562255859,0.28012159423828126,30.34470588235294,-33883.96946564886,-2280.916030534351,4974.045801526718
488206,0,0,0,4884538663,4866.341069,0.010006,376,16528,498,-2104,-1241,-84,187,0.22505495605468748,9.892841259765625,0.2980781066894531,30.341764705882355,-34103.81679389313,-2308.3969465648856,5138.931297709924
488207,0,0,0,4884548668,4866.351074,0.010005,346,16514,462,-2108,-1230,-82,192,0.20709844360351562,9.884461553955077,0.2765302917480469,30.330000000000002,-33801.52671755725,-2253.4351145038167,5276.335877862595
488208,0,0,0,4884558673,4866.361079,0.010005,380,16550,494,-2109,-1238,-81,184,0.22744915771484372,9.906009368896484,0.29568390502929687,30.327058823529413,-34021.37404580153,-2225.9541984732828,5056.488549618321
488209,0,0,0,4884568678,4866.371084,0.010005,382,16496,448,-2110,-1230,-79,190,0.22864625854492185,9.873687646484374,0.26815058593749996,30.324117647058824,-33801.52671755725,-2170.992366412214,5221.374045801527
488210,0,0,0,4884578683,4866.381089,0.010005,378,16548,432,-2106,-1225,-81,191,0.2262520568847656,9.904812268066406,0.258573779296875,30.335882352941177,-33664.122137404585,-2225.9541984732828,5248.854961832061
488211,0,0,0,4884588688,4866.391094,0.010005,370,16562,442,-2107,-1229,-78,182,0.2214636535644531,9.913191973876952,0.2645592834472656,30.33294117647059,-33774.04580152672,-2143.5114503816794,5001.526717557253
488212,0,0,0,4884598694,4866.4011,0.010006,394,16598,472,-2109,-1234,-85,187,0.23582886352539062,9.934739788818359,0.2825157958984375,30.327058823529413,-33911.45038167939,-2335.87786259542,5138.931297709924
488213,0,0,0,4884608699,4866.411105,0.010005,418,16590,442,-2108,-1237,-83,188,0.2501940734863281,9.929951385498047,0.2645592834472656,30.330000000000002,-33993.89312977099,-2280.916030534351,5166.412213740458
488214,0,0,0,4884618704,4866.42111,0.010005,358,16530,498,-2105,-1229,-88,183,0.21428104858398436,9.894038360595703,0.2980781066894531,30.338823529411766,-33774.04580152672,-2418.320610687023,5029.007633587787
488215,0,0,0,4884628709,4866.431115,0.010005,386,16496,512,-2106,-1235,-83,190,0.23104046020507812,9.873687646484374,0.3064578125,30.335882352941177,-33938.931297709925,-2280.916030534351,5221.374045801527
488216,0,0,0,4884638714,4866.44112,0.010005,400,16540,486,-2104,-1237,-85,188,0.239420166015625,9.900023864746093,0.29089550170898437,30.341764705882355,-33993.89312977099,-2335.87786259542,5166.412213740458
488217,0,0,0,4884648719,4866.451125,0.010005,402,16552,446,-2105,-1234,-88,188,0.24061726684570311,9.907206469726562,0.26695348510742184,30.338823529411766,-33911.45038167939,-2418.320610687023,5166.412213740458
488218,0,0,0,4884658725,4866.461131,0.010006,374,16584,468,-2104,-1234,-84,190,0.22385785522460935,9.926360083007811,0.28012159423828126,30.341764705882355,-33911.45038167939,-2308.3969465648856,5221.374045801527
488219,0,0,0,4884668730,4866.471136,0.010005,354,16520,474,-2110,-1239,-82,186,0.21188684692382811,9.888052856445311,0.28371289672851563,30.324117647058824,-34048.85496183206,-2253.4351145038167,5111.4503816793895
488220,0,0,0,4884678735,4866.481141,0.010005,380,16534,460,-2105,-1232,-82,179,0.22744915771484372,9.896432562255859,0.2753331909179687,30.338823529411766,-33856.48854961832,-2253.4351145038167,4919.083969465649
488221,0,0,0,4884688740,4866.491146,0.010005,348,16492,492,-2108,-1230,-86,190,0.20829554443359374,9.871293444824218,0.29448680419921874,30.330000000000002,-33801.52671755725,-2363.3587786259545,5221.374045801527
488222,0,0,0,4884698745,4866.501151,0.010005,372,16530,484,-2106,-1234,-85,184,0.22266075439453123,9.894038360595703,0.28969840087890625,30.335882352941177,-33911.45038167939,-2335.87786259542,5056.488549618321
488223,0,0,0,4884708751,4866.511157,0.010006,384,16552,504,-2104,-1231,-78,191,0.229843359375,9.907206469726562,0.3016694091796875,30.341764705882355,-33829.00763358779,-2143.5114503816794,5248.854961832061
488224,0,0,0,4884718756,4866.521162,0.010005,388,16534,526,-2103,-1236,-81,184,0.23223756103515625,9.896432562255859,0.31483751831054685,30.34470588235294,-33966.41221374046,-2225.9541984732828,5056.488549618321
488225,0,0,0,4884728761,4866.531167,0.010005,384,16598,494,-2114,-1230,-89,192,0.229843359375,9.934739788818359,0.29568390502929687,30.31235294117647,-33801.52671755725,-2445.8015267175574,5276.335877862595
488226,0,0,0,4884738766,4866.541172,0.010005,306,16542,490,-2110,-1229,-80,190,0.18315642700195311,9.90122096557617,0.2932897033691406,30.324117647058824,-33774.04580152672,-2198.4732824427483,5221.374045801527
488227,0,0,0,4884748771,4866.551177,0.010005,372,16558,552,-2107,-1229,-85,190,0.22266075439453123,9.910797772216796,0.33039982910156246,30.33294117647059,-33774.04580152672,-2335.87786259542,5221.374045801527
488228,0,0,0,4884758776,4866.561182,0.010005,336,16508,502,-2113,-1235,-87,188,0.201112939453125,9.880870251464843,0.30047230834960936,30.31529411764706,-33938.931297709925,-2390.8396946564885,5166.412213740458
488229,0,0,0,4884768782,4866.571188,0.010006,390,16534,476,-2112,-1232,-84,186,0.23343466186523437,9.896432562255859,0.28490999755859375,30.31823529411765,-33856.48854961832,-2308.3969465648856,5111.4503816793895
488230,0,0,0,4884778787,4866.581193,0.010005,372,16506,494,-2109,-1233,-88,179,0.22266075439453123,9.879673150634765,0.29568390502929687,30.327058823529413,-33883.96946564886,-2418.320610687023,4919.083969465649
488231,0,0,0,4884788792,4866.591198,0.010005,396,16566,440,-2107,-1230,-93,183,0.23702596435546874,9.91558617553711,0.26336218261718747,30.33294117647059,-33801.52671755725,-2555.7251908396947,5029.007633587787
488232,0,0,0,4884798797,4866.601203,0.010005,324,16550,498,-2109,-1234,-84,187,0.19393033447265623,9.906009368896484,0.2980781066894531,30.327058823529413,-33911.45038167939,-2308.3969465648856,5138.931297709924
488233,0,0,0,4884808802,4866.611208,0.010005,326,16540,426,-2108,-1230,-84,189,0.19512743530273435,9.900023864746093,0.2549824768066406,30.330000000000002,-33801.52671755725,-2308.3969465648856,5193.893129770992
488234,0,0,0,4884818807,4866.621213,0.010005,334,16540,448,-2106,-1238,-86,186,0.19991583862304688,9.900023864746093,0.26815058593749996,30.335882352941177,-34021.37404580153,-2363.3587786259545,5111.4503816793895
488235,0,0,0,4884828813,4866.631219,0.010006,364,16526,460,-2108,-1227,-76,192,0.21787235107421873,9.891644158935547,0.2753331909179687,30.330000000000002,-33719.08396946565,-2088.549618320611,5276.335877862595
488236,0,0,0,4884838818,4866.641224,0.010005,392,16538,502,-2109,-1237,-79,188,0.2346317626953125,9.898826763916015,0.30047230834960936,30.327058823529413,-33993.89312977099,-2170.992366412214,5166.412213740458
488237,0,0,0,4884848823,4866.651229,0.010005,382,16540,476,-2109,-1228,-76,188,0.22864625854492185,9.900023864746093,0.28490999755859375,30.327058823529413,-33746.564885496184,-2088.549618320611,5166.412213740458
488238,0,0,0,4884858828,4866.661234,0.010005,376,16556,432,-2109,-1231,-76,191,0.22505495605468748,9.909600671386718,0.258573779296875,30.327058823529413,-33829.00763358779,-2088.549618320611,5248.854961832061
488239,0,0,0,4884868833,4866.671239,0.010005,396,16554,460,-2109,-1231,-83,188,0.23702596435546874,9.90840357055664,0.2753331909179687,30.327058823529413,-33829.00763358779,-2280.916030534351,5166.412213740458
488240,0,0,0,4884878838,4866.681244,0.010005,350,16568,508,-2111,-1227,-88,184,0.20949264526367187,9.916783276367187,0.30406361083984373,30.321176470588235,-33719.08396946565,-2418.320610687023,5056.488549618321
488241,0,0,0,4884888844,4866.69125,0.010006,360,16570,462,-2102,-1231,-79,187,0.2154781494140625,9.917980377197265,0.2765302917480469,30.34764705882353,-33829.00763358779,-2170.992366412214,5138.931297709924
488242,0,0,0,4884898849,4866.701255,0.010005,400,16590,498,-2104,-1232,-76,192,0.239420166015625,9.929951385498047,0.2980781066894531,30.341764705882355,-33856.48854961832,-2088.549618320611,5276.335877862595
488243,0,0,0,4884908854,4866.71126,0.010005,364,16562,464,-2105,-1232,-79,184,0.21787235107421873,9.913191973876952,0.277727392578125,30.338823529411766,-33856.48854961832,-2170.992366412214,5056.488549618321
488244,0,0,0,4884918859,4866.721265,0.010005,382,16558,524,-2106,-1230,-82,188,0.22864625854492185,9.910797772216796,0.3136404174804687,30.335882352941177,-33801.52671755725,-2253.4351145038167,5166.412213740458
488245,0,0,0,4884928864,4866.73127,0.010005,368,16532,422,-2110,-1229,-79,184,0.22026655273437498,9.89523546142578,0.25258827514648435,30.324117647058824,-33774.04580152672,-2170.992366412214,5056.488549618321
488246,0,0,0,4884938870,4866.741276,0.010006,346,16520,470,-2107,-1239,-87,177,0.20709844360351562,9.888052856445311,0.2813186950683594,30.33294117647059,-34048.85496183206,-2390.8396946564885,4864.122137404581
488247,0,0,0,4884948875,4866.751281,0.010005,392,16612,482,-2104,-1243,-79,184,0.2346317626953125,9.943119494628906,0.2885013000488281,30.341764705882355,-34158.7786259542,-2170.992366412214,5056.488549618321
488248,0,0,0,4884958880,4866.761286,0.010005,376,16538,470,-2106,-1238,-89,190,0.22505495605468748,9.898826763916015,0.2813186950683594,30.335882352941177,-34021.37404580153,-2445.8015267175574,5221.374045801527
488249,0,0,0,4884968885,4866.771291,0.010005,360,16592,550,-2109,-1237,-82,188,0.2154781494140625,9.931148486328125,0.32920272827148434,30.327058823529413,-33993.89312977099,-2253.4351145038167,5166.412213740458
488250,0,0,0,4884978890,4866.781296,0.010005,388,16556,496,-2110,-1228,-76,192,0.23223756103515625,9.909600671386718,0.296881005859375,30.324117647058824,-33746.564885496184,-2088.549618320611,5276.335877862595
488251,0,0,0,4884988895,4866.791301,0.010005,364,16530,484,-2108,-1233,-83,186,0.21787235107421873,9.894038360595703,0.28969840087890625,30.330000000000002,-33883.96946564886,-2280.916030534351,5111.4503816793895
488252,0,0,0,4884998901,4866.801307,0.010006,376,16518,502,-2101,-1235,-85,183,0.22505495605468748,9.886855755615233,0.30047230834960936,30.35058823529412,-33938.931297709925,-2335.87786259542,5029.007633587787
488253,0,0,0,4885008906,4866.811312,0.010005,394,16538,504,-2104,-1234,-90,193,0.23582886352539062,9.898826763916015,0.3016694091796875,30.341764705882355,-33911.45038167939,-2473.282442748092,5303.81679389313
488254,0,0,0,4885018911,4866.821317,0.010005,354,16522,460,-2106,-1233,-91,191,0.21188684692382811,9.889249957275391,0.2753331909179687,30.335882352941177,-33883.96946564886,-2500.7633587786263,5248.854961832061
488255,0,0,0,4885028916,4866.831322,0.010005,360,16548,498,-2106,-1231,-88,187,0.2154781494140625,9.904812268066406,0.2980781066894531,30.335882352941177,-33829.00763358779,-2418.320610687023,5138.931297709924
488256,0,0,0,4885038921,4866.841327,0.010005,396,16538,496,-2104,-1232,-78,189,0.23702596435546874,9.898826763916015,0.296881005859375,30.341764705882355,-33856.48854961832,-2143.5114503816794,5193.893129770992
488257,0,0,0,4885048927,4866.851333,0.010006,332,16562,486,-2105,-1238,-84,193,0.19871873779296872,9.913191973876952,0.29089550170898437,30.338823529411766,-34021.37404580153,-2308.3969465648856,5303.81679389313
488258,0,0,0,4885058932,4866.861338,0.010005,350,16564,448,-2107,-1232,-86,189,0.20949264526367187,9.91438907470703,0.26815058593749996,30.33294117647059,-33856.48854961832,-2363.3587786259545,5193.893129770992
488259,0,0,0,4885068937,4866.871343,0.010005,382,16604,506,-2103,-1234,-81,182,0.22864625854492185,9.938331091308592,0.3028665100097656,30.34470588235294,-33911.45038167939,-2225.9541984732828,5001.526717557253
488260,0,0,0,4885078942,4866.881348,0.010005,356,16552,462,-2098,-1231,-89,191,0.21308394775390624,9.907206469726562,0.2765302917480469,30.359411764705882,-33829.00763358779,-2445.8015267175574,5248.854961832061
488261,0,0,0,4885088947,4866.891353,0.010005,386,16534,450,-2096,-1231,-81,194,0.23104046020507812,9.896432562255859,0.2693476867675781,30.36529411764706,-33829.00763358779,-2225.9541984732828,5331.297709923664
488262,0,0,0,4885098952,4866.901358,0.010005,388,16540,488,-2107,-1240,-84,188,0.23223756103515625,9.900023864746093,0.2920926025390625,30.33294117647059,-34076.3358778626,-2308.3969465648856,5166.412213740458
488263,0,0,0,4885108958,4866.911364,0.010006,370,16514,472,-2105,-1236,-84,185,0.2214636535644531,9.884461553955077,0.2825157958984375,30.338823529411766,-33966.41221374046,-2308.3969465648856,5083.9694656488555
488264,0,0,0,4885118963,4866.921369,0.010005,344,16530,440,-2105,-1234,-86,181,0.2059013427734375,9.894038360595703,0.26336218261718747,30.338823529411766,-33911.45038167939,-2363.3587786259545,4974.045801526718
488265,0,0,0,4885128968,4866.931374,0.010005,332,16500,458,-2099,-1235,-95,189,0.19871873779296872,9.87608184814453,0.2741360900878906,30.356470588235297,-33938.931297709925,-2610.6870229007636,5193.893129770992
488266,0,0,0,4885138973,4866.941379,0.010005,368,16506,504,-2102,-1230,-84,193,0.22026655273437498,9.879673150634765,0.3016694091796875,30.34764705882353,-33801.52671755725,-2308.3969465648856,5303.81679389313
488267,0,0,0,4885148978,4866.951384,0.010005,354,16494,476,-2104,-1228,-79,190,0.21188684692382811,9.872490545654296,0.28490999755859375,30.341764705882355,-33746.564885496184,-2170.992366412214,5221.374045801527
488268,0,0,0,4885158983,4866.961389,0.010005,382,16558,564,-2100,-1233,-84,186,0.22864625854492185,9.910797772216796,0.33758243408203126,30.353529411764708,-33883.96946564886,-2308.3969465648856,5111.4503816793895
488269,0,0,0,4885168989,4866.971395,0.010006,368,16542,408,-2102,-1231,-80,180,0.22026655273437498,9.90122096557617,0.2442085693359375,30.34764705882353,-33829.00763358779,-2198.4732824427483,4946.564885496184
488270,0,0,0,4885178994,4866.9814,0.010005,362,16552,448,-2106,-1228,-78,190,0.2166752502441406,9.907206469726562,0.26815058593749996,30.335882352941177,-33746.564885496184,-2143.5114503816794,5221.374045801527
488271,0,0,0,4885188999,4866.991405,0.010005,360,16536,458,-2102,-1233,-89,186,0.2154781494140625,9.897629663085937,0.2741360900878906,30.34764705882353,-33883.96946564886,-2445.8015267175574,5111.4503816793895
488272,0,0,0,4885199004,4867.00141,0.010005,344,16548,502,-2107,-1231,-88,188,0.2059013427734375,9.904812268066406,0.30047230834960936,30.33294117647059,-33829.00763358779,-2418.320610687023,5166.412213740458
488273,0,0,0,4885209009,4867.011415,0.010005,372,16530,480,-2105,-1228,-86,180,0.22266075439453123,9.894038360595703,0.28730419921875,30.338823529411766,-33746.564885496184,-2363.3587786259545,4946.564885496184
488274,0,0,0,4885219014,4867.02142,0.010005,378,16526,500,-2099,-1228,-81,188,0.2262520568847656,9.891644158935547,0.29927520751953124,30.356470588235297,-33746.564885496184,-2225.9541984732828,5166.412213740458
488275,0,0,0,4885229020,4867.031426,0.010006,398,16514,494,-2099,-1235,-92,194,0.23822306518554687,9.884461553955077,0.29568390502929687,30.356470588235297,-33938.931297709925,-2528.2442748091603,5331.297709923664
488276,0,0,0,4885239025,4867.041431,0.010005,348,16528,522,-2102,-1235,-82,188,0.20829554443359374,9.892841259765625,0.3124433166503906,30.34764705882353,-33938.931297709925,-2253.4351145038167,5166.412213740458
488277,0,0,0,4885249030,4867.051436,0.010005,398,16544,504,-2101,-1241,-83,195,0.23822306518554687,9.90241806640625,0.3016694091796875,30.35058823529412,-34103.81679389313,-2280.916030534351,5358.778625954199
488278,0,0,0,4885259035,4867.061441,0.010005,346,16536,508,-2103,-1233,-91,185,0.20709844360351562,9.897629663085937,0.30406361083984373,30.34470588235294,-33883.96946564886,-2500.7633587786263,5083.9694656488555
488279,0,0,0,4885269040,4867.071446,0.010005,380,16554,486,-2104,-1231,-82,176,0.22744915771484372,9.90840357055664,0.29089550170898437,30.341764705882355,-33829.00763358779,-2253.4351145038167,4836.641221374046
488280,0,0,0,4885279046,4867.081452,0.010006,380,16524,470,-2102,-1234,-83,182,0.22744915771484372,9.890447058105469,0.2813186950683594,30.34764705882353,-33911.45038167939,-2280.916030534351,5001.526717557253
488281,0,0,0,4885289051,4867.091457,0.010005,336,16546,452,-2104,-1233,-84,188,0.201112939453125,9.903615167236328,0.2705447875976562,30.341764705882355,-33883.96946564886,-2308.3969465648856,5166.412213740458
488282,0,0,0,4885299056,4867.101462,0.010005,398,16528,412,-2102,-1233,-78,189,0.23822306518554687,9.892841259765625,0.24660277099609373,30.34764705882353,-33883.96946564886,-2143.5114503816794,5193.893129770992
488283,0,0,0,4885309061,4867.111467,0.010005,380,16530,516,-2100,-1233,-79,190,0.22744915771484372,9.894038360595703,0.30885201416015623,30.353529411764708,-33883.96946564886,-2170.992366412214,5221.374045801527
488284,0,0,0,4885319066,4867.121472,0.010005,336,16550,440,-2102,-1232,-85,193,0.201112939453125,9.906009368896484,0.26336218261718747,30.34764705882353,-33856.48854961832,-2335.87786259542,5303.81679389313
488285,0,0,0,4885329071,4867.131477,0.010005,378,16532,492,-2105,-1234,-88,191,0.2262520568847656,9.89523546142578,0.29448680419921874,30.338823529411766,-33911.45038167939,-2418.320610687023,5248.854961832061
488286,0,0,0,4885339077,4867.141483,0.010006,360,16516,430,-2101,-1233,-89,191,0.2154781494140625,9.885658654785155,0.25737667846679685,30.35058823529412,-33883.96946564886,-2445.8015267175574,5248.854961832061
488287,0,0,0,4885349082,4867.151488,0.010005,368,16516,512,-2104,-1235,-86,187,0.22026655273437498,9.885658654785155,0.3064578125,30.341764705882355,-33938.931297709925,-2363.3587786259545,5138.931297709924
488288,0,0,0,4885359087,4867.161493,0.010005,376,16518,480,-2101,-1230,-89,188,0.22505495605468748,9.886855755615233,0.28730419921875,30.35058823529412,-33801.52671755725,-2445.8015267175574,5166.412213740458
488289,0,0,0,4885369092,4867.171498,0.010005,390,16540,448,-2103,-1231,-83,183,0.23343466186523437,9.900023864746093,0.26815058593749996,30.34470588235294,-33829.00763358779,-2280.916030534351,5029.007633587787
488290,0,0,0,4885379097,4867.181503,0.010005,384,16588,430,-2107,-1234,-83,183,0.229843359375,9.928754284667969,0.25737667846679685,30.33294117647059,-33911.45038167939,-2280.916030534351,5029.007633587787
488291,0,0,0,4885389103,4867.191509,0.010006,362,16542,456,-2107,-1227,-81,184,0.2166752502441406,9.90122096557617,0.27293898925781246,30.33294117647059,-33719.08396946565,-2225.9541984732828,5056.488549618321
488292,0,0,0,4885399108,4867.201514,0.010005,384,16542,436,-2105,-1233,-85,182,0.229843359375,9.90122096557617,0.2609679809570312,30.338823529411766,-33883.96946564886,-2335.87786259542,5001.526717557253
488293,0,0,0,4885409113,4867.211519,0.010005,414,16538,446,-2102,-1232,-88,183,0.24779987182617186,9.898826763916015,0.26695348510742184,30.34764705882353,-33856.48854961832,-2418.320610687023,5029.007633587787
488294,0,0,0,4885419118,4867.221524,0.010005,370,16536,464,-2101,-1231,-81,185,0.2214636535644531,9.897629663085937,0.277727392578125,30.35058823529412,-33829.00763358779,-2225.9541984732828,5083.9694656488555
488295,0,0,0,4885429123,4867.231529,0.010005,394,16526,474,-2096,-1237,-82,189,0.23582886352539062,9.891644158935547,0.28371289672851563,30.36529411764706,-33993.89312977099,-2253.4351145038167,5193.893129770992
488296,0,0,0,4885439128,4867.241534,0.010005,392,16508,422,-2104,-1235,-84,185,0.2346317626953125,9.880870251464843,0.25258827514648435,30.341764705882355,-33938.931297709925,-2308.3969465648856,5083.9694656488555
488297,0,0,0,4885449134,4867.25154,0.010006,362,16550,472,-2103,-1235,-80,174,0.2166752502441406,9.906009368896484,0.2825157958984375,30.34470588235294,-33938.931297709925,-2198.4732824427483,4781.679389312977
488298,0,0,0,4885459139,4867.261545,0.010005,348,16536,478,-2108,-1234,-89,188,0.20829554443359374,9.897629663085937,0.2861070983886719,30.330000000000002,-33911.45038167939,-2445.8015267175574,5166.412213740458
488299,0,0,0,4885469144,4867.27155,0.010005,410,16564,482,-2106,-1233,-92,189,0.2454056701660156,9.91438907470703,0.2885013000488281,30.335882352941177,-33883.96946564886,-2528.2442748091603,5193.893129770992
488300,0,0,0,4885479149,4867.281555,0.010005,414,16548,476,-2107,-1230,-85,189,0.24779987182617186,9.904812268066406,0.28490999755859375,30.33294117647059,-33801.52671755725,-2335.87786259542,5193.893129770992
488301,0,0,0,4885489154,4867.29156,0.010005,410,16502,520,-2108,-1228,-86,183,0.2454056701660156,9.87727894897461,0.3112462158203125,30.330000000000002,-33746.564885496184,-2363.3587786259545,5029.007633587787
488302,0,0,0,4885499159,4867.301565,0.010005,392,16508,460,-2106,-1232,-78,179,0.2346317626953125,9.880870251464843,0.2753331909179687,30.335882352941177,-33856.48854961832,-2143.5114503816794,4919.083969465649
488303,0,0,0,4885509165,4867.311571,0.010006,402,16500,474,-2102,-1230,-84,186,0.24061726684570311,9.87608184814453,0.28371289672851563,30.34764705882353,-33801.52671755725,-2308.3969465648856,5111.4503816793895
488304,0,0,0,4885519170,4867.321576,0.010005,362,16558,490,-2104,-1234,-87,191,0.2166752502441406,9.910797772216796,0.2932897033691406,30.341764705882355,-33911.45038167939,-2390.8396946564885,5248.854961832061
488305,0,0,0,4885529175,4867.331581,0.010005,346,16580,434,-2104,-1229,-85,180,0.20709844360351562,9.923965881347655,0.2597708801269531,30.341764705882355,-33774.04580152672,-2335.87786259542,4946.564885496184
488306,0,0,0,4885539180,4867.341586,0.010005,368,16518,470,-2106,-1232,-80,189,0.22026655273437498,9.886855755615233,0.2813186950683594,30.335882352941177,-33856.48854961832,-2198.4732824427483,5193.893129770992
488307,0,0,0,4885549185,4867.351591,0.010005,386,16566,496,-2105,-1231,-82,184,0.23104046020507812,9.91558617553711,0.296881005859375,30.338823529411766,-33829.00763358779,-2253.4351145038167,5056.488549618321
488308,0,0,0,4885559191,4867.361597,0.010006,358,16574,474,-2103,-1231,-82,186,0.21428104858398436,9.920374578857421,0.28371289672851563,30.34470588235294,-33829.00763358779,-2253.4351145038167,5111.4503816793895
488309,0,0,0,4885569196,4867.371602,0.010005,340,16526,480,-2106,-1230,-81,188,0.20350714111328125,9.891644158935547,0.28730419921875,30.335882352941177,-33801.52671755725,-2225.9541984732828,5166.412213740458
488310,0,0,0,4885579201,4867.381607,0.010005,394,16546,496,-2103,-1231,-84,181,0.23582886352539062,9.903615167236328,0.296881005859375,30.34470588235294,-33829.00763358779,-2308.3969465648856,4974.045801526718
488311,0,0,0,4885589206,4867.391612,0.010005,382,16606,498,-2102,-1234,-83,184,0.22864625854492185,9.93952819213867,0.2980781066894531,30.34764705882353,-33911.45038167939,-2280.916030534351,5056.488549618321
488312,0,0,0,4885599211,4867.401617,0.010005,364,16556,442,-2095,-1235,-79,183,0.21787235107421873,9.909600671386718,0.2645592834472656,30.368235294117646,-33938.931297709925,-2170.992366412214,5029.007633587787
488313,0,0,0,4885609216,4867.411622,0.010005,342,16540,454,-2106,-1230,-88,182,0.20470424194335937,9.900023864746093,0.27174188842773433,30.335882352941177,-33801.52671755725,-2418.320610687023,5001.526717557253
488314,0,0,0,4885619222,4867.421628,0.010006,348,16548,424,-2108,-1223,-90,188,0.20829554443359374,9.904812268066406,0.2537853759765625,30.330000000000002,-33609.16030534351,-2473.282442748092,5166.412213740458
488315,0,0,0,4885629227,4867.431633,0.010005,416,16528,472,-2108,-1227,-85,191,0.24899697265624998,9.892841259765625,0.2825157958984375,30.330000000000002,-33719.08396946565,-2335.87786259542,5248.854961832061
488316,0,0,0,4885639232,4867.441638,0.010005,362,16566,444,-2102,-1229,-89,191,0.2166752502441406,9.91558617553711,0.2657563842773437,30.34764705882353,-33774.04580152672,-2445.8015267175574,5248.854961832061
488317,0,0,0,4885649237,4867.451643,0.010005,376,16586,512,-2105,-1231,-85,192,0.22505495605468748,9.92755718383789,0.3064578125,30.338823529411766,-33829.00763358779,-2335.87786259542,5276.335877862595
488318,0,0,0,4885659242,4867.461648,0.010005,386,16568,530,-2098,-1226,-91,186,0.23104046020507812,9.916783276367187,0.3172317199707031,30.359411764705882,-33691.603053435116,-2500.7633587786263,5111.4503816793895
488319,0,0,0,4885669247,4867.471653,0.010005,312,16554,426,-2102,-1230,-81,183,0.1867477294921875,9.90840357055664,0.2549824768066406,30.34764705882353,-33801.52671755725,-2225.9541984732828,5029.007633587787
488320,0,0,0,4885679253,4867.481659,0.010006,378,16560,494,-2103,-1228,-86,180,0.2262520568847656,9.911994873046874,0.29568390502929687,30.34470588235294,-33746.564885496184,-2363.3587786259545,4946.564885496184
488321,0,0,0,4885689258,4867.491664,0.010005,344,16550,514,-2098,-1230,-91,190,0.2059013427734375,9.906009368896484,0.3076549133300781,30.359411764705882,-33801.52671755725,-2500.7633587786263,5221.374045801527
488322,0,0,0,4885699263,4867.501669,0.010005,366,16544,510,-2101,-1230,-81,196,0.21906945190429686,9.90241806640625,0.30526071166992186,30.35058823529412,-33801.52671755725,-2225.9541984732828,5386.259541984733
488323,0,0,0,4885709268,4867.511674,0.010005,354,16526,440,-2101,-1228,-84,184,0.21188684692382811,9.891644158935547,0.26336218261718747,30.35058823529412,-33746.564885496184,-2308.3969465648856,5056.488549618321
488324,0,0,0,4885719273,4867.521679,0.010005,352,16546,496,-2101,-1227,-88,190,0.21068974609375,9.903615167236328,0.296881005859375,30.35058823529412,-33719.08396946565,-2418.320610687023,5221.374045801527
488325,0,0,0,4885729279,4867.531685,0.010006,412,16614,442,-2102,-1231,-89,195,0.24660277099609373,9.944316595458984,0.2645592834472656,30.34764705882353,-33829.00763358779,-2445.8015267175574,5358.778625954199
488326,0,0,0,4885739284,4867.54169,0.010005,384,16532,468,-2104,-1240,-83,189,0.229843359375,9.89523546142578,0.28012159423828126,30.341764705882355,-34076.3358778626,-2280.916030534351,5193.893129770992
488327,0,0,0,4885749289,4867.551695,0.010005,392,16550,528,-2106,-1229,-89,189,0.2346317626953125,9.906009368896484,0.316034619140625,30.335882352941177,-33774.04580152672,-2445.8015267175574,5193.893129770992
488328,0,0,0,4885759294,4867.5617,0.010005,348,16512,448,-2102,-1237,-82,191,0.20829554443359374,9.883264453125,0.26815058593749996,30.34764705882353,-33993.89312977099,-2253.4351145038167,5248.854961832061
488329,0,0,0,4885769299,4867.571705,0.010005,374,16532,492,-2097,-1234,-75,178,0.22385785522460935,9.89523546142578,0.29448680419921874,30.36235294117647,-33911.45038167939,-2061.0687022900765,4891.603053435115
488330,0,0,0,4885779304,4867.58171,0.010005,382,16554,476,-2096,-1232,-85,191,0.22864625854492185,9.90840357055664,0.28490999755859375,30.36529411764706,-33856.48854961832,-2335.87786259542,5248.854961832061
488331,0,0,0,4885789310,4867.591716,0.010006,392,16526,508,-2095,-1234,-81,186,0.2346317626953125,9.891644158935547,0.30406361083984373,30.368235294117646,-33911.45038167939,-2225.9541984732828,5111.4503816793895
488332,0,0,0,4885799315,4867.601721,0.010005,390,16576,474,-2100,-1235,-82,189,0.23343466186523437,9.9215716796875,0.28371289672851563,30.353529411764708,-33938.931297709925,-2253.4351145038167,5193.893129770992
488333,0,0,0,4885809320,4867.611726,0.010005,350,16570,444,-2104,-1229,-85,183,0.20949264526367187,9.917980377197265,0.2657563842773437,30.341764705882355,-33774.04580152672,-2335.87786259542,5029.007633587787
488334,0,0,0,4885819325,4867.621731,0.010005,380,16572,504,-2100,-1230,-89,186,0.22744915771484372,9.919177478027343,0.3016694091796875,30.353529411764708,-33801.52671755725,-2445.8015267175574,5111.4503816793895
488335,0,0,0,4885829330,4867.631736,0.010005,354,16548,426,-2105,-1230,-94,191,0.21188684692382811,9.904812268066406,0.2549824768066406,30.338823529411766,-33801.52671755725,-2583.206106870229,5248.854961832061
488336,0,0,0,4885839335,4867.641741,0.010005,388,16548,432,-2105,-1230,-85,187,0.23223756103515625,9.904812268066406,0.258573779296875,30.338823529411766,-33801.52671755725,-2335.87786259542,5138.931297709924
488337,0,0,0,4885849341,4867.651747,0.010006,374,16526,532,-2102,-1232,-84,178,0.22385785522460935,9.891644158935547,0.3184288208007812,30.34764705882353,-33856.48854961832,-2308.3969465648856,4891.603053435115
488338,0,0,0,4885859346,4867.661752,0.010005,384,16544,484,-2102,-1230,-80,184,0.229843359375,9.90241806640625,0.28969840087890625,30.34764705882353,-33801.52671755725,-2198.4732824427483,5056.488549618321
488339,0,0,0,4885869351,4867.671757,0.010005,386,16574,488,-2096,-1237,-80,187,0.23104046020507812,9.920374578857421,0.2920926025390625,30.36529411764706,-33993.89312977099,-2198.4732824427483,5138.931297709924
488340,0,0,0,4885879356,4867.681762,0.010005,368,16562,510,-2106,-1234,-85,190,0.22026655273437498,9.913191973876952,0.30526071166992186,30.335882352941177,-33911.45038167939,-2335.87786259542,5221.374045801527
488341,0,0,0,4885889361,4867.691767,0.010005,368,16540,500,-2110,-1227,-82,186,0.22026655273437498,9.900023864746093,0.29927520751953124,30.324117647058824,-33719.08396946565,-2253.4351145038167,5111.4503816793895
488342,0,0,0,4885899367,4867.701773,0.010006,372,16540,454,-2105,-1230,-86,187,0.22266075439453123,9.900023864746093,0.27174188842773433,30.338823529411766,-33801.52671755725,-2363.3587786259545,5138.931297709924
488343,0,0,0,4885909372,4867.711778,0.010005,398,16550,470,-2111,-1226,-87,188,0.23822306518554687,9.906009368896484,0.2813186950683594,30.321176470588235,-33691.603053435116,-2390.8396946564885,5166.412213740458
488344,0,0,0,4885919377,4867.721783,0.010005,376,16566,462,-2107,-1229,-87,187,0.22505495605468748,9.91558617553711,0.2765302917480469,30.33294117647059,-33774.04580152672,-2390.8396946564885,5138.931297709924
488345,0,0,0,4885929382,4867.731788,0.010005,358,16582,516,-2103,-1229,-85,191,0.21428104858398436,9.925162982177733,0.30885201416015623,30.34470588235294,-33774.04580152672,-2335.87786259542,5248.854961832061
488346,0,0,0,4885939387,4867.741793,0.010005,364,16508,452,-2104,-1231,-82,190,0.21787235107421873,9.880870251464843,0.2705447875976562,30.341764705882355,-33829.00763358779,-2253.4351145038167,5221.374045801527
488347,0,0,0,4885949392,4867.751798,0.010005,338,16510,494,-2105,-1233,-78,190,0.20231004028320312,9.882067352294921,0.29568390502929687,30.338823529411766,-33883.96946564886,-2143.5114503816794,5221.374045801527
488348,0,0,0,4885959398,4867.761804,0.010006,400,16560,480,-2106,-1234,-83,183,0.239420166015625,9.911994873046874,0.28730419921875,30.335882352941177,-33911.45038167939,-2280.916030534351,5029.007633587787
488349,0,0,0,4885969403,4867.771809,0.010005,394,16538,454,-2107,-1228,-77,184,0.23582886352539062,9.898826763916015,0.27174188842773433,30.33294117647059,-33746.564885496184,-2116.030534351145,5056.488549618321
488350,0,0,0,4885979408,4867.781814,0.010005,388,16486,412,-2106,-1227,-82,186,0.23223756103515625,9.867702142333984,0.24660277099609373,30.335882352941177,-33719.08396946565,-2253.4351145038167,5111.4503816793895
488351,0,0,0,4885989413,4867.791819,0.010005,410,16552,508,-2104,-1227,-94,185,0.2454056701660156,9.907206469726562,0.30406361083984373,30.341764705882355,-33719.08396946565,-2583.206106870229,5083.9694656488555
488352,0,0,0,4885999418,4867.801824,0.010005,352,16556,430,-2102,-1237,-84,189,0.21068974609375,9.909600671386718,0.25737667846679685,30.34764705882353,-33993.89312977099,-2308.3969465648856,5193.893129770992
488353,0,0,0,4886009423,4867.811829,0.010005,372,16552,478,-2100,-1230,-85,182,0.22266075439453123,9.907206469726562,0.2861070983886719,30.353529411764708,-33801.52671755725,-2335.87786259542,5001.526717557253
488354,0,0,0,4886019429,4867.821835,0.010006,328,16550,468,-2108,-1233,-81,187,0.19632453613281248,9.906009368896484,0.28012159423828126,30.330000000000002,-33883.96946564886,-2225.9541984732828,5138.931297709924
488355,0,0,0,4886029434,4867.83184,0.010005,382,16576,466,-2103,-1227,-88,196,0.22864625854492185,9.9215716796875,0.27892449340820313,30.34470588235294,-33719.08396946565,-2418.320610687023,5386.259541984733
488356,0,0,0,4886039439,4867.841845,0.010005,384,16564,470,-2099,-1230,-85,189,0.229843359375,9.91438907470703,0.2813186950683594,30.356470588235297,-33801.52671755725,-2335.87786259542,5193.893129770992
488357,0,0,0,4886049444,4867.85185,0.010005,372,16522,394,-2110,-1238,-85,182,0.22266075439453123,9.889249957275391,0.23582886352539062,30.324117647058824,-34021.37404580153,-2335.87786259542,5001.526717557253
488358,0,0,0,4886059449,4867.861855,0.010005,356,16556,536,-2104,-1229,-82,190,0.21308394775390624,9.909600671386718,0.32082302246093747,30.341764705882355,-33774.04580152672,-2253.4351145038167,5221.374045801527
488359,0,0,0,4886069455,4867.871861,0.010006,386,16564,442,-2100,-1234,-85,187,0.23104046020507812,9.91438907470703,0.2645592834472656,30.353529411764708,-33911.45038167939,-2335.87786259542,5138.931297709924
488360,0,0,0,4886079460,4867.881866,0.010005,386,16554,472,-2103,-1231,-87,190,0.23104046020507812,9.90840357055664,0.2825157958984375,30.34470588235294,-33829.00763358779,-2390.8396946564885,5221.374045801527
488361,0,0,0,4886089465,4867.891871,0.010005,364,16546,524,-2103,-1239,-87,188,0.21787235107421873,9.903615167236328,0.3136404174804687,30.34470588235294,-34048.85496183206,-2390.8396946564885,5166.412213740458
488362,0,0,0,4886099470,4867.901876,0.010005,400,16516,454,-2107,-1235,-84,187,0.239420166015625,9.885658654785155,0.27174188842773433,30.33294117647059,-33938.931297709925,-2308.3969465648856,5138.931297709924
488363,0,0,0,4886109475,4867.911881,0.010005,358,16554,486,-2102,-1231,-82,191,0.21428104858398436,9.90840357055664,0.29089550170898437,30.34764705882353,-33829.00763358779,-2253.4351145038167,5248.854961832061
488364,0,0,0,4886119480,4867.921886,0.010005,344,16502,540,-2105,-1232,-87,189,0.2059013427734375,9.87727894897461,0.3232172241210937,30.338823529411766,-33856.48854961832,-2390.8396946564885,5193.893129770992
488365,0,0,0,4886129486,4867.931892,0.010006,370,16514,514,-2100,-1233,-87,195,0.2214636535644531,9.884461553955077,0.3076549133300781,30.353529411764708,-33883.96946564886,-2390.8396946564885,5358.778625954199
488366,0,0,0,4886139491,4867.941897,0.010005,386,16526,450,-2103,-1235,-84,189,0.23104046020507812,9.891644158935547,0.2693476867675781,30.34470588235294,-33938.931297709925,-2308.3969465648856,5193.893129770992
488367,0,0,0,4886149496,4867.951902,0.010005,384,16548,462,-2106,-1234,-90,185,0.229843359375,9.904812268066406,0.2765302917480469,30.335882352941177,-33911.45038167939,-2473.282442748092,5083.9694656488555
488368,0,0,0,4886159501,4867.961907,0.010005,342,16552,438,-2104,-1233,-86,186,0.20470424194335937,9.907206469726562,0.26216508178710934,30.341764705882355,-33883.96946564886,-2363.3587786259545,5111.4503816793895
488369,0,0,0,4886169506,4867.971912,0.010005,306,16566,482,-2100,-1224,-94,186,0.18315642700195311,9.91558617553711,0.2885013000488281,30.353529411764708,-33636.64122137405,-2583.206106870229,5111.4503816793895
488370,0,0,0,4886179512,4867.981918,0.010006,352,16554,538,-2102,-1232,-84,189,0.21068974609375,9.90840357055664,0.3220201232910156,30.34764705882353,-33856.48854961832,-2308.3969465648856,5193.893129770992
488371,0,0,0,4886189517,4867.991923,0.010005,412,16520,498,-2108,-1227,-80,186,0.24660277099609373,9.888052856445311,0.2980781066894531,30.330000000000002,-33719.08396946565,-2198.4732824427483,5111.4503816793895
488372,0,0,0,4886199522,4868.001928,0.010005,360,16550,436,-2095,-1232,-80,185,0.2154781494140625,9.906009368896484,0.2609679809570312,30.368235294117646,-33856.48854961832,-2198.4732824427483,5083.9694656488555
488373,0,0,0,4886209527,4868.011933,0.010005,374,16574,438,-2095,-1230,-86,183,0.22385785522460935,9.920374578857421,0.26216508178710934,30.368235294117646,-33801.52671755725,-2363.3587786259545,5029.007633587787
488374,0,0,0,4886219532,4868.021938,0.010005,370,16536,460,-2098,-1229,-82,184,0.2214636535644531,9.897629663085937,0.2753331909179687,30.359411764705882,-33774.04580152672,-2253.4351145038167,5056.488549618321
488375,0,0,0,4886229537,4868.031943,0.010005,368,16558,430,-2103,-1236,-83,182,0.22026655273437498,9.910797772216796,0.25737667846679685,30.34470588235294,-33966.41221374046,-2280.916030534351,5001.526717557253
488376,0,0,0,4886239543,4868.041949,0.010006,344,16526,426,-2104,-1232,-84,187,0.2059013427734375,9.891644158935547,0.2549824768066406,30.341764705882355,-33856.48854961832,-2308.3969465648856,5138.931297709924
488377,0,0,0,4886249548,4868.051954,0.010005,386,16562,480,-2109,-1230,-85,189,0.23104046020507812,9.913191973876952,0.28730419921875,30.327058823529413,-33801.52671755725,-2335.87786259542,5193.893129770992
488378,0,0,0,4886259553,4868.061959,0.010005,350,16568,546,-2106,-1232,-84,189,0.20949264526367187,9.916783276367187,0.3268085266113281,30.335882352941177,-33856.48854961832,-2308.3969465648856,5193.893129770992
488379,0,0,0,4886269558,4868.071964,0.010005,362,16542,444,-2103,-1233,-80,191,0.2166752502441406,9.90122096557617,0.2657563842773437,30.34470588235294,-33883.96946564886,-2198.4732824427483,5248.854961832061
488380,0,0,0,4886279563,4868.081969,0.010005,388,16486,502,-2099,-1230,-82,194,0.23223756103515625,9.867702142333984,0.30047230834960936,30.356470588235297,-33801.52671755725,-2253.4351145038167,5331.297709923664
488381,0,0,0,4886289568,4868.091974,0.010005,426,16568,490,-2102,-1225,-85,196,0.2549824768066406,9.916783276367187,0.2932897033691406,30.34764705882353,-33664.122137404585,-2335.87786259542,5386.259541984733
488382,0,0,0,4886299574,4868.10198,0.010006,356,16578,512,-2103,-1228,-91,192,0.21308394775390624,9.922768780517577,0.3064578125,30.34470588235294,-33746.564885496184,-2500.7633587786263,5276.335877862595
488383,0,0,0,4886309579,4868.111985,0.010005,370,16530,456,-2103,-1225,-91,196,0.2214636535644531,9.894038360595703,0.27293898925781246,30.34470588235294,-33664.122137404585,-2500.7633587786263,5386.259541984733
488384,0,0,0,4886319584,4868.12199,0.010005,348,16536,454,-2100,-1230,-83,191,0.20829554443359374,9.897629663085937,0.27174188842773433,30.353529411764708,-33801.52671755725,-2280.916030534351,5248.854961832061
488385,0,0,0,4886329589,4868.131995,0.010005,366,16570,500,-2103,-1233,-84,187,0.21906945190429686,9.917980377197265,0.29927520751953124,30.34470588235294,-33883.96946564886,-2308.3969465648856,5138.931297709924
488386,0,0,0,4886339594,4868.142,0.010005,384,16546,520,-2108,-1235,-91,184,0.229843359375,9.903615167236328,0.3112462158203125,30.330000000000002,-33938.931297709925,-2500.7633587786263,5056.488549618321
488387,0,0,0,4886349600,4868.152006,0.010006,368,16510,454,-2107,-1235,-92,187,0.22026655273437498,9.882067352294921,0.27174188842773433,30.33294117647059,-33938.931297709925,-2528.2442748091603,5138.931297709924
488388,0,0,0,4886359605,4868.162011,0.010005,388,16512,474,-2098,-1232,-90,183,0.23223756103515625,9.883264453125,0.28371289672851563,30.359411764705882,-33856.48854961832,-2473.282442748092,5029.007633587787
488389,0,0,0,4886369610,4868.172016,0.010005,348,16530,534,-2101,-1232,-88,186,0.20829554443359374,9.894038360595703,0.31962592163085934,30.35058823529412,-33856.48854961832,-2418.320610687023,5111.4503816793895
488390,0,0,0,4886379615,4868.182021,0.010005,350,16610,504,-2108,-1229,-87,191,0.20949264526367187,9.941922393798828,0.3016694091796875,30.330000000000002,-33774.04580152672,-2390.8396946564885,5248.854961832061
488391,0,0,0,4886389620,4868.192026,0.010005,350,16564,506,-2100,-1232,-85,186,0.20949264526367187,9.91438907470703,0.3028665100097656,30.353529411764708,-33856.48854961832,-2335.87786259542,5111.4503816793895
488392,0,0,0,4886399625,4868.202031,0.010005,358,16554,518,-2100,-1230,-86,183,0.21428104858398436,9.90840357055664,0.31004911499023435,30.353529411764708,-33801.52671755725,-2363.3587786259545,5029.007633587787
488393,0,0,0,4886409631,4868.212037,0.010006,332,16598,436,-2105,-1227,-84,191,0.19871873779296872,9.934739788818359,0.2609679809570312,30.338823529411766,-33719.08396946565,-2308.3969465648856,5248.854961832061
488394,0,0,0,4886419636,4868.222042,0.010005,352,16580,458,-2095,-1234,-88,190,0.21068974609375,9.923965881347655,0.2741360900878906,30.368235294117646,-33911.45038167939,-2418.320610687023,5221.374045801527
488395,0,0,0,4886429641,4868.232047,0.010005,368,16538,510,-2098,-1228,-82,186,0.22026655273437498,9.898826763916015,0.30526071166992186,30.359411764705882,-33746.564885496184,-2253.4351145038167,5111.4503816793895
488396,0,0,0,4886439646,4868.242052,0.010005,382,16556,450,-2096,-1232,-80,188,0.22864625854492185,9.909600671386718,0.2693476867675781,30.36529411764706,-33856.48854961832,-2198.4732824427483,5166.412213740458
488397,0,0,0,4886449651,4868.252057,0.010005,344,16514,498,-2104,-1230,-82,186,0.2059013427734375,9.884461553955077,0.2980781066894531,30.341764705882355,-33801.52671755725,-2253.4351145038167,5111.4503816793895
488398,0,0,0,4886459656,4868.262062,0.010005,376,16574,504,-2099,-1230,-85,181,0.22505495605468748,9.920374578857421,0.3016694091796875,30.356470588235297,-33801.52671755725,-2335.87786259542,4974.045801526718
488399,0,0,0,4886469662,4868.272068,0.010006,392,16508,460,-2098,-1232,-89,187,0.2346317626953125,9.880870251464843,0.2753331909179687,30.359411764705882,-33856.48854961832,-2445.8015267175574,5138.931297709924
488400,0,0,0,4886479667,4868.282073,0.010005,384,16542,454,-2104,-1230,-86,179,0.229843359375,9.90122096557617,0.27174188842773433,30.341764705882355,-33801.52671755725,-2363.3587786259545,4919.083969465649
488401,0,0,0,4886489672,4868.292078,0.010005,378,16530,442,-2100,-1234,-82,186,0.2262520568847656,9.894038360595703,0.2645592834472656,30.353529411764708,-33911.45038167939,-2253.4351145038167,5111.4503816793895
488402,0,0,0,4886499677,4868.302083,0.010005,352,16610,424,-2100,-1234,-74,188,0.21068974609375,9.941922393798828,0.2537853759765625,30.353529411764708,-33911.45038167939,-2033.587786259542,5166.412213740458
488403,0,0,0,4886509682,4868.312088,0.010005,378,16552,430,-2105,-1231,-82,188,0.2262520568847656,9.907206469726562,0.25737667846679685,30.338823529411766,-33829.00763358779,-2253.4351145038167,5166.412213740458
488404,0,0,0,4886519688,4868.322094,0.010006,356,16520,458,-2100,-1232,-76,188,0.21308394775390624,9.888052856445311,0.2741360900878906,30.353529411764708,-33856.48854961832,-2088.549618320611,5166.412213740458
488405,0,0,0,4886529693,4868.332099,0.010005,370,16562,486,-2101,-1233,-81,184,0.2214636535644531,9.913191973876952,0.29089550170898437,30.35058823529412,-33883.96946564886,-2225.9541984732828,5056.488549618321
488406,0,0,0,4886539698,4868.342104,0.010005,370,16574,528,-2101,-1236,-81,188,0.2214636535644531,9.920374578857421,0.316034619140625,30.35058823529412,-33966.41221374046,-2225.9541984732828,5166.412213740458
488407,0,0,0,4886549703,4868.352109,0.010005,334,16552,550,-2094,-1236,-84,184,0.19991583862304688,9.907206469726562,0.32920272827148434,30.371176470588235,-33966.41221374046,-2308.3969465648856,5056.488549618321
488408,0,0,0,4886559708,4868.362114,0.010005,334,16552,524,-2095,-1234,-78,193,0.19991583862304688,9.907206469726562,0.3136404174804687,30.368235294117646,-33911.45038167939,-2143.5114503816794,5303.81679389313
488409,0,0,0,4886569713,4868.372119,0.010005,424,16574,468,-2104,-1236,-85,185,0.2537853759765625,9.920374578857421,0.28012159423828126,30.341764705882355,-33966.41221374046,-2335.87786259542,5083.9694656488555
488410,0,0,0,4886579719,4868.382125,0.010006,396,16502,434,-2099,-1237,-87,190,0.23702596435546874,9.87727894897461,0.2597708801269531,30.356470588235297,-33993.89312977099,-2390.8396946564885,5221.374045801527
488411,0,0,0,4886589724,4868.39213,0.010005,378,16542,504,-2108,-1230,-90,186,0.2262520568847656,9.90122096557617,0.3016694091796875,30.330000000000002,-33801.52671755725,-2473.282442748092,5111.4503816793895
488412,0,0,0,4886599729,4868.402135,0.010005,352,16552,444,-2111,-1232,-83,180,0.21068974609375,9.907206469726562,0.2657563842773437,30.321176470588235,-33856.48854961832,-2280.916030534351,4946.564885496184
488413,0,0,0,4886609734,4868.41214,0.010005,386,16530,480,-2105,-1230,-85,186,0.23104046020507812,9.894038360595703,0.28730419921875,30.338823529411766,-33801.52671755725,-2335.87786259542,5111.4503816793895
488414,0,0,0,4886619739,4868.422145,0.010005,412,16518,522,-2102,-1232,-83,183,0.24660277099609373,9.886855755615233,0.3124433166503906,30.34764705882353,-33856.48854961832,-2280.916030534351,5029.007633587787
488415,0,0,0,4886629745,4868.432151,0.010006,328,16554,468,-2104,-1232,-85,190,0.19632453613281248,9.90840357055664,0.28012159423828126,30.341764705882355,-33856.48854961832,-2335.87786259542,5221.374045801527
488416,0,0,0,4886639750,4868.442156,0.010005,328,16550,484,-2103,-1229,-85,191,0.19632453613281248,9.906009368896484,0.28969840087890625,30.34470588235294,-33774.04580152672,-2335.87786259542,5248.854961832061
488417,0,0,0,4886649755,4868.452161,0.010005,348,16568,432,-2102,-1229,-81,182,0.20829554443359374,9.916783276367187,0.258573779296875,30.34764705882353,-33774.04580152672,-2225.9541984732828,5001.526717557253
488418,0,0,0,4886659760,4868.462166,0.010005,380,16520,464,-2102,-1228,-83,180,0.22744915771484372,9.888052856445311,0.277727392578125,30.34764705882353,-33746.564885496184,-2280.916030534351,4946.564885496184
488419,0,0,0,4886669765,4868.472171,0.010005,360,16542,540,-2102,-1235,-78,183,0.2154781494140625,9.90122096557617,0.3232172241210937,30.34764705882353,-33938.931297709925,-2143.5114503816794,5029.007633587787
488420,0,0,0,4886679770,4868.482176,0.010005,376,16540,500,-2098,-1235,-81,187,0.22505495605468748,9.900023864746093,0.29927520751953124,30.359411764705882,-33938.931297709925,-2225.9541984732828,5138.931297709924
488421,0,0,0,4886689776,4868.492182,0.010006,356,16548,478,-2101,-1228,-85,191,0.21308394775390624,9.904812268066406,0.2861070983886719,30.35058823529412,-33746.564885496184,-2335.87786259542,5248.854961832061
488422,0,0,0,4886699781,4868.502187,0.010005,392,16542,430,-2104,-1229,-83,184,0.2346317626953125,9.90122096557617,0.25737667846679685,30.341764705882355,-33774.04580152672,-2280.916030534351,5056.488549618321
488423,0,0,0,4886709786,4868.512192,0.010005,374,16562,488,-2106,-1237,-86,186,0.22385785522460935,9.913191973876952,0.2920926025390625,30.335882352941177,-33993.89312977099,-2363.3587786259545,5111.4503816793895
488424,0,0,0,4886719791,4868.522197,0.010005,320,16520,498,-2107,-1224,-88,185,0.19153613281249998,9.888052856445311,0.2980781066894531,30.33294117647059,-33636.64122137405,-2418.320610687023,5083.9694656488555
488425,0,0,0,4886729796,4868.532202,0.010005,406,16578,452,-2103,-1232,-91,194,0.24301146850585936,9.922768780517577,0.2705447875976562,30.34470588235294,-33856.48854961832,-2500.7633587786263,5331.297709923664
488426,0,0,0,4886739801,4868.542207,0.010005,380,16564,496,-2104,-1232,-88,197,0.22744915771484372,9.91438907470703,0.296881005859375,30.341764705882355,-33856.48854961832,-2418.320610687023,5413.740458015267
488427,0,0,0,4886749807,4868.552213,0.010006,346,16544,492,-2107,-1231,-89,185,0.20709844360351562,9.90241806640625,0.29448680419921874,30.33294117647059,-33829.00763358779,-2445.8015267175574,5083.9694656488555
488428,0,0,0,4886759812,4868.562218,0.010005,358,16540,500,-2102,-1229,-87,178,0.21428104858398436,9.900023864746093,0.29927520751953124,30.34764705882353,-33774.04580152672,-2390.8396946564885,4891.603053435115
488429,0,0,0,4886769817,4868.572223,0.010005,340,16496,442,-2102,-1231,-86,184,0.20350714111328125,9.873687646484374,0.2645592834472656,30.34764705882353,-33829.00763358779,-2363.3587786259545,5056.488549618321
488430,0,0,0,4886779822,4868.582228,0.010005,354,16556,462,-2102,-1227,-85,180,0.21188684692382811,9.909600671386718,0.2765302917480469,30.34764705882353,-33719.08396946565,-2335.87786259542,4946.564885496184
488431,0,0,0,4886789827,4868.592233,0.010005,336,16586,518,-2104,-1232,-86,186,0.201112939453125,9.92755718383789,0.31004911499023435,30.341764705882355,-33856.48854961832,-2363.3587786259545,5111.4503816793895
488432,0,0,0,4886799833,4868.602239,0.010006,376,16560,482,-2104,-1230,-90,177,0.22505495605468748,9.911994873046874,0.2885013000488281,30.341764705882355,-33801.52671755725,-2473.282442748092,4864.122137404581
488433,0,0,0,4886809838,4868.612244,0.010005,362,16502,462,-2098,-1227,-80,180,0.2166752502441406,9.87727894897461,0.2765302917480469,30.359411764705882,-33719.08396946565,-2198.4732824427483,4946.564885496184
488434,0,0,0,4886819843,4868.622249,0.010005,356,16530,454,-2099,-1231,-89,180,0.21308394775390624,9.894038360595703,0.27174188842773433,30.356470588235297,-33829.00763358779,-2445.8015267175574,4946.564885496184
488435,0,0,0,4886829848,4868.632254,0.010005,396,16560,458,-2104,-1232,-85,180,0.23702596435546874,9.911994873046874,0.2741360900878906,30.341764705882355,-33856.48854961832,-2335.87786259542,4946.564885496184
488436,0,0,0,4886839853,4868.642259,0.010005,394,16560,468,-2105,-1231,-85,186,0.23582886352539062,9.911994873046874,0.28012159423828126,30.338823529411766,-33829.00763358779,-2335.87786259542,5111.4503816793895
488437,0,0,0,4886849858,4868.652264,0.010005,416,16532,476,-2106,-1228,-88,190,0.24899697265624998,9.89523546142578,0.28490999755859375,30.335882352941177,-33746.564885496184,-2418.320610687023,5221.374045801527
488438,0,0,0,4886859864,4868.66227,0.010006,324,16546,470,-2106,-1229,-88,190,0.19393033447265623,9.903615167236328,0.2813186950683594,30.335882352941177,-33774.04580152672,-2418.320610687023,5221.374045801527
488439,0,0,0,4886869869,4868.672275,0.010005,364,16544,528,-2101,-1234,-86,180,0.21787235107421873,9.90241806640625,0.316034619140625,30.35058823529412,-33911.45038167939,-2363.3587786259545,4946.564885496184
488440,0,0,0,4886879874,4868.68228,0.010005,372,16570,526,-2099,-1227,-75,189,0.22266075439453123,9.917980377197265,0.31483751831054685,30.356470588235297,-33719.08396946565,-2061.0687022900765,5193.893129770992
488441,0,0,0,4886889879,4868.692285,0.010005,368,16526,448,-2101,-1230,-83,190,0.22026655273437498,9.891644158935547,0.26815058593749996,30.35058823529412,-33801.52671755725,-2280.916030534351,5221.374045801527
488442,0,0,0,4886899884,4868.70229,0.010005,382,16564,448,-2101,-1228,-86,183,0.22864625854492185,9.91438907470703,0.26815058593749996,30.35058823529412,-33746.564885496184,-2363.3587786259545,5029.007633587787
488443,0,0,0,4886909890,4868.712296,0.010006,380,16592,504,-2104,-1232,-83,182,0.22744915771484372,9.931148486328125,0.3016694091796875,30.341764705882355,-33856.48854961832,-2280.916030534351,5001.526717557253
488444,0,0,0,4886919895,4868.722301,0.010005,374,16610,522,-2105,-1229,-85,187,0.22385785522460935,9.941922393798828,0.3124433166503906,30.338823529411766,-33774.04580152672,-2335.87786259542,5138.931297709924
488445,0,0,0,4886929900,4868.732306,0.010005,364,16560,504,-2097,-1230,-88,187,0.21787235107421873,9.911994873046874,0.3016694091796875,30.36235294117647,-33801.52671755725,-2418.320610687023,5138.931297709924
488446,0,0,0,4886939905,4868.742311,0.010005,356,16540,444,-2099,-1228,-88,185,0.21308394775390624,9.900023864746093,0.2657563842773437,30.356470588235297,-33746.564885496184,-2418.320610687023,5083.9694656488555
488447,0,0,0,4886949910,4868.752316,0.010005,344,16558,498,-2097,-1233,-87,191,0.2059013427734375,9.910797772216796,0.2980781066894531,30.36235294117647,-33883.96946564886,-2390.8396946564885,5248.854961832061
488448,0,0,0,4886959915,4868.762321,0.010005,412,16574,492,-2101,-1229,-82,183,0.24660277099609373,9.920374578857421,0.29448680419921874,30.35058823529412,-33774.04580152672,-2253.4351145038167,5029.007633587787
488449,0,0,0,4886969921,4868.772327,0.010006,324,16552,450,-2099,-1228,-92,181,0.19393033447265623,9.907206469726562,0.2693476867675781,30.356470588235297,-33746.564885496184,-2528.2442748091603,4974.045801526718
488450,0,0,0,4886979926,4868.782332,0.010005,374,16546,430,-2098,-1231,-85,182,0.22385785522460935,9.903615167236328,0.25737667846679685,30.359411764705882,-33829.00763358779,-2335.87786259542,5001.526717557253
488451,0,0,0,4886989931,4868.792337,0.010005,354,16580,482,-2103,-1229,-90,193,0.21188684692382811,9.923965881347655,0.2885013000488281,30.34470588235294,-33774.04580152672,-2473.282442748092,5303.81679389313
488452,0,0,0,4886999936,4868.802342,0.010005,346,16542,472,-2104,-1230,-89,180,0.20709844360351562,9.90122096557617,0.2825157958984375,30.341764705882355,-33801.52671755725,-2445.8015267175574,4946.564885496184
488453,0,0,0,4887009941,4868.812347,0.010005,368,16542,468,-2107,-1233,-81,179,0.22026655273437498,9.90122096557617,0.28012159423828126,30.33294117647059,-33883.96946564886,-2225.9541984732828,4919.083969465649
488454,0,0,0,4887019946,4868.822352,0.010005,360,16560,462,-2102,-1237,-83,177,0.2154781494140625,9.911994873046874,0.2765302917480469,30.34764705882353,-33993.89312977099,-2280.916030534351,4864.122137404581
488455,0,0,0,4887029952,4868.832358,0.010006,378,16546,460,-2099,-1235,-87,189,0.2262520568847656,9.903615167236328,0.2753331909179687,30.356470588235297,-33938.931297709925,-2390.8396946564885,5193.893129770992
488456,0,0,0,4887039957,4868.842363,0.010005,356,16532,452,-2102,-1229,-88,185,0.21308394775390624,9.89523546142578,0.2705447875976562,30.34764705882353,-33774.04580152672,-2418.320610687023,5083.9694656488555
488457,0,0,0,4887049962,4868.852368,0.010005,354,16554,490,-2105,-1236,-92,183,0.21188684692382811,9.90840357055664,0.2932897033691406,30.338823529411766,-33966.41221374046,-2528.2442748091603,5029.007633587787
488458,0,0,0,4887059967,4868.862373,0.010005,336,16528,516,-2102,-1233,-92,181,0.201112939453125,9.892841259765625,0.30885201416015623,30.34764705882353,-33883.96946564886,-2528.2442748091603,4974.045801526718
488459,0,0,0,4887069972,4868.872378,0.010005,370,16542,474,-2102,-1232,-85,201,0.2214636535644531,9.90122096557617,0.28371289672851563,30.34764705882353,-33856.48854961832,-2335.87786259542,5523.664122137405
488460,0,0,0,4887079978,4868.882384,0.010006,406,16530,512,-2109,-1230,-80,191,0.24301146850585936,9.894038360595703,0.3064578125,30.327058823529413,-33801.52671755725,-2198.4732824427483,5248.854961832061
488461,0,0,0,4887089983,4868.892389,0.010005,342,16594,468,-2107,-1233,-84,190,0.20470424194335937,9.932345587158203,0.28012159423828126,30.33294117647059,-33883.96946564886,-2308.3969465648856,5221.374045801527
488462,0,0,0,4887099988,4868.902394,0.010005,372,16562,498,-2101,-1230,-91,185,0.22266075439453123,9.913191973876952,0.2980781066894531,30.35058823529412,-33801.52671755725,-2500.7633587786263,5083.9694656488555
488463,0,0,0,4887109993,4868.912399,0.010005,376,16528,514,-2103,-1236,-89,192,0.22505495605468748,9.892841259765625,0.3076549133300781,30.34470588235294,-33966.41221374046,-2445.8015267175574,5276.335877862595
488464,0,0,0,4887119998,4868.922404,0.010005,334,16530,496,-2102,-1230,-88,193,0.19991583862304688,9.894038360595703,0.296881005859375,30.34764705882353,-33801.52671755725,-2418.320610687023,5303.81679389313
488465,0,0,0,4887130003,4868.932409,0.010005,426,16560,540,-2107,-1225,-86,186,0.2549824768066406,9.911994873046874,0.3232172241210937,30.33294117647059,-33664.122137404585,-2363.3587786259545,5111.4503816793895
488466,0,0,0,4887140009,4868.942415,0.010006,404,16542,468,-2099,-1230,-84,185,0.24181436767578124,9.90122096557617,0.28012159423828126,30.356470588235297,-33801.52671755725,-2308.3969465648856,5083.9694656488555
488467,0,0,0,4887150014,4868.95242,0.010005,336,16546,472,-2097,-1233,-79,184,0.201112939453125,9.903615167236328,0.2825157958984375,30.36235294117647,-33883.96946564886,-2170.992366412214,5056.488549618321
488468,0,0,0,4887160019,4868.962425,0.010005,332,16560,484,-2103,-1231,-83,184,0.19871873779296872,9.911994873046874,0.28969840087890625,30.34470588235294,-33829.00763358779,-2280.916030534351,5056.488549618321
488469,0,0,0,4887170024,4868.97243,0.010005,376,16516,450,-2105,-1232,-82,192,0.22505495605468748,9.885658654785155,0.2693476867675781,30.338823529411766,-33856.48854961832,-2253.4351145038167,5276.335877862595
488470,0,0,0,4887180029,4868.982435,0.010005,360,16572,440,-2103,-1234,-86,190,0.2154781494140625,9.919177478027343,0.26336218261718747,30.34470588235294,-33911.45038167939,-2363.3587786259545,5221.374045801527
488471,0,0,0,4887190035,4868.992441,0.010006,380,16562,500,-2097,-1232,-87,192,0.22744915771484372,9.913191973876952,0.29927520751953124,30.36235294117647,-33856.48854961832,-2390.8396946564885,5276.335877862595
488472,0,0,0,4887200040,4869.002446,0.010005,380,16522,506,-2102,-1231,-85,189,0.22744915771484372,9.889249957275391,0.3028665100097656,30.34764705882353,-33829.00763358779,-2335.87786259542,5193.893129770992
488473,0,0,0,4887210045,4869.012451,0.010005,362,16564,488,-2105,-1229,-86,191,0.2166752502441406,9.91438907470703,0.2920926025390625,30.338823529411766,-33774.04580152672,-2363.3587786259545,5248.854961832061
488474,0,0,0,4887220050,4869.022456,0.010005,356,16536,486,-2109,-1231,-86,185,0.21308394775390624,9.897629663085937,0.29089550170898437,30.327058823529413,-33829.00763358779,-2363.3587786259545,5083.9694656488555
488475,0,0,0,4887230055,4869.032461,0.010005,360,16542,406,-2106,-1233,-89,184,0.2154781494140625,9.90122096557617,0.24301146850585936,30.335882352941177,-33883.96946564886,-2445.8015267175574,5056.488549618321
488476,0,0,0,4887240060,4869.042466,0.010005,362,16526,480,-2102,-1229,-79,190,0.2166752502441406,9.891644158935547,0.28730419921875,30.34764705882353,-33774.04580152672,-2170.992366412214,5221.374045801527
488477,0,0,0,4887250066,4869.052472,0.010006,384,16516,496,-2099,-1233,-86,187,0.229843359375,9.885658654785155,0.296881005859375,30.356470588235297,-33883.96946564886,-2363.3587786259545,5138.931297709924
488478,0,0,0,4887260071,4869.062477,0.010005,374,16530,540,-2106,-1228,-91,183,0.22385785522460935,9.894038360595703,0.3232172241210937,30.335882352941177,-33746.564885496184,-2500.7633587786263,5029.007633587787
488479,0,0,0,4887270076,4869.072482,0.010005,404,16520,462,-2103,-1229,-87,185,0.24181436767578124,9.888052856445311,0.2765302917480469,30.34470588235294,-33774.04580152672,-2390.8396946564885,5083.9694656488555
488480,0,0,0,4887280081,4869.082487,0.010005,384,16506,430,-2101,-1230,-83,186,0.229843359375,9.879673150634765,0.25737667846679685,30.35058823529412,-33801.52671755725,-2280.916030534351,5111.4503816793895
488481,0,0,0,4887290086,4869.092492,0.010005,386,16550,468,-2111,-1234,-90,185,0.23104046020507812,9.906009368896484,0.28012159423828126,30.321176470588235,-33911.45038167939,-2473.282442748092,5083.9694656488555
488482,0,0,0,4887300091,4869.102497,0.010005,334,16546,462,-2105,-1232,-87,187,0.19991583862304688,9.903615167236328,0.2765302917480469,30.338823529411766,-33856.48854961832,-2390.8396946564885,5138.931297709924
488483,0,0,0,4887310097,4869.112503,0.010006,336,16534,490,-2108,-1236,-92,189,0.201112939453125,9.896432562255859,0.2932897033691406,30.330000000000002,-33966.41221374046,-2528.2442748091603,5193.893129770992
488484,0,0,0,4887320102,4869.122508,0.010005,414,16518,500,-2102,-1232,-87,191,0.24779987182617186,9.886855755615233,0.29927520751953124,30.34764705882353,-33856.48854961832,-2390.8396946564885,5248.854961832061
488485,0,0,0,4887330107,4869.132513,0.010005,364,16552,440,-2102,-1229,-86,182,0.21787235107421873,9.907206469726562,0.26336218261718747,30.34764705882353,-33774.04580152672,-2363.3587786259545,5001.526717557253
488486,0,0,0,4887340112,4869.142518,0.010005,386,16524,482,-2098,-1234,-86,186,0.23104046020507812,9.890447058105469,0.2885013000488281,30.359411764705882,-33911.45038167939,-2363.3587786259545,5111.4503816793895
488487,0,0,0,4887350117,4869.152523,0.010005,412,16584,452,-2101,-1238,-86,186,0.24660277099609373,9.926360083007811,0.2705447875976562,30.35058823529412,-34021.37404580153,-2363.3587786259545,5111.4503816793895
488488,0,0,0,4887360123,4869.162529,0.010006,428,16582,464,-2105,-1232,-86,193,0.2561795776367187,9.925162982177733,0.277727392578125,30.338823529411766,-33856.48854961832,-2363.3587786259545,5303.81679389313
488489,0,0,0,4887370128,4869.172534,0.010005,390,16520,514,-2101,-1231,-86,186,0.23343466186523437,9.888052856445311,0.3076549133300781,30.35058823529412,-33829.00763358779,-2363.3587786259545,5111.4503816793895
488490,0,0,0,4887380133,4869.182539,0.010005,362,16556,486,-2101,-1228,-83,183,0.2166752502441406,9.909600671386718,0.29089550170898437,30.35058823529412,-33746.564885496184,-2280.916030534351,5029.007633587787
488491,0,0,0,4887390138,4869.192544,0.010005,420,16546,468,-2107,-1228,-85,183,0.25139117431640623,9.903615167236328,0.28012159423828126,30.33294117647059,-33746.564885496184,-2335.87786259542,5029.007633587787
488492,0,0,0,4887400143,4869.202549,0.010005,376,16564,482,-2100,-1232,-81,185,0.22505495605468748,9.91438907470703,0.2885013000488281,30.353529411764708,-33856.48854961832,-2225.9541984732828,5083.9694656488555
488493,0,0,0,4887410148,4869.212554,0.010005,404,16550,434,-2106,-1234,-81,200,0.24181436767578124,9.906009368896484,0.2597708801269531,30.335882352941177,-33911.45038167939,-2225.9541984732828,5496.183206106871
488494,0,0,0,4887420154,4869.22256,0.010006,366,16540,472,-2106,-1231,-81,194,0.21906945190429686,9.900023864746093,0.2825157958984375,30.335882352941177,-33829.00763358779,-2225.9541984732828,5331.297709923664
488495,0,0,0,4887430159,4869.232565,0.010005,336,16600,482,-2105,-1230,-84,187,0.201112939453125,9.935936889648437,0.2885013000488281,30.338823529411766,-33801.52671755725,-2308.3969465648856,5138.931297709924
488496,0,0,0,4887440164,4869.24257,0.010005,372,16552,488,-2106,-1232,-82,186,0.22266075439453123,9.907206469726562,0.2920926025390625,30.335882352941177,-33856.48854961832,-2253.4351145038167,5111.4503816793895
488497,0,0,0,4887450169,4869.252575,0.010005,348,16578,492,-2105,-1236,-81,186,0.20829554443359374,9.922768780517577,0.29448680419921874,30.338823529411766,-33966.41221374046,-2225.9541984732828,5111.4503816793895
488498,0,0,0,4887460174,4869.26258,0.010005,390,16588,480,-2105,-1231,-85,191,0.23343466186523437,9.928754284667969,0.28730419921875,30.338823529411766,-33829.00763358779,-2335.87786259542,5248.854961832061
488499,0,0,0,4887470180,4869.272586,0.010006,384,16558,472,-2101,-1231,-82,185,0.229843359375,9.910797772216796,0.2825157958984375,30.35058823529412,-33829.00763358779,-2253.4351145038167,5083.9694656488555
488500,0,0,0,4887480185,4869.282591,0.010005,368,16554,516,-2107,-1228,-80,189,0.22026655273437498,9.90840357055664,0.30885201416015623,30.33294117647059,-33746.564885496184,-2198.4732824427483,5193.893129770992
488501,0,0,0,4887490190,4869.292596,0.010005,392,16562,464,-2102,-1233,-88,188,0.2346317626953125,9.913191973876952,0.277727392578125,30.34764705882353,-33883.96946564886,-2418.320610687023,5166.412213740458
488502,0,0,0,4887500195,4869.302601,0.010005,362,16570,510,-2102,-1226,-87,183,0.2166752502441406,9.917980377197265,0.30526071166992186,30.34764705882353,-33691.603053435116,-2390.8396946564885,5029.007633587787
488503,0,0,0,4887510200,4869.312606,0.010005,364,16524,448,-2100,-1233,-86,182,0.21787235107421873,9.890447058105469,0.26815058593749996,30.353529411764708,-33883.96946564886,-2363.3587786259545,5001.526717557253
488504,0,0,0,4887520205,4869.322611,0.010005,360,16526,458,-2102,-1233,-82,192,0.2154781494140625,9.891644158935547,0.2741360900878906,30.34764705882353,-33883.96946564886,-2253.4351145038167,5276.335877862595
488505,0,0,0,4887530211,4869.332617,0.010006,410,16566,496,-2098,-1231,-84,187,0.2454056701660156,9.91558617553711,0.296881005859375,30.359411764705882,-33829.00763358779,-2308.3969465648856,5138.931297709924
488506,0,0,0,4887540216,4869.342622,0.010005,372,16564,454,-2100,-1230,-84,180,0.22266075439453123,9.91438907470703,0.27174188842773433,30.353529411764708,-33801.52671755725,-2308.3969465648856,4946.564885496184
488507,0,0,0,4887550221,4869.352627,0.010005,388,16540,498,-2108,-1232,-89,183,0.23223756103515625,9.900023864746093,0.2980781066894531,30.330000000000002,-33856.48854961832,-2445.8015267175574,5029.007633587787
488508,0,0,0,4887560226,4869.362632,0.010005,390,16530,486,-2105,-1227,-90,187,0.23343466186523437,9.894038360595703,0.29089550170898437,30.338823529411766,-33719.08396946565,-2473.282442748092,5138.931297709924
488509,0,0,0,4887570231,4869.372637,0.010005,352,16550,468,-2105,-1229,-88,180,0.21068974609375,9.906009368896484,0.28012159423828126,30.338823529411766,-33774.04580152672,-2418.320610687023,4946.564885496184
488510,0,0,0,4887580237,4869.382643,0.010006,342,16562,502,-2104,-1231,-81,188,0.20470424194335937,9.913191973876952,0.30047230834960936,30.341764705882355,-33829.00763358779,-2225.9541984732828,5166.412213740458
488511,0,0,0,4887590242,4869.392648,0.010005,382,16562,482,-2105,-1233,-91,185,0.22864625854492185,9.913191973876952,0.2885013000488281,30.338823529411766,-33883.96946564886,-2500.7633587786263,5083.9694656488555
488512,0,0,0,4887600247,4869.402653,0.010005,326,16508,466,-2108,-1233,-89,188,0.19512743530273435,9.880870251464843,0.27892449340820313,30.330000000000002,-33883.96946564886,-2445.8015267175574,5166.412213740458
488513,0,0,0,4887610252,4869.412658,0.010005,360,16554,532,-2104,-1229,-88,188,0.2154781494140625,9.90840357055664,0.3184288208007812,30.341764705882355,-33774.04580152672,-2418.320610687023,5166.412213740458
488514,0,0,0,4887620257,4869.422663,0.010005,330,16542,452,-2096,-1237,-86,188,0.1975216369628906,9.90122096557617,0.2705447875976562,30.36529411764706,-33993.89312977099,-2363.3587786259545,5166.412213740458
488515,0,0,0,4887630262,4869.432668,0.010005,382,16550,534,-2103,-1230,-81,182,0.22864625854492185,9.906009368896484,0.31962592163085934,30.34470588235294,-33801.52671755725,-2225.9541984732828,5001.526717557253
488516,0,0,0,4887640268,4869.442674,0.010006,362,16534,428,-2101,-1231,-87,180,0.2166752502441406,9.896432562255859,0.2561795776367187,30.35058823529412,-33829.00763358779,-2390.8396946564885,4946.564885496184
488517,0,0,0,4887650273,4869.452679,0.010005,396,16546,522,-2109,-1222,-88,178,0.23702596435546874,9.903615167236328,0.3124433166503906,30.327058823529413,-33581.67938931298,-2418.320610687023,4891.603053435115
488518,0,0,0,4887660278,4869.462684,0.010005,400,16538,510,-2105,-1235,-93,183,0.239420166015625,9.898826763916015,0.30526071166992186,30.338823529411766,-33938.931297709925,-2555.7251908396947,5029.007633587787
488519,0,0,0,4887670283,4869.472689,0.010005,384,16590,430,-2104,-1235,-91,190,0.229843359375,9.929951385498047,0.25737667846679685,30.341764705882355,-33938.931297709925,-2500.7633587786263,5221.374045801527
488520,0,0,0,4887680288,4869.482694,0.010005,408,16526,476,-2105,-1232,-90,187,0.2442085693359375,9.891644158935547,0.28490999755859375,30.338823529411766,-33856.48854961832,-2473.282442748092,5138.931297709924
488521,0,0,0,4887690293,4869.492699,0.010005,368,16516,452,-2105,-1233,-90,184,0.22026655273437498,9.885658654785155,0.2705447875976562,30.338823529411766,-33883.96946564886,-2473.282442748092,5056.488549618321
488522,0,0,0,4887700299,4869.502705,0.010006,386,16572,426,-2102,-1233,-84,182,0.23104046020507812,9.919177478027343,0.2549824768066406,30.34764705882353,-33883.96946564886,-2308.3969465648856,5001.526717557253
488523,0,0,0,4887710304,4869.51271,0.010005,350,16566,482,-2100,-1228,-90,183,0.20949264526367187,9.91558617553711,0.2885013000488281,30.353529411764708,-33746.564885496184,-2473.282442748092,5029.007633587787
488524,0,0,0,4887720309,4869.522715,0.010005,362,16514,464,-2109,-1227,-92,184,0.2166752502441406,9.884461553955077,0.277727392578125,30.327058823529413,-33719.08396946565,-2528.2442748091603,5056.488549618321
488525,0,0,0,4887730314,4869.53272,0.010005,340,16548,488,-2106,-1231,-87,186,0.20350714111328125,9.904812268066406,0.2920926025390625,30.335882352941177,-33829.00763358779,-2390.8396946564885,5111.4503816793895
488526,0,0,0,4887740319,4869.542725,0.010005,380,16530,468,-2108,-1231,-85,195,0.22744915771484372,9.894038360595703,0.28012159423828126,30.330000000000002,-33829.00763358779,-2335.87786259542,5358.778625954199
488527,0,0,0,4887750325,4869.552731,0.010006,372,16506,458,-2104,-1229,-84,185,0.22266075439453123,9.879673150634765,0.2741360900878906,30.341764705882355,-33774.04580152672,-2308.3969465648856,5083.9694656488555
488528,0,0,0,4887760330,4869.562736,0.010005,330,16540,460,-2103,-1232,-86,188,0.1975216369628906,9.900023864746093,0.2753331909179687,30.34470588235294,-33856.48854961832,-2363.3587786259545,5166.412213740458
488529,0,0,0,4887770335,4869.572741,0.010005,372,16546,446,-2104,-1236,-86,188,0.22266075439453123,9.903615167236328,0.26695348510742184,30.341764705882355,-33966.41221374046,-2363.3587786259545,5166.412213740458
488530,0,0,0,4887780340,4869.582746,0.010005,414,16486,478,-2103,-1236,-85,185,0.24779987182617186,9.867702142333984,0.2861070983886719,30.34470588235294,-33966.41221374046,-2335.87786259542,5083.9694656488555
488531,0,0,0,4887790345,4869.592751,0.010005,362,16526,476,-2105,-1235,-90,182,0.2166752502441406,9.891644158935547,0.28490999755859375,30.338823529411766,-33938.931297709925,-2473.282442748092,5001.526717557253
488532,0,0,0,4887800350,4869.602756,0.010005,356,16512,464,-2102,-1237,-84,190,0.21308394775390624,9.883264453125,0.277727392578125,30.34764705882353,-33993.89312977099,-2308.3969465648856,5221.374045801527
488533,0,0,0,4887810356,4869.612762,0.010006,346,16562,460,-2108,-1230,-87,188,0.20709844360351562,9.913191973876952,0.2753331909179687,30.330000000000002,-33801.52671755725,-2390.8396946564885,5166.412213740458
488534,0,0,0,4887820361,4869.622767,0.010005,360,16568,478,-2104,-1236,-83,186,0.2154781494140625,9.916783276367187,0.2861070983886719,30.341764705882355,-33966.41221374046,-2280.916030534351,5111.4503816793895
488535,0,0,0,4887830366,4869.632772,0.010005,436,16496,458,-2106,-1233,-85,188,0.2609679809570312,9.873687646484374,0.2741360900878906,30.335882352941177,-33883.96946564886,-2335.87786259542,5166.412213740458
488536,0,0,0,4887840371,4869.642777,0.010005,406,16532,478,-2097,-1228,-85,183,0.24301146850585936,9.89523546142578,0.2861070983886719,30.36235294117647,-33746.564885496184,-2335.87786259542,5029.007633587787
488537,0,0,0,4887850376,4869.652782,0.010005,366,16534,494,-2098,-1229,-85,181,0.21906945190429686,9.896432562255859,0.29568390502929687,30.359411764705882,-33774.04580152672,-2335.87786259542,4974.045801526718
488538,0,0,0,4887860382,4869.662788,0.010006,352,16566,454,-2105,-1236,-85,179,0.21068974609375,9.91558617553711,0.27174188842773433,30.338823529411766,-33966.41221374046,-2335.87786259542,4919.083969465649
488539,0,0,0,4887870387,4869.672793,0.010005,340,16564,520,-2104,-1229,-87,183,0.20350714111328125,9.91438907470703,0.3112462158203125,30.341764705882355,-33774.04580152672,-2390.8396946564885,5029.007633587787
488540,0,0,0,4887880392,4869.682798,0.010005,378,16552,454,-2102,-1229,-84,183,0.2262520568847656,9.907206469726562,0.27174188842773433,30.34764705882353,-33774.04580152672,-2308.3969465648856,5029.007633587787
488541,0,0,0,4887890397,4869.692803,0.010005,356,16528,474,-2103,-1230,-83,187,0.21308394775390624,9.892841259765625,0.28371289672851563,30.34470588235294,-33801.52671755725,-2280.916030534351,5138.931297709924
488542,0,0,0,4887900402,4869.702808,0.010005,374,16520,550,-2100,-1234,-87,185,0.22385785522460935,9.888052856445311,0.32920272827148434,30.353529411764708,-33911.45038167939,-2390.8396946564885,5083.9694656488555
488543,0,0,0,4887910407,4869.712813,0.010005,388,16518,490,-2104,-1229,-87,194,0.23223756103515625,9.886855755615233,0.2932897033691406,30.341764705882355,-33774.04580152672,-2390.8396946564885,5331.297709923664
488544,0,0,0,4887920413,4869.722819,0.010006,362,16526,520,-2098,-1233,-86,182,0.2166752502441406,9.891644158935547,0.3112462158203125,30.359411764705882,-33883.96946564886,-2363.3587786259545,5001.526717557253
488545,0,0,0,4887930418,4869.732824,0.010005,350,16560,440,-2100,-1231,-89,182,0.20949264526367187,9.911994873046874,0.26336218261718747,30.353529411764708,-33829.00763358779,-2445.8015267175574,5001.526717557253
488546,0,0,0,4887940423,4869.742829,0.010005,372,16542,480,-2098,-1229,-88,183,0.22266075439453123,9.90122096557617,0.28730419921875,30.359411764705882,-33774.04580152672,-2418.320610687023,5029.007633587787
488547,0,0,0,4887950428,4869.752834,0.010005,366,16552,452,-2109,-1226,-94,187,0.21906945190429686,9.907206469726562,0.2705447875976562,30.327058823529413,-33691.603053435116,-2583.206106870229,5138.931297709924
488548,0,0,0,4887960433,4869.762839,0.010005,346,16540,484,-2105,-1229,-86,189,0.20709844360351562,9.900023864746093,0.28969840087890625,30.338823529411766,-33774.04580152672,-2363.3587786259545,5193.893129770992
488549,0,0,0,4887970439,4869.772845,0.010006,344,16578,478,-2103,-1229,-84,191,0.2059013427734375,9.922768780517577,0.2861070983886719,30.34470588235294,-33774.04580152672,-2308.3969465648856,5248.854961832061
488550,0,0,0,4887980444,4869.78285,0.010005,380,16532,530,-2106,-1235,-85,189,0.22744915771484372,9.89523546142578,0.3172317199707031,30.335882352941177,-33938.931297709925,-2335.87786259542,5193.893129770992
488551,0,0,0,4887990449,4869.792855,0.010005,406,16516,550,-2099,-1231,-87,182,0.24301146850585936,9.885658654785155,0.32920272827148434,30.356470588235297,-33829.00763358779,-2390.8396946564885,5001.526717557253
488552,0,0,0,4888000454,4869.80286,0.010005,360,16550,412,-2101,-1223,-90,186,0.2154781494140625,9.906009368896484,0.24660277099609373,30.35058823529412,-33609.16030534351,-2473.282442748092,5111.4503816793895
488553,0,0,0,4888010459,4869.812865,0.010005,412,16542,490,-2101,-1226,-84,185,0.24660277099609373,9.90122096557617,0.2932897033691406,30.35058823529412,-33691.603053435116,-2308.3969465648856,5083.9694656488555
488554,0,0,0,4888020464,4869.82287,0.010005,388,16542,450,-2105,-1235,-89,190,0.23223756103515625,9.90122096557617,0.2693476867675781,30.338823529411766,-33938.931297709925,-2445.8015267175574,5221.374045801527
488555,0,0,0,4888030470,4869.832876,0.010006,404,16536,486,-2102,-1230,-91,186,0.24181436767578124,9.897629663085937,0.29089550170898437,30.34764705882353,-33801.52671755725,-2500.7633587786263,5111.4503816793895
488556,0,0,0,4888040475,4869.842881,0.010005,362,16528,474,-2108,-1232,-89,187,0.2166752502441406,9.892841259765625,0.28371289672851563,30.330000000000002,-33856.48854961832,-2445.8015267175574,5138.931297709924
488557,0,0,0,4888050480,4869.852886,0.010005,358,16586,474,-2104,-1229,-89,185,0.21428104858398436,9.92755718383789,0.28371289672851563,30.341764705882355,-33774.04580152672,-2445.8015267175574,5083.9694656488555
488558,0,0,0,4888060485,4869.862891,0.010005,354,16554,468,-2100,-1229,-88,193,0.21188684692382811,9.90840357055664,0.28012159423828126,30.353529411764708,-33774.04580152672,-2418.320610687023,5303.81679389313
488559,0,0,0,4888070490,4869.872896,0.010005,402,16582,482,-2096,-1234,-84,183,0.24061726684570311,9.925162982177733,0.2885013000488281,30.36529411764706,-33911.45038167939,-2308.3969465648856,5029.007633587787
488560,0,0,0,4888080495,4869.882901,0.010005,378,16524,484,-2105,-1233,-92,184,0.2262520568847656,9.890447058105469,0.28969840087890625,30.338823529411766,-33883.96946564886,-2528.2442748091603,5056.488549618321
488561,0,0,0,4888090501,4869.892907,0.010006,402,16526,480,-2098,-1232,-87,183,0.24061726684570311,9.891644158935547,0.28730419921875,30.359411764705882,-33856.48854961832,-2390.8396946564885,5029.007633587787
488562,0,0,0,4888100506,4869.902912,0.010005,368,16568,456,-2105,-1228,-88,192,0.22026655273437498,9.916783276367187,0.27293898925781246,30.338823529411766,-33746.564885496184,-2418.320610687023,5276.335877862595
488563,0,0,0,4888110511,4869.912917,0.010005,416,16542,514,-2104,-1230,-86,191,0.24899697265624998,9.90122096557617,0.3076549133300781,30.341764705882355,-33801.52671755725,-2363.3587786259545,5248.854961832061
488564,0,0,0,4888120516,4869.922922,0.010005,324,16542,454,-2099,-1231,-82,191,0.19393033447265623,9.90122096557617,0.27174188842773433,30.356470588235297,-33829.00763358779,-2253.4351145038167,5248.854961832061
488565,0,0,0,4888130521,4869.932927,0.010005,342,16540,470,-2101,-1230,-89,190,0.20470424194335937,9.900023864746093,0.2813186950683594,30.35058823529412,-33801.52671755725,-2445.8015267175574,5221.374045801527
488566,0,0,0,4888140527,4869.942933,0.010006,370,16512,466,-2104,-1236,-87,185,0.2214636535644531,9.883264453125,0.27892449340820313,30.341764705882355,-33966.41221374046,-2390.8396946564885,5083.9694656488555
488567,0,0,0,4888150532,4869.952938,0.010005,402,16576,460,-2099,-1233,-83,179,0.24061726684570311,9.9215716796875,0.2753331909179687,30.356470588235297,-33883.96946564886,-2280.916030534351,4919.083969465649
488568,0,0,0,4888160537,4869.962943,0.010005,390,16540,488,-2098,-1228,-82,185,0.23343466186523437,9.900023864746093,0.2920926025390625,30.359411764705882,-33746.564885496184,-2253.4351145038167,5083.9694656488555
488569,0,0,0,4888170542,4869.972948,0.010005,354,16572,504,-2103,-1232,-85,189,0.21188684692382811,9.919177478027343,0.3016694091796875,30.34470588235294,-33856.48854961832,-2335.87786259542,5193.893129770992
488570,0,0,0,4888180547,4869.982953,0.010005,382,16542,492,-2099,-1228,-87,193,0.22864625854492185,9.90122096557617,0.29448680419921874,30.356470588235297,-33746.564885496184,-2390.8396946564885,5303.81679389313
488571,0,0,0,4888190552,4869.992958,0.010005,388,16512,488,-2105,-1227,-77,193,0.23223756103515625,9.883264453125,0.2920926025390625,30.338823529411766,-33719.08396946565,-2116.030534351145,5303.81679389313
488572,0,0,0,4888200558,4870.002964,0.010006,396,16520,432,-2103,-1236,-81,190,0.23702596435546874,9.888052856445311,0.258573779296875,30.34470588235294,-33966.41221374046,-2225.9541984732828,5221.374045801527
488573,0,0,0,4888210563,4870.012969,0.010005,356,16558,446,-2101,-1235,-76,188,0.21308394775390624,9.910797772216796,0.26695348510742184,30.35058823529412,-33938.931297709925,-2088.549618320611,5166.412213740458
488574,0,0,0,4888220568,4870.022974,0.010005,324,16570,444,-2103,-1238,-83,184,0.19393033447265623,9.917980377197265,0.2657563842773437,30.34470588235294,-34021.37404580153,-2280.916030534351,5056.488549618321
488575,0,0,0,4888230573,4870.032979,0.010005,404,16562,494,-2102,-1232,-80,193,0.24181436767578124,9.913191973876952,0.29568390502929687,30.34764705882353,-33856.48854961832,-2198.4732824427483,5303.81679389313
488576,0,0,0,4888240578,4870.042984,0.010005,380,16578,468,-2105,-1226,-80,185,0.22744915771484372,9.922768780517577,0.28012159423828126,30.338823529411766,-33691.603053435116,-2198.4732824427483,5083.9694656488555
488577,0,0,0,4888250584,4870.05299,0.010006,376,16530,470,-2102,-1230,-82,187,0.22505495605468748,9.894038360595703,0.2813186950683594,30.34764705882353,-33801.52671755725,-2253.4351145038167,5138.931297709924
488578,0,0,0,4888260589,4870.062995,0.010005,350,16514,448,-2102,-1231,-87,190,0.20949264526367187,9.884461553955077,0.26815058593749996,30.34764705882353,-33829.00763358779,-2390.8396946564885,5221.374045801527
488579,0,0,0,4888270594,4870.073,0.010005,354,16576,536,-2098,-1225,-86,187,0.21188684692382811,9.9215716796875,0.32082302246093747,30.359411764705882,-33664.122137404585,-2363.3587786259545,5138.931297709924
488580,0,0,0,4888280599,4870.083005,0.010005,366,16550,462,-2101,-1229,-88,186,0.21906945190429686,9.906009368896484,0.2765302917480469,30.35058823529412,-33774.04580152672,-2418.320610687023,5111.4503816793895
488581,0,0,0,4888290604,4870.09301,0.010005,404,16528,474,-2104,-1227,-86,183,0.24181436767578124,9.892841259765625,0.28371289672851563,30.341764705882355,-33719.08396946565,-2363.3587786259545,5029.007633587787
488582,0,0,0,4888300609,4870.103015,0.010005,398,16564,510,-2101,-1224,-82,182,0.23822306518554687,9.91438907470703,0.30526071166992186,30.35058823529412,-33636.64122137405,-2253.4351145038167,5001.526717557253
488583,0,0,0,4888310615,4870.113021,0.010006,386,16520,446,-2104,-1230,-83,193,0.23104046020507812,9.888052856445311,0.26695348510742184,30.341764705882355,-33801.52671755725,-2280.916030534351,5303.81679389313
488584,0,0,0,4888320620,4870.123026,0.010005,368,16544,442,-2101,-1234,-80,192,0.22026655273437498,9.90241806640625,0.2645592834472656,30.35058823529412,-33911.45038167939,-2198.4732824427483,5276.335877862595
488585,0,0,0,4888330625,4870.133031,0.010005,364,16500,482,-2101,-1231,-87,188,0.21787235107421873,9.87608184814453,0.2885013000488281,30.35058823529412,-33829.00763358779,-2390.8396946564885,5166.412213740458
488586,0,0,0,4888340630,4870.143036,0.010005,370,16546,460,-2099,-1236,-94,196,0.2214636535644531,9.903615167236328,0.2753331909179687,30.356470588235297,-33966.41221374046,-2583.206106870229,5386.259541984733
488587,0,0,0,4888350635,4870.153041,0.010005,356,16554,508,-2098,-1230,-80,194,0.21308394775390624,9.90840357055664,0.30406361083984373,30.359411764705882,-33801.52671755725,-2198.4732824427483,5331.297709923664
488588,0,0,0,4888360641,4870.163047,0.010006,380,16534,486,-2098,-1234,-93,176,0.22744915771484372,9.896432562255859,0.29089550170898437,30.359411764705882,-33911.45038167939,-2555.7251908396947,4836.641221374046
488589,0,0,0,4888370646,4870.173052,0.010005,348,16504,462,-2100,-1231,-90,180,0.20829554443359374,9.878476049804688,0.2765302917480469,30.353529411764708,-33829.00763358779,-2473.282442748092,4946.564885496184
488590,0,0,0,4888380651,4870.183057,0.010005,388,16584,496,-2106,-1233,-86,180,0.23223756103515625,9.926360083007811,0.296881005859375,30.335882352941177,-33883.96946564886,-2363.3587786259545,4946.564885496184
488591,0,0,0,4888390656,4870.193062,0.010005,380,16578,450,-2105,-1230,-82,186,0.22744915771484372,9.922768780517577,0.2693476867675781,30.338823529411766,-33801.52671755725,-2253.4351145038167,5111.4503816793895
488592,0,0,0,4888400661,4870.203067,0.010005,364,16572,478,-2102,-1229,-84,190,0.21787235107421873,9.919177478027343,0.2861070983886719,30.34764705882353,-33774.04580152672,-2308.3969465648856,5221.374045801527
488593,0,0,0,4888410666,4870.213072,0.010005,358,16560,498,-2101,-1228,-85,187,0.21428104858398436,9.911994873046874,0.2980781066894531,30.35058823529412,-33746.564885496184,-2335.87786259542,5138.931297709924
488594,0,0,0,4888420672,4870.223078,0.010006,386,16546,474,-2101,-1227,-86,180,0.23104046020507812,9.903615167236328,0.28371289672851563,30.35058823529412,-33719.08396946565,-2363.3587786259545,4946.564885496184
488595,0,0,0,4888430677,4870.233083,0.010005,394,16558,474,-2103,-1229,-82,186,0.23582886352539062,9.910797772216796,0.28371289672851563,30.34470588235294,-33774.04580152672,-2253.4351145038167,5111.4503816793895
488596,0,0,0,4888440682,4870.243088,0.010005,394,16556,504,-2103,-1231,-81,185,0.23582886352539062,9.909600671386718,0.3016694091796875,30.34470588235294,-33829.00763358779,-2225.9541984732828,5083.9694656488555
488597,0,0,0,4888450687,4870.253093,0.010005,360,16568,502,-2101,-1231,-85,187,0.2154781494140625,9.916783276367187,0.30047230834960936,30.35058823529412,-33829.00763358779,-2335.87786259542,5138.931297709924
488598,0,0,0,4888460692,4870.263098,0.010005,324,16540,454,-2098,-1228,-84,186,0.19393033447265623,9.900023864746093,0.27174188842773433,30.359411764705882,-33746.564885496184,-2308.3969465648856,5111.4503816793895
488599,0,0,0,4888470697,4870.273103,0.010005,390,16532,466,-2103,-1232,-80,187,0.23343466186523437,9.89523546142578,0.27892449340820313,30.34470588235294,-33856.48854961832,-2198.4732824427483,5138.931297709924
488600,0,0,0,4888480703,4870.283109,0.010006,320,16544,484,-2108,-1233,-85,189,0.19153613281249998,9.90241806640625,0.28969840087890625,30.330000000000002,-33883.96946564886,-2335.87786259542,5193.893129770992
488601,0,0,0,4888490708,4870.293114,0.010005,348,16562,440,-2098,-1233,-83,188,0.20829554443359374,9.913191973876952,0.26336218261718747,30.359411764705882,-33883.96946564886,-2280.916030534351,5166.412213740458
488602,0,0,0,4888500713,4870.303119,0.010005,370,16588,498,-2097,-1235,-88,187,0.2214636535644531,9.928754284667969,0.2980781066894531,30.36235294117647,-33938.931297709925,-2418.320610687023,5138.931297709924
488603,0,0,0,4888510718,4870.313124,0.010005,342,16560,444,-2103,-1229,-90,185,0.20470424194335937,9.911994873046874,0.2657563842773437,30.34470588235294,-33774.04580152672,-2473.282442748092,5083.9694656488555
488604,0,0,0,4888520723,4870.323129,0.010005,364,16586,510,-2099,-1228,-87,188,0.21787235107421873,9.92755718383789,0.30526071166992186,30.356470588235297,-33746.564885496184,-2390.8396946564885,5166.412213740458
488605,0,0,0,4888530729,4870.333135,0.010006,400,16582,492,-2105,-1234,-95,180,0.239420166015625,9.925162982177733,0.29448680419921874,30.338823529411766,-33911.45038167939,-2610.6870229007636,4946.564885496184
488606,0,0,0,4888540734,4870.34314,0.010005,398,16548,448,-2107,-1237,-85,185,0.23822306518554687,9.904812268066406,0.26815058593749996,30.33294117647059,-33993.89312977099,-2335.87786259542,5083.9694656488555
488607,0,0,0,4888550739,4870.353145,0.010005,382,16496,452,-2102,-1229,-82,190,0.22864625854492185,9.873687646484374,0.2705447875976562,30.34764705882353,-33774.04580152672,-2253.4351145038167,5221.374045801527
488608,0,0,0,4888560744,4870.36315,0.010005,412,16552,448,-2098,-1229,-87,182,0.24660277099609373,9.907206469726562,0.26815058593749996,30.359411764705882,-33774.04580152672,-2390.8396946564885,5001.526717557253
488609,0,0,0,4888570749,4870.373155,0.010005,414,16528,536,-2098,-1232,-89,182,0.24779987182617186,9.892841259765625,0.32082302246093747,30.359411764705882,-33856.48854961832,-2445.8015267175574,5001.526717557253
488610,0,0,0,4888580754,4870.38316,0.010005,352,16550,442,-2105,-1232,-84,183,0.21068974609375,9.906009368896484,0.2645592834472656,30.338823529411766,-33856.48854961832,-2308.3969465648856,5029.007633587787
488611,0,0,0,4888590760,4870.393166,0.010006,352,16528,430,-2095,-1233,-83,192,0.21068974609375,9.892841259765625,0.25737667846679685,30.368235294117646,-33883.96946564886,-2280.916030534351,5276.335877862595
488612,0,0,0,4888600765,4870.403171,0.010005,366,16548,470,-2103,-1234,-84,187,0.21906945190429686,9.904812268066406,0.2813186950683594,30.34470588235294,-33911.45038167939,-2308.3969465648856,5138.931297709924
488613,0,0,0,4888610770,4870.413176,0.010005,394,16544,464,-2108,-1236,-89,184,0.23582886352539062,9.90241806640625,0.277727392578125,30.330000000000002,-33966.41221374046,-2445.8015267175574,5056.488549618321
488614,0,0,0,4888620775,4870.423181,0.010005,390,16554,510,-2099,-1236,-82,179,0.23343466186523437,9.90840357055664,0.30526071166992186,30.356470588235297,-33966.41221374046,-2253.4351145038167,4919.083969465649
488615,0,0,0,4888630780,4870.433186,0.010005,350,16552,464,-2103,-1230,-88,180,0.20949264526367187,9.907206469726562,0.277727392578125,30.34470588235294,-33801.52671755725,-2418.320610687023,4946.564885496184
488616,0,0,0,4888640786,4870.443192,0.010006,390,16554,446,-2105,-1239,-78,185,0.23343466186523437,9.90840357055664,0.26695348510742184,30.338823529411766,-34048.85496183206,-2143.5114503816794,5083.9694656488555
488617,0,0,0,4888650791,4870.453197,0.010005,366,16572,468,-2100,-1237,-74,188,0.21906945190429686,9.919177478027343,0.28012159423828126,30.353529411764708,-33993.89312977099,-2033.587786259542,5166.412213740458
488618,0,0,0,4888660796,4870.463202,0.010005,392,16542,474,-2102,-1236,-84,183,0.2346317626953125,9.90122096557617,0.28371289672851563,30.34764705882353,-33966.41221374046,-2308.3969465648856,5029.007633587787
488619,0,0,0,4888670801,4870.473207,0.010005,408,16572,466,-2106,-1233,-85,188,0.2442085693359375,9.919177478027343,0.27892449340820313,30.335882352941177,-33883.96946564886,-2335.87786259542,5166.412213740458
488620,0,0,0,4888680806,4870.483212,0.010005,374,16570,472,-2104,-1232,-84,183,0.22385785522460935,9.917980377197265,0.2825157958984375,30.341764705882355,-33856.48854961832,-2308.3969465648856,5029.007633587787
488621,0,0,0,4888690811,4870.493217,0.010005,360,16514,508,-2099,-1229,-81,190,0.2154781494140625,9.884461553955077,0.30406361083984373,30.356470588235297,-33774.04580152672,-2225.9541984732828,5221.374045801527
488622,0,0,0,4888700817,4870.503223,0.010006,352,16514,448,-2099,-1233,-86,186,0.21068974609375,9.884461553955077,0.26815058593749996,30.356470588235297,-33883.96946564886,-2363.3587786259545,5111.4503816793895
488623,0,0,0,4888710822,4870.513228,0.010005,374,16546,446,-2098,-1235,-85,187,0.22385785522460935,9.903615167236328,0.26695348510742184,30.359411764705882,-33938.931297709925,-2335.87786259542,5138.931297709924
488624,0,0,0,4888720827,4870.523233,0.010005,374,16542,482,-2100,-1235,-86,186,0.22385785522460935,9.90122096557617,0.2885013000488281,30.353529411764708,-33938.931297709925,-2363.3587786259545,5111.4503816793895
488625,0,0,0,4888730832,4870.533238,0.010005,330,16524,454,-2101,-1238,-85,190,0.1975216369628906,9.890447058105469,0.27174188842773433,30.35058823529412,-34021.37404580153,-2335.87786259542,5221.374045801527
488626,0,0,0,4888740837,4870.543243,0.010005,356,16544,494,-2105,-1236,-89,184,0.21308394775390624,9.90241806640625,0.29568390502929687,30.338823529411766,-33966.41221374046,-2445.8015267175574,5056.488549618321
488627,0,0,0,4888750843,4870.553249,0.010006,370,16532,490,-2105,-1233,-88,185,0.2214636535644531,9.89523546142578,0.2932897033691406,30.338823529411766,-33883.96946564886,-2418.320610687023,5083.9694656488555
488628,0,0,0,4888760848,4870.563254,0.010005,350,16554,466,-2103,-1235,-82,182,0.20949264526367187,9.90840357055664,0.27892449340820313,30.34470588235294,-33938.931297709925,-2253.4351145038167,5001.526717557253
488629,0,0,0,4888770853,4870.573259,0.010005,388,16596,488,-2106,-1235,-80,182,0.23223756103515625,9.93354268798828,0.2920926025390625,30.335882352941177,-33938.931297709925,-2198.4732824427483,5001.526717557253
488630,0,0,0,4888780858,4870.583264,0.010005,402,16546,460,-2099,-1232,-79,176,0.24061726684570311,9.903615167236328,0.2753331909179687,30.356470588235297,-33856.48854961832,-2170.992366412214,4836.641221374046
488631,0,0,0,4888790863,4870.593269,0.010005,370,16534,442,-2105,-1234,-89,190,0.2214636535644531,9.896432562255859,0.2645592834472656,30.338823529411766,-33911.45038167939,-2445.8015267175574,5221.374045801527
488632,0,0,0,4888800868,4870.603274,0.010005,362,16552,470,-2100,-1232,-88,184,0.2166752502441406,9.907206469726562,0.2813186950683594,30.353529411764708,-33856.48854961832,-2418.320610687023,5056.488549618321
488633,0,0,0,4888810874,4870.61328,0.010006,362,16544,460,-2103,-1231,-96,189,0.2166752502441406,9.90241806640625,0.2753331909179687,30.34470588235294,-33829.00763358779,-2638.1679389312976,5193.893129770992
488634,0,0,0,4888820879,4870.623285,0.010005,382,16534,494,-2103,-1232,-82,187,0.22864625854492185,9.896432562255859,0.29568390502929687,30.34470588235294,-33856.48854961832,-2253.4351145038167,5138.931297709924
488635,0,0,0,4888830884,4870.63329,0.010005,354,16554,428,-2100,-1229,-80,192,0.21188684692382811,9.90840357055664,0.2561795776367187,30.353529411764708,-33774.04580152672,-2198.4732824427483,5276.335877862595
488636,0,0,0,4888840889,4870.643295,0.010005,374,16534,476,-2098,-1230,-77,195,0.22385785522460935,9.896432562255859,0.28490999755859375,30.359411764705882,-33801.52671755725,-2116.030534351145,5358.778625954199
488637,0,0,0,4888850894,4870.6533,0.010005,352,16498,512,-2101,-1235,-85,192,0.21068974609375,9.874884747314452,0.3064578125,30.35058823529412,-33938.931297709925,-2335.87786259542,5276.335877862595
488638,0,0,0,4888860899,4870.663305,0.010005,364,16568,496,-2101,-1226,-89,190,0.21787235107421873,9.916783276367187,0.296881005859375,30.35058823529412,-33691.603053435116,-2445.8015267175574,5221.374045801527
488639,0,0,0,4888870905,4870.673311,0.010006,358,16598,472,-2101,-1232,-88,184,0.21428104858398436,9.934739788818359,0.2825157958984375,30.35058823529412,-33856.48854961832,-2418.320610687023,5056.488549618321
488640,0,0,0,4888880910,4870.683316,0.010005,362,16568,478,-2099,-1232,-81,185,0.2166752502441406,9.916783276367187,0.2861070983886719,30.356470588235297,-33856.48854961832,-2225.9541984732828,5083.9694656488555
488641,0,0,0,4888890915,4870.693321,0.010005,378,16530,514,-2104,-1230,-87,193,0.2262520568847656,9.894038360595703,0.3076549133300781,30.341764705882355,-33801.52671755725,-2390.8396946564885,5303.81679389313
488642,0,0,0,4888900920,4870.703326,0.010005,390,16524,454,-2099,-1226,-83,187,0.23343466186523437,9.890447058105469,0.27174188842773433,30.356470588235297,-33691.603053435116,-2280.916030534351,5138.931297709924
488643,0,0,0,4888910925,4870.713331,0.010005,378,16584,494,-2098,-1233,-82,192,0.2262520568847656,9.926360083007811,0.29568390502929687,30.359411764705882,-33883.96946564886,-2253.4351145038167,5276.335877862595
488644,0,0,0,4888920931,4870.723337,0.010006,378,16536,472,-2102,-1232,-83,184,0.2262520568847656,9.897629663085937,0.2825157958984375,30.34764705882353,-33856.48854961832,-2280.916030534351,5056.488549618321
488645,0,0,0,4888930936,4870.733342,0.010005,342,16552,508,-2099,-1231,-86,183,0.20470424194335937,9.907206469726562,0.30406361083984373,30.356470588235297,-33829.00763358779,-2363.3587786259545,5029.007633587787
488646,0,0,0,4888940941,4870.743347,0.010005,386,16544,492,-2101,-1237,-84,188,0.23104046020507812,9.90241806640625,0.29448680419921874,30.35058823529412,-33993.89312977099,-2308.3969465648856,5166.412213740458
488647,0,0,0,4888950946,4870.753352,0.010005,404,16542,464,-2103,-1232,-89,184,0.24181436767578124,9.90122096557617,0.277727392578125,30.34470588235294,-33856.48854961832,-2445.8015267175574,5056.488549618321
488648,0,0,0,4888960951,4870.763357,0.010005,352,16560,496,-2102,-1227,-93,190,0.21068974609375,9.911994873046874,0.296881005859375,30.34764705882353,-33719.08396946565,-2555.7251908396947,5221.374045801527
488649,0,0,0,4888970956,4870.773362,0.010005,364,16532,518,-2103,-1236,-84,195,0.21787235107421873,9.89523546142578,0.31004911499023435,30.34470588235294,-33966.41221374046,-2308.3969465648856,5358.778625954199
488650,0,0,0,4888980962,4870.783368,0.010006,338,16548,428,-2098,-1234,-83,193,0.20231004028320312,9.904812268066406,0.2561795776367187,30.359411764705882,-33911.45038167939,-2280.916030534351,5303.81679389313
488651,0,0,0,4888990967,4870.793373,0.010005,384,16524,518,-2099,-1234,-82,197,0.229843359375,9.890447058105469,0.31004911499023435,30.356470588235297,-33911.45038167939,-2253.4351145038167,5413.740458015267
488652,0,0,0,4889000972,4870.803378,0.010005,348,16572,516,-2098,-1229,-84,190,0.20829554443359374,9.919177478027343,0.30885201416015623,30.359411764705882,-33774.04580152672,-2308.3969465648856,5221.374045801527
488653,0,0,0,4889010977,4870.813383,0.010005,344,16506,508,-2104,-1228,-81,194,0.2059013427734375,9.879673150634765,0.30406361083984373,30.341764705882355,-33746.564885496184,-2225.9541984732828,5331.297709923664
488654,0,0,0,4889020982,4870.823388,0.010005,376,16530,542,-2102,-1232,-87,191,0.22505495605468748,9.894038360595703,0.32441432495117184,30.34764705882353,-33856.48854961832,-2390.8396946564885,5248.854961832061
488655,0,0,0,4889030988,4870.833394,0.010006,356,16512,486,-2102,-1233,-80,191,0.21308394775390624,9.883264453125,0.29089550170898437,30.34764705882353,-33883.96946564886,-2198.4732824427483,5248.854961832061
488656,0,0,0,4889040993,4870.843399,0.010005,368,16582,482,-2102,-1232,-85,183,0.22026655273437498,9.925162982177733,0.2885013000488281,30.34764705882353,-33856.48854961832,-2335.87786259542,5029.007633587787
488657,0,0,0,4889050998,4870.853404,0.010005,416,16568,480,-2099,-1237,-88,184,0.24899697265624998,9.916783276367187,0.28730419921875,30.356470588235297,-33993.89312977099,-2418.320610687023,5056.488549618321
488658,0,0,0,4889061003,4870.863409,0.010005,412,16552,498,-2101,-1231,-84,189,0.24660277099609373,9.907206469726562,0.2980781066894531,30.35058823529412,-33829.00763358779,-2308.3969465648856,5193.893129770992
488659,0,0,0,4889071008,4870.873414,0.010005,380,16560,482,-2103,-1228,-80,189,0.22744915771484372,9.911994873046874,0.2885013000488281,30.34470588235294,-33746.564885496184,-2198.4732824427483,5193.893129770992
488660,0,0,0,4889081013,4870.883419,0.010005,416,16512,532,-2102,-1226,-86,180,0.24899697265624998,9.883264453125,0.3184288208007812,30.34764705882353,-33691.603053435116,-2363.3587786259545,4946.564885496184
488661,0,0,0,4889091019,4870.893425,0.010006,388,16504,510,-2096,-1228,-85,186,0.23223756103515625,9.878476049804688,0.30526071166992186,30.36529411764706,-33746.564885496184,-2335.87786259542,5111.4503816793895
488662,0,0,0,4889101024,4870.90343,0.010005,390,16532,478,-2099,-1228,-83,187,0.23343466186523437,9.89523546142578,0.2861070983886719,30.356470588235297,-33746.564885496184,-2280.916030534351,5138.931297709924
488663,0,0,0,4889111029,4870.913435,0.010005,336,16568,494,-2101,-1231,-87,187,0.201112939453125,9.916783276367187,0.29568390502929687,30.35058823529412,-33829.00763358779,-2390.8396946564885,5138.931297709924
488664,0,0,0,4889121034,4870.92344,0.010005,366,16540,446,-2098,-1234,-90,186,0.21906945190429686,9.900023864746093,0.26695348510742184,30.359411764705882,-33911.45038167939,-2473.282442748092,5111.4503816793895
488665,0,0,0,4889131039,4870.933445,0.010005,362,16612,480,-2108,-1229,-87,181,0.2166752502441406,9.943119494628906,0.28730419921875,30.330000000000002,-33774.04580152672,-2390.8396946564885,4974.045801526718
488666,0,0,0,4889141045,4870.943451,0.010006,392,16506,514,-2104,-1226,-82,185,0.2346317626953125,9.879673150634765,0.3076549133300781,30.341764705882355,-33691.603053435116,-2253.4351145038167,5083.9694656488555
488667,0,0,0,4889151050,4870.953456,0.010005,370,16542,506,-2100,-1226,-86,188,0.2214636535644531,9.90122096557617,0.3028665100097656,30.353529411764708,-33691.603053435116,-2363.3587786259545,5166.412213740458
488668,0,0,0,4889161055,4870.963461,0.010005,380,16546,530,-2101,-1232,-84,184,0.22744915771484372,9.903615167236328,0.3172317199707031,30.35058823529412,-33856.48854961832,-2308.3969465648856,5056.488549618321
488669,0,0,0,4889171060,4870.973466,0.010005,414,16570,406,-2098,-1232,-82,187,0.24779987182617186,9.917980377197265,0.24301146850585936,30.359411764705882,-33856.48854961832,-2253.4351145038167,5138.931297709924
488670,0,0,0,4889181065,4870.983471,0.010005,380,16514,458,-2101,-1232,-86,186,0.22744915771484372,9.884461553955077,0.2741360900878906,30.35058823529412,-33856.48854961832,-2363.3587786259545,5111.4503816793895
488671,0,0,0,4889191070,4870.993476,0.010005,344,16544,458,-2099,-1235,-87,182,0.2059013427734375,9.90241806640625,0.2741360900878906,30.356470588235297,-33938.931297709925,-2390.8396946564885,5001.526717557253
488672,0,0,0,4889201076,4871.003482,0.010006,400,16540,410,-2102,-1231,-90,173,0.239420166015625,9.900023864746093,0.2454056701660156,30.34764705882353,-33829.00763358779,-2473.282442748092,4754.198473282443
488673,0,0,0,4889211081,4871.013487,0.010005,366,16558,440,-2101,-1229,-79,171,0.21906945190429686,9.910797772216796,0.26336218261718747,30.35058823529412,-33774.04580152672,-2170.992366412214,4699.236641221374
488674,0,0,0,4889221086,4871.023492,0.010005,370,16612,486,-2104,-1236,-82,182,0.2214636535644531,9.943119494628906,0.29089550170898437,30.341764705882355,-33966.41221374046,-2253.4351145038167,5001.526717557253
488675,0,0,0,4889231091,4871.033497,0.010005,368,16526,472,-2097,-1235,-86,188,0.22026655273437498,9.891644158935547,0.2825157958984375,30.36235294117647,-33938.931297709925,-2363.3587786259545,5166.412213740458
488676,0,0,0,4889241096,4871.043502,0.010005,384,16524,440,-2095,-1229,-85,183,0.229843359375,9.890447058105469,0.26336218261718747,30.368235294117646,-33774.04580152672,-2335.87786259542,5029.007633587787
488677,0,0,0,4889251102,4871.053508,0.010006,410,16522,502,-2100,-1233,-82,190,0.2454056701660156,9.889249957275391,0.30047230834960936,30.353529411764708,-33883.96946564886,-2253.4351145038167,5221.374045801527
488678,0,0,0,4889261107,4871.063513,0.010005,384,16532,494,-2096,-1234,-78,186,0.229843359375,9.89523546142578,0.29568390502929687,30.36529411764706,-33911.45038167939,-2143.5114503816794,5111.4503816793895
488679,0,0,0,4889271112,4871.073518,0.010005,342,16544,486,-2096,-1231,-87,188,0.20470424194335937,9.90241806640625,0.29089550170898437,30.36529411764706,-33829.00763358779,-2390.8396946564885,5166.412213740458
488680,0,0,0,4889281117,4871.083523,0.010005,348,16538,446,-2099,-1232,-85,185,0.20829554443359374,9.898826763916015,0.26695348510742184,30.356470588235297,-33856.48854961832,-2335.87786259542,5083.9694656488555
488681,0,0,0,4889291122,4871.093528,0.010005,366,16534,484,-2102,-1233,-80,192,0.21906945190429686,9.896432562255859,0.28969840087890625,30.34764705882353,-33883.96946564886,-2198.4732824427483,5276.335877862595
488682,0,0,0,4889301127,4871.103533,0.010005,386,16540,502,-2114,-1226,-86,192,0.23104046020507812,9.900023864746093,0.30047230834960936,30.31235294117647,-33691.603053435116,-2363.3587786259545,5276.335877862595
488683,0,0,0,4889311133,4871.113539,0.010006,392,16558,502,-2097,-1230,-80,191,0.2346317626953125,9.910797772216796,0.30047230834960936,30.36235294117647,-33801.52671755725,-2198.4732824427483,5248.854961832061
488684,0,0,0,4889321138,4871.123544,0.010005,346,16536,454,-2098,-1232,-81,182,0.20709844360351562,9.897629663085937,0.27174188842773433,30.359411764705882,-33856.48854961832,-2225.9541984732828,5001.526717557253
488685,0,0,0,4889331143,4871.133549,0.010005,382,16518,432,-2102,-1227,-85,190,0.22864625854492185,9.886855755615233,0.258573779296875,30.34764705882353,-33719.08396946565,-2335.87786259542,5221.374045801527
488686,0,0,0,4889341148,4871.143554,0.010005,374,16554,450,-2106,-1226,-81,190,0.22385785522460935,9.90840357055664,0.2693476867675781,30.335882352941177,-33691.603053435116,-2225.9541984732828,5221.374045801527
488687,0,0,0,4889351153,4871.153559,0.010005,358,16526,432,-2099,-1228,-83,185,0.21428104858398436,9.891644158935547,0.258573779296875,30.356470588235297,-33746.564885496184,-2280.916030534351,5083.9694656488555
488688,0,0,0,4889361159,4871.163565,0.010006,358,16558,480,-2096,-1233,-84,192,0.21428104858398436,9.910797772216796,0.28730419921875,30.36529411764706,-33883.96946564886,-2308.3969465648856,5276.335877862595
488689,0,0,0,4889371164,4871.17357,0.010005,356,16520,490,-2104,-1231,-83,188,0.21308394775390624,9.888052856445311,0.2932897033691406,30.341764705882355,-33829.00763358779,-2280.916030534351,5166.412213740458
488690,0,0,0,4889381169,4871.183575,0.010005,386,16502,490,-2108,-1230,-89,190,0.23104046020507812,9.87727894897461,0.2932897033691406,30.330000000000002,-33801.52671755725,-2445.8015267175574,5221.374045801527
488691,0,0,0,4889391174,4871.19358,0.010005,374,16552,450,-2104,-1229,-84,186,0.22385785522460935,9.907206469726562,0.2693476867675781,30.341764705882355,-33774.04580152672,-2308.3969465648856,5111.4503816793895
488692,0,0,0,4889401179,4871.203585,0.010005,368,16536,512,-2105,-1232,-85,194,0.22026655273437498,9.897629663085937,0.3064578125,30.338823529411766,-33856.48854961832,-2335.87786259542,5331.297709923664
488693,0,0,0,4889411184,4871.21359,0.010005,346,16534,426,-2101,-1234,-89,190,0.20709844360351562,9.896432562255859,0.2549824768066406,30.35058823529412,-33911.45038167939,-2445.8015267175574,5221.374045801527
488694,0,0,0,4889421190,4871.223596,0.010006,372,16564,500,-2098,-1237,-88,184,0.22266075439453123,9.91438907470703,0.29927520751953124,30.359411764705882,-33993.89312977099,-2418.320610687023,5056.488549618321
488695,0,0,0,4889431195,4871.233601,0.010005,350,16536,450,-2101,-1235,-82,192,0.20949264526367187,9.897629663085937,0.2693476867675781,30.35058823529412,-33938.931297709925,-2253.4351145038167,5276.335877862595
488696,0,0,0,4889441200,4871.243606,0.010005,360,16572,432,-2097,-1228,-87,187,0.2154781494140625,9.919177478027343,0.258573779296875,30.36235294117647,-33746.564885496184,-2390.8396946564885,5138.931297709924
488697,0,0,0,4889451205,4871.253611,0.010005,374,16566,440,-2103,-1233,-75,185,0.22385785522460935,9.91558617553711,0.26336218261718747,30.34470588235294,-33883.96946564886,-2061.0687022900765,5083.9694656488555
488698,0,0,0,4889461210,4871.263616,0.010005,376,16552,476,-2104,-1234,-87,193,0.22505495605468748,9.907206469726562,0.28490999755859375,30.341764705882355,-33911.45038167939,-2390.8396946564885,5303.81679389313
488699,0,0,0,4889471216,4871.273622,0.010006,358,16534,450,-2099,-1233,-82,184,0.21428104858398436,9.896432562255859,0.2693476867675781,30.356470588235297,-33883.96946564886,-2253.4351145038167,5056.488549618321
488700,0,0,0,4889481221,4871.283627,0.010005,362,16548,468,-2101,-1229,-86,185,0.2166752502441406,9.904812268066406,0.28012159423828126,30.35058823529412,-33774.04580152672,-2363.3587786259545,5083.9694656488555
488701,0,0,0,4889491226,4871.293632,0.010005,364,16556,432,-2098,-1229,-79,183,0.21787235107421873,9.909600671386718,0.258573779296875,30.359411764705882,-33774.04580152672,-2170.992366412214,5029.007633587787
488702,0,0,0,4889501231,4871.303637,0.010005,406,16544,544,-2099,-1227,-85,182,0.24301146850585936,9.90241806640625,0.32561142578124996,30.356470588235297,-33719.08396946565,-2335.87786259542,5001.526717557253
488703,0,0,0,4889511236,4871.313642,0.010005,380,16536,468,-2102,-1232,-82,176,0.22744915771484372,9.897629663085937,0.28012159423828126,30.34764705882353,-33856.48854961832,-2253.4351145038167,4836.641221374046
488704,0,0,0,4889521241,4871.323647,0.010005,392,16534,476,-2098,-1224,-84,181,0.2346317626953125,9.896432562255859,0.28490999755859375,30.359411764705882,-33636.64122137405,-2308.3969465648856,4974.045801526718
488705,0,0,0,4889531247,4871.333653,0.010006,396,16512,448,-2100,-1224,-88,179,0.23702596435546874,9.883264453125,0.26815058593749996,30.353529411764708,-33636.64122137405,-2418.320610687023,4919.083969465649
488706,0,0,0,4889541252,4871.343658,0.010005,414,16526,462,-2106,-1229,-92,176,0.24779987182617186,9.891644158935547,0.2765302917480469,30.335882352941177,-33774.04580152672,-2528.2442748091603,4836.641221374046
488707,0,0,0,4889551257,4871.353663,0.010005,390,16524,466,-2101,-1229,-91,181,0.23343466186523437,9.890447058105469,0.27892449340820313,30.35058823529412,-33774.04580152672,-2500.7633587786263,4974.045801526718
488708,0,0,0,4889561262,4871.363668,0.010005,336,16526,448,-2102,-1229,-89,188,0.201112939453125,9.891644158935547,0.26815058593749996,30.34764705882353,-33774.04580152672,-2445.8015267175574,5166.412213740458
488709,0,0,0,4889571267,4871.373673,0.010005,372,16550,462,-2101,-1235,-86,187,0.22266075439453123,9.906009368896484,0.2765302917480469,30.35058823529412,-33938.931297709925,-2363.3587786259545,5138.931297709924
488710,0,0,0,4889581273,4871.383679,0.010006,324,16556,476,-2098,-1236,-83,181,0.19393033447265623,9.909600671386718,0.28490999755859375,30.359411764705882,-33966.41221374046,-2280.916030534351,4974.045801526718
488711,0,0,0,4889591278,4871.393684,0.010005,378,16540,488,-2100,-1234,-90,183,0.2262520568847656,9.900023864746093,0.2920926025390625,30.353529411764708,-33911.45038167939,-2473.282442748092,5029.007633587787
488712,0,0,0,4889601283,4871.403689,0.010005,394,16544,422,-2106,-1232,-81,192,0.23582886352539062,9.90241806640625,0.25258827514648435,30.335882352941177,-33856.48854961832,-2225.9541984732828,5276.335877862595
488713,0,0,0,4889611288,4871.413694,0.010005,384,16544,420,-2100,-1238,-78,190,0.229843359375,9.90241806640625,0.25139117431640623,30.353529411764708,-34021.37404580153,-2143.5114503816794,5221.374045801527
488714,0,0,0,4889621293,4871.423699,0.010005,388,16486,486,-2101,-1232,-78,181,0.23223756103515625,9.867702142333984,0.29089550170898437,30.35058823529412,-33856.48854961832,-2143.5114503816794,4974.045801526718
488715,0,0,0,4889631298,4871.433704,0.010005,394,16566,518,-2102,-1226,-88,182,0.23582886352539062,9.91558617553711,0.31004911499023435,30.34764705882353,-33691.603053435116,-2418.320610687023,5001.526717557253
488716,0,0,0,4889641304,4871.44371,0.010006,372,16560,494,-2099,-1226,-84,192,0.22266075439453123,9.911994873046874,0.29568390502929687,30.356470588235297,-33691.603053435116,-2308.3969465648856,5276.335877862595
488717,0,0,0,4889651309,4871.453715,0.010005,388,16562,536,-2101,-1228,-83,190,0.23223756103515625,9.913191973876952,0.32082302246093747,30.35058823529412,-33746.564885496184,-2280.916030534351,5221.374045801527
488718,0,0,0,4889661314,4871.46372,0.010005,374,16534,548,-2093,-1229,-85,181,0.22385785522460935,9.896432562255859,0.3280056274414062,30.374117647058824,-33774.04580152672,-2335.87786259542,4974.045801526718
488719,0,0,0,4889671319,4871.473725,0.010005,424,16540,500,-2095,-1235,-84,189,0.2537853759765625,9.900023864746093,0.29927520751953124,30.368235294117646,-33938.931297709925,-2308.3969465648856,5193.893129770992
488720,0,0,0,4889681324,4871.48373,0.010005,378,16530,496,-2099,-1231,-82,191,0.2262520568847656,9.894038360595703,0.296881005859375,30.356470588235297,-33829.00763358779,-2253.4351145038167,5248.854961832061
488721,0,0,0,4889691330,4871.493736,0.010006,374,16524,526,-2100,-1231,-79,188,0.22385785522460935,9.890447058105469,0.31483751831054685,30.353529411764708,-33829.00763358779,-2170.992366412214,5166.412213740458
488722,0,0,0,4889701335,4871.503741,0.010005,336,16530,508,-2105,-1234,-81,194,0.201112939453125,9.894038360595703,0.30406361083984373,30.338823529411766,-33911.45038167939,-2225.9541984732828,5331.297709923664
488723,0,0,0,4889711340,4871.513746,0.010005,350,16522,514,-2106,-1228,-84,183,0.20949264526367187,9.889249957275391,0.3076549133300781,30.335882352941177,-33746.564885496184,-2308.3969465648856,5029.007633587787
488724,0,0,0,4889721345,4871.523751,0.010005,372,16550,426,-2102,-1233,-88,188,0.22266075439453123,9.906009368896484,0.2549824768066406,30.34764705882353,-33883.96946564886,-2418.320610687023,5166.412213740458
488725,0,0,0,4889731350,4871.533756,0.010005,360,16528,460,-2106,-1232,-91,187,0.2154781494140625,9.892841259765625,0.2753331909179687,30.335882352941177,-33856.48854961832,-2500.7633587786263,5138.931297709924
488726,0,0,0,4889741355,4871.543761,0.010005,372,16548,464,-2100,-1234,-84,181,0.22266075439453123,9.904812268066406,0.277727392578125,30.353529411764708,-33911.45038167939,-2308.3969465648856,4974.045801526718
488727,0,0,0,4889751361,4871.553767,0.010006,380,16530,442,-2099,-1231,-84,189,0.22744915771484372,9.894038360595703,0.2645592834472656,30.356470588235297,-33829.00763358779,-2308.3969465648856,5193.893129770992
488728,0,0,0,4889761366,4871.563772,0.010005,384,16550,514,-2096,-1228,-87,180,0.229843359375,9.906009368896484,0.3076549133300781,30.36529411764706,-33746.564885496184,-2390.8396946564885,4946.564885496184
488729,0,0,0,4889771371,4871.573777,0.010005,310,16544,522,-2093,-1233,-84,175,0.18555062866210936,9.90241806640625,0.3124433166503906,30.374117647058824,-33883.96946564886,-2308.3969465648856,4809.160305343512
488730,0,0,0,4889781376,4871.583782,0.010005,378,16552,426,-2097,-1236,-88,183,0.2262520568847656,9.907206469726562,0.2549824768066406,30.36235294117647,-33966.41221374046,-2418.320610687023,5029.007633587787
488731,0,0,0,4889791381,4871.593787,0.010005,356,16518,506,-2102,-1230,-77,189,0.21308394775390624,9.886855755615233,0.3028665100097656,30.34764705882353,-33801.52671755725,-2116.030534351145,5193.893129770992
488732,0,0,0,4889801387,4871.603793,0.010006,408,16536,496,-2098,-1236,-78,188,0.2442085693359375,9.897629663085937,0.296881005859375,30.359411764705882,-33966.41221374046,-2143.5114503816794,5166.412213740458
488733,0,0,0,4889811392,4871.613798,0.010005,380,16504,462,-2104,-1231,-85,188,0.22744915771484372,9.878476049804688,0.2765302917480469,30.341764705882355,-33829.00763358779,-2335.87786259542,5166.412213740458
488734,0,0,0,4889821397,4871.623803,0.010005,364,16532,440,-2102,-1229,-85,182,0.21787235107421873,9.89523546142578,0.26336218261718747,30.34764705882353,-33774.04580152672,-2335.87786259542,5001.526717557253
488735,0,0,0,4889831402,4871.633808,0.010005,376,16536,502,-2099,-1229,-87,181,0.22505495605468748,9.897629663085937,0.30047230834960936,30.356470588235297,-33774.04580152672,-2390.8396946564885,4974.045801526718
488736,0,0,0,4889841407,4871.643813,0.010005,390,16564,488,-2097,-1234,-93,179,0.23343466186523437,9.91438907470703,0.2920926025390625,30.36235294117647,-33911.45038167939,-2555.7251908396947,4919.083969465649
488737,0,0,0,4889851412,4871.653818,0.010005,334,16502,464,-2096,-1232,-85,180,0.19991583862304688,9.87727894897461,0.277727392578125,30.36529411764706,-33856.48854961832,-2335.87786259542,4946.564885496184
488738,0,0,0,4889861418,4871.663824,0.010006,388,16544,456,-2101,-1227,-86,185,0.23223756103515625,9.90241806640625,0.27293898925781246,30.35058823529412,-33719.08396946565,-2363.3587786259545,5083.9694656488555
488739,0,0,0,4889871423,4871.673829,0.010005,366,16564,506,-2100,-1236,-84,186,0.21906945190429686,9.91438907470703,0.3028665100097656,30.353529411764708,-33966.41221374046,-2308.3969465648856,5111.4503816793895
488740,0,0,0,4889881428,4871.683834,0.010005,394,16534,448,-2096,-1242,-91,187,0.23582886352539062,9.896432562255859,0.26815058593749996,30.36529411764706,-34131.29770992367,-2500.7633587786263,5138.931297709924
488741,0,0,0,4889891433,4871.693839,0.010005,364,16510,476,-2097,-1236,-84,185,0.21787235107421873,9.882067352294921,0.28490999755859375,30.36235294117647,-33966.41221374046,-2308.3969465648856,5083.9694656488555
488742,0,0,0,4889901438,4871.703844,0.010005,402,16572,486,-2097,-1231,-88,183,0.24061726684570311,9.919177478027343,0.29089550170898437,30.36235294117647,-33829.00763358779,-2418.320610687023,5029.007633587787
488743,0,0,0,4889911443,4871.713849,0.010005,422,16568,438,-2098,-1235,-81,182,0.25258827514648435,9.916783276367187,0.26216508178710934,30.359411764705882,-33938.931297709925,-2225.9541984732828,5001.526717557253
488744,0,0,0,4889921449,4871.723855,0.010006,380,16566,436,-2099,-1237,-89,185,0.22744915771484372,9.91558617553711,0.2609679809570312,30.356470588235297,-33993.89312977099,-2445.8015267175574,5083.9694656488555
488745,0,0,0,4889931454,4871.73386,0.010005,382,16554,522,-2097,-1227,-85,189,0.22864625854492185,9.90840357055664,0.3124433166503906,30.36235294117647,-33719.08396946565,-2335.87786259542,5193.893129770992
488746,0,0,0,4889941459,4871.743865,0.010005,376,16552,454,-2093,-1229,-83,186,0.22505495605468748,9.907206469726562,0.27174188842773433,30.374117647058824,-33774.04580152672,-2280.916030534351,5111.4503816793895
488747,0,0,0,4889951464,4871.75387,0.010005,390,16552,456,-2096,-1232,-86,189,0.23343466186523437,9.907206469726562,0.27293898925781246,30.36529411764706,-33856.48854961832,-2363.3587786259545,5193.893129770992
488748,0,0,0,4889961469,4871.763875,0.010005,384,16488,424,-2098,-1229,-84,185,0.229843359375,9.868899243164062,0.2537853759765625,30.359411764705882,-33774.04580152672,-2308.3969465648856,5083.9694656488555
488749,0,0,0,4889971475,4871.773881,0.010006,384,16554,530,-2103,-1233,-81,191,0.229843359375,9.90840357055664,0.3172317199707031,30.34470588235294,-33883.96946564886,-2225.9541984732828,5248.854961832061
488750,0,0,0,4889981480,4871.783886,0.010005,342,16552,498,-2096,-1234,-85,187,0.20470424194335937,9.907206469726562,0.2980781066894531,30.36529411764706,-33911.45038167939,-2335.87786259542,5138.931297709924
488751,0,0,0,4889991485,4871.793891,0.010005,322,16528,442,-2105,-1231,-87,186,0.1927332336425781,9.892841259765625,0.2645592834472656,30.338823529411766,-33829.00763358779,-2390.8396946564885,5111.4503816793895
488752,0,0,0,4890001490,4871.803896,0.010005,420,16568,488,-2096,-1232,-83,186,0.25139117431640623,9.916783276367187,0.2920926025390625,30.36529411764706,-33856.48854961832,-2280.916030534351,5111.4503816793895
488753,0,0,0,4890011495,4871.813901,0.010005,362,16550,456,-2095,-1232,-88,182,0.2166752502441406,9.906009368896484,0.27293898925781246,30.368235294117646,-33856.48854961832,-2418.320610687023,5001.526717557253
488754,0,0,0,4890021500,4871.823906,0.010005,356,16552,514,-2101,-1232,-84,177,0.21308394775390624,9.907206469726562,0.3076549133300781,30.35058823529412,-33856.48854961832,-2308.3969465648856,4864.122137404581
488755,0,0,0,4890031506,4871.833912,0.010006,380,16534,418,-2107,-1231,-86,182,0.22744915771484372,9.896432562255859,0.2501940734863281,30.33294117647059,-33829.00763358779,-2363.3587786259545,5001.526717557253
488756,0,0,0,4890041511,4871.843917,0.010005,362,16518,412,-2101,-1236,-88,185,0.2166752502441406,9.886855755615233,0.24660277099609373,30.35058823529412,-33966.41221374046,-2418.320610687023,5083.9694656488555
488757,0,0,0,4890051516,4871.853922,0.010005,388,16578,466,-2102,-1234,-79,185,0.23223756103515625,9.922768780517577,0.27892449340820313,30.34764705882353,-33911.45038167939,-2170.992366412214,5083.9694656488555
488758,0,0,0,4890061521,4871.863927,0.010005,378,16506,452,-2099,-1232,-75,186,0.2262520568847656,9.879673150634765,0.2705447875976562,30.356470588235297,-33856.48854961832,-2061.0687022900765,5111.4503816793895
488759,0,0,0,4890071526,4871.873932,0.010005,398,16540,412,-2101,-1234,-82,184,0.23822306518554687,9.900023864746093,0.24660277099609373,30.35058823529412,-33911.45038167939,-2253.4351145038167,5056.488549618321
488760,0,0,0,4890081532,4871.883938,0.010006,366,16584,478,-2103,-1229,-83,185,0.21906945190429686,9.926360083007811,0.2861070983886719,30.34470588235294,-33774.04580152672,-2280.916030534351,5083.9694656488555
488761,0,0,0,4890091537,4871.893943,0.010005,380,16576,486,-2102,-1228,-83,182,0.22744915771484372,9.9215716796875,0.29089550170898437,30.34764705882353,-33746.564885496184,-2280.916030534351,5001.526717557253
488762,0,0,0,4890101542,4871.903948,0.010005,346,16536,500,-2105,-1230,-78,189,0.20709844360351562,9.897629663085937,0.29927520751953124,30.338823529411766,-33801.52671755725,-2143.5114503816794,5193.893129770992
488763,0,0,0,4890111547,4871.913953,0.010005,350,16550,484,-2105,-1234,-90,191,0.20949264526367187,9.906009368896484,0.28969840087890625,30.338823529411766,-33911.45038167939,-2473.282442748092,5248.854961832061
488764,0,0,0,4890121552,4871.923958,0.010005,372,16554,466,-2100,-1240,-87,190,0.22266075439453123,9.90840357055664,0.27892449340820313,30.353529411764708,-34076.3358778626,-2390.8396946564885,5221.374045801527
488765,0,0,0,4890131558,4871.933964,0.010006,412,16534,458,-2097,-1233,-89,191,0.24660277099609373,9.896432562255859,0.2741360900878906,30.36235294117647,-33883.96946564886,-2445.8015267175574,5248.854961832061
488766,0,0,0,4890141563,4871.943969,0.010005,342,16562,474,-2097,-1231,-87,183,0.20470424194335937,9.913191973876952,0.28371289672851563,30.36235294117647,-33829.00763358779,-2390.8396946564885,5029.007633587787
488767,0,0,0,4890151568,4871.953974,0.010005,370,16550,522,-2099,-1228,-85,181,0.2214636535644531,9.906009368896484,0.3124433166503906,30.356470588235297,-33746.564885496184,-2335.87786259542,4974.045801526718
488768,0,0,0,4890161573,4871.963979,0.010005,324,16524,536,-2102,-1231,-90,178,0.19393033447265623,9.890447058105469,0.32082302246093747,30.34764705882353,-33829.00763358779,-2473.282442748092,4891.603053435115
488769,0,0,0,4890171578,4871.973984,0.010005,416,16530,446,-2095,-1231,-89,184,0.24899697265624998,9.894038360595703,0.26695348510742184,30.368235294117646,-33829.00763358779,-2445.8015267175574,5056.488549618321
488770,0,0,0,4890181583,4871.983989,0.010005,400,16568,472,-2093,-1235,-90,190,0.239420166015625,9.916783276367187,0.2825157958984375,30.374117647058824,-33938.931297709925,-2473.282442748092,5221.374045801527
488771,0,0,0,4890191589,4871.993995,0.010006,380,16514,456,-2094,-1230,-78,188,0.22744915771484372,9.884461553955077,0.27293898925781246,30.371176470588235,-33801.52671755725,-2143.5114503816794,5166.412213740458
488772,0,0,0,4890201594,4872.004,0.010005,378,16562,482,-2097,-1235,-76,186,0.2262520568847656,9.913191973876952,0.2885013000488281,30.36235294117647,-33938.931297709925,-2088.549618320611,5111.4503816793895
488773,0,0,0,4890211599,4872.014005,0.010005,340,16556,460,-2097,-1235,-82,188,0.20350714111328125,9.909600671386718,0.2753331909179687,30.36235294117647,-33938.931297709925,-2253.4351145038167,5166.412213740458
488774,0,0,0,4890221604,4872.02401,0.010005,360,16548,504,-2099,-1230,-83,183,0.2154781494140625,9.904812268066406,0.3016694091796875,30.356470588235297,-33801.52671755725,-2280.916030534351,5029.007633587787
488775,0,0,0,4890231609,4872.034015,0.010005,384,16534,498,-2097,-1228,-80,191,0.229843359375,9.896432562255859,0.2980781066894531,30.36235294117647,-33746.564885496184,-2198.4732824427483,5248.854961832061
488776,0,0,0,4890241615,4872.044021,0.010006,360,16494,478,-2096,-1232,-85,189,0.2154781494140625,9.872490545654296,0.2861070983886719,30.36529411764706,-33856.48854961832,-2335.87786259542,5193.893129770992
488777,0,0,0,4890251620,4872.054026,0.010005,424,16528,462,-2101,-1231,-88,187,0.2537853759765625,9.892841259765625,0.2765302917480469,30.35058823529412,-33829.00763358779,-2418.320610687023,5138.931297709924
488778,0,0,0,4890261625,4872.064031,0.010005,378,16524,520,-2096,-1228,-86,183,0.2262520568847656,9.890447058105469,0.3112462158203125,30.36529411764706,-33746.564885496184,-2363.3587786259545,5029.007633587787
488779,0,0,0,4890271630,4872.074036,0.010005,378,16504,502,-2100,-1232,-89,176,0.2262520568847656,9.878476049804688,0.30047230834960936,30.353529411764708,-33856.48854961832,-2445.8015267175574,4836.641221374046
488780,0,0,0,4890281635,4872.084041,0.010005,386,16530,470,-2101,-1233,-93,179,0.23104046020507812,9.894038360595703,0.2813186950683594,30.35058823529412,-33883.96946564886,-2555.7251908396947,4919.083969465649
488781,0,0,0,4890291640,4872.094046,0.010005,388,16564,478,-2101,-1235,-86,181,0.23223756103515625,9.91438907470703,0.2861070983886719,30.35058823529412,-33938.931297709925,-2363.3587786259545,4974.045801526718
488782,0,0,0,4890301646,4872.104052,0.010006,354,16542,432,-2097,-1229,-88,182,0.21188684692382811,9.90122096557617,0.258573779296875,30.36235294117647,-33774.04580152672,-2418.320610687023,5001.526717557253
488783,0,0,0,4890311651,4872.114057,0.010005,378,16512,502,-2095,-1230,-87,187,0.2262520568847656,9.883264453125,0.30047230834960936,30.368235294117646,-33801.52671755725,-2390.8396946564885,5138.931297709924
488784,0,0,0,4890321656,4872.124062,0.010005,344,16544,476,-2092,-1233,-85,186,0.2059013427734375,9.90241806640625,0.28490999755859375,30.377058823529413,-33883.96946564886,-2335.87786259542,5111.4503816793895
488785,0,0,0,4890331661,4872.134067,0.010005,372,16600,524,-2095,-1229,-88,178,0.22266075439453123,9.935936889648437,0.3136404174804687,30.368235294117646,-33774.04580152672,-2418.320610687023,4891.603053435115
488786,0,0,0,4890341666,4872.144072,0.010005,372,16510,482,-2091,-1231,-88,181,0.22266075439453123,9.882067352294921,0.2885013000488281,30.380000000000003,-33829.00763358779,-2418.320610687023,4974.045801526718
488787,0,0,0,4890351672,4872.154078,0.010006,350,16550,510,-2096,-1235,-75,183,0.20949264526367187,9.906009368896484,0.30526071166992186,30.36529411764706,-33938.931297709925,-2061.0687022900765,5029.007633587787
488788,0,0,0,4890361677,4872.164083,0.010005,366,16554,506,-2094,-1234,-80,186,0.21906945190429686,9.90840357055664,0.3028665100097656,30.371176470588235,-33911.45038167939,-2198.4732824427483,5111.4503816793895
488789,0,0,0,4890371682,4872.174088,0.010005,420,16578,476,-2100,-1231,-82,182,0.25139117431640623,9.922768780517577,0.28490999755859375,30.353529411764708,-33829.00763358779,-2253.4351145038167,5001.526717557253
488790,0,0,0,4890381687,4872.184093,0.010005,332,16576,456,-2102,-1230,-80,184,0.19871873779296872,9.9215716796875,0.27293898925781246,30.34764705882353,-33801.52671755725,-2198.4732824427483,5056.488549618321
488791,0,0,0,4890391692,4872.194098,0.010005,326,16586,456,-2103,-1231,-83,184,0.19512743530273435,9.92755718383789,0.27293898925781246,30.34470588235294,-33829.00763358779,-2280.916030534351,5056.488549618321
488792,0,0,0,4890401697,4872.204103,0.010005,400,16488,476,-2097,-1223,-84,181,0.239420166015625,9.868899243164062,0.28490999755859375,30.36235294117647,-33609.16030534351,-2308.3969465648856,4974.045801526718
488793,0,0,0,4890411703,4872.214109,0.010006,332,16518,502,-2098,-1229,-84,180,0.19871873779296872,9.886855755615233,0.30047230834960936,30.359411764705882,-33774.04580152672,-2308.3969465648856,4946.564885496184
488794,0,0,0,4890421708,4872.224114,0.010005,394,16528,480,-2096,-1228,-89,188,0.23582886352539062,9.892841259765625,0.28730419921875,30.36529411764706,-33746.564885496184,-2445.8015267175574,5166.412213740458
488795,0,0,0,4890431713,4872.234119,0.010005,390,16554,472,-2101,-1230,-87,184,0.23343466186523437,9.90840357055664,0.2825157958984375,30.35058823529412,-33801.52671755725,-2390.8396946564885,5056.488549618321
488796,0,0,0,4890441718,4872.244124,0.010005,370,16532,486,-2098,-1229,-85,183,0.2214636535644531,9.89523546142578,0.29089550170898437,30.359411764705882,-33774.04580152672,-2335.87786259542,5029.007633587787
488797,0,0,0,4890451723,4872.254129,0.010005,386,16588,460,-2102,-1232,-85,186,0.23104046020507812,9.928754284667969,0.2753331909179687,30.34764705882353,-33856.48854961832,-2335.87786259542,5111.4503816793895
488798,0,0,0,4890461729,4872.264135,0.010006,368,16554,476,-2102,-1227,-81,180,0.22026655273437498,9.90840357055664,0.28490999755859375,30.34764705882353,-33719.08396946565,-2225.9541984732828,4946.564885496184
488799,0,0,0,4890471734,4872.27414,0.010005,352,16568,434,-2096,-1232,-86,182,0.21068974609375,9.916783276367187,0.2597708801269531,30.36529411764706,-33856.48854961832,-2363.3587786259545,5001.526717557253
488800,0,0,0,4890481739,4872.284145,0.010005,348,16496,454,-2098,-1233,-81,189,0.20829554443359374,9.873687646484374,0.27174188842773433,30.359411764705882,-33883.96946564886,-2225.9541984732828,5193.893129770992
488801,0,0,0,4890491744,4872.29415,0.010005,354,16516,472,-2099,-1229,-81,187,0.21188684692382811,9.885658654785155,0.2825157958984375,30.356470588235297,-33774.04580152672,-2225.9541984732828,5138.931297709924
488802,0,0,0,4890501749,4872.304155,0.010005,354,16540,452,-2095,-1225,-88,187,0.21188684692382811,9.900023864746093,0.2705447875976562,30.368235294117646,-33664.122137404585,-2418.320610687023,5138.931297709924
488803,0,0,0,4890511754,4872.31416,0.010005,382,16586,454,-2097,-1230,-85,186,0.22864625854492185,9.92755718383789,0.27174188842773433,30.36235294117647,-33801.52671755725,-2335.87786259542,5111.4503816793895
488804,0,0,0,4890521760,4872.324166,0.010006,384,16506,436,-2098,-1229,-90,183,0.229843359375,9.879673150634765,0.2609679809570312,30.359411764705882,-33774.04580152672,-2473.282442748092,5029.007633587787
488805,0,0,0,4890531765,4872.334171,0.010005,380,16506,524,-2095,-1232,-96,200,0.22744915771484372,9.879673150634765,0.3136404174804687,30.368235294117646,-33856.48854961832,-2638.1679389312976,5496.183206106871
488806,0,0,0,4890541770,4872.344176,0.010005,380,16562,510,-2096,-1229,-85,192,0.22744915771484372,9.913191973876952,0.30526071166992186,30.36529411764706,-33774.04580152672,-2335.87786259542,5276.335877862595
488807,0,0,0,4890551775,4872.354181,0.010005,362,16556,472,-2100,-1233,-88,186,0.2166752502441406,9.909600671386718,0.2825157958984375,30.353529411764708,-33883.96946564886,-2418.320610687023,5111.4503816793895
488808,0,0,0,4890561780,4872.364186,0.010005,358,16560,510,-2096,-1232,-90,190,0.21428104858398436,9.911994873046874,0.30526071166992186,30.36529411764706,-33856.48854961832,-2473.282442748092,5221.374045801527
488809,0,0,0,4890571786,4872.374192,0.010006,340,16528,498,-2101,-1234,-84,185,0.20350714111328125,9.892841259765625,0.2980781066894531,30.35058823529412,-33911.45038167939,-2308.3969465648856,5083.9694656488555
488810,0,0,0,4890581791,4872.384197,0.010005,362,16546,460,-2104,-1230,-91,182,0.2166752502441406,9.903615167236328,0.2753331909179687,30.341764705882355,-33801.52671755725,-2500.7633587786263,5001.526717557253
488811,0,0,0,4890591796,4872.394202,0.010005,352,16554,462,-2102,-1229,-90,183,0.21068974609375,9.90840357055664,0.2765302917480469,30.34764705882353,-33774.04580152672,-2473.282442748092,5029.007633587787
488812,0,0,0,4890601801,4872.404207,0.010005,382,16542,462,-2095,-1228,-82,182,0.22864625854492185,9.90122096557617,0.2765302917480469,30.368235294117646,-33746.564885496184,-2253.4351145038167,5001.526717557253
488813,0,0,0,4890611806,4872.414212,0.010005,400,16544,452,-2093,-1236,-85,191,0.239420166015625,9.90241806640625,0.2705447875976562,30.374117647058824,-33966.41221374046,-2335.87786259542,5248.854961832061
488814,0,0,0,4890621811,4872.424217,0.010005,382,16548,462,-2095,-1226,-84,184,0.22864625854492185,9.904812268066406,0.2765302917480469,30.368235294117646,-33691.603053435116,-2308.3969465648856,5056.488549618321
488815,0,0,0,4890631817,4872.434223,0.010006,398,16518,478,-2095,-1230,-84,181,0.23822306518554687,9.886855755615233,0.2861070983886719,30.368235294117646,-33801.52671755725,-2308.3969465648856,4974.045801526718
488816,0,0,0,4890641822,4872.444228,0.010005,350,16578,446,-2099,-1227,-84,187,0.20949264526367187,9.922768780517577,0.26695348510742184,30.356470588235297,-33719.08396946565,-2308.3969465648856,5138.931297709924
488817,0,0,0,4890651827,4872.454233,0.010005,356,16560,500,-2102,-1229,-80,191,0.21308394775390624,9.911994873046874,0.29927520751953124,30.34764705882353,-33774.04580152672,-2198.4732824427483,5248.854961832061
488818,0,0,0,4890661832,4872.464238,0.010005,386,16556,526,-2103,-1229,-85,182,0.23104046020507812,9.909600671386718,0.31483751831054685,30.34470588235294,-33774.04580152672,-2335.87786259542,5001.526717557253
488819,0,0,0,4890671837,4872.474243,0.010005,394,16564,450,-2102,-1231,-82,179,0.23582886352539062,9.91438907470703,0.2693476867675781,30.34764705882353,-33829.00763358779,-2253.4351145038167,4919.083969465649
488820,0,0,0,4890681843,4872.484249,0.010006,350,16548,518,-2100,-1232,-81,182,0.20949264526367187,9.904812268066406,0.31004911499023435,30.353529411764708,-33856.48854961832,-2225.9541984732828,5001.526717557253
488821,0,0,0,4890691848,4872.494254,0.010005,352,16552,508,-2099,-1233,-80,179,0.21068974609375,9.907206469726562,0.30406361083984373,30.356470588235297,-33883.96946564886,-2198.4732824427483,4919.083969465649
488822,0,0,0,4890701853,4872.504259,0.010005,354,16562,518,-2099,-1226,-78,188,0.21188684692382811,9.913191973876952,0.31004911499023435,30.356470588235297,-33691.603053435116,-2143.5114503816794,5166.412213740458
488823,0,0,0,4890711858,4872.514264,0.010005,390,16518,442,-2095,-1236,-78,197,0.23343466186523437,9.886855755615233,0.2645592834472656,30.368235294117646,-33966.41221374046,-2143.5114503816794,5413.740458015267
488824,0,0,0,4890721863,4872.524269,0.010005,390,16524,480,-2090,-1234,-82,190,0.23343466186523437,9.890447058105469,0.28730419921875,30.382941176470588,-33911.45038167939,-2253.4351145038167,5221.374045801527
488825,0,0,0,4890731868,4872.534274,0.010005,384,16524,476,-2092,-1230,-81,188,0.229843359375,9.890447058105469,0.28490999755859375,30.377058823529413,-33801.52671755725,-2225.9541984732828,5166.412213740458
488826,0,0,0,4890741874,4872.54428,0.010006,348,16562,502,-2096,-1231,-79,178,0.20829554443359374,9.913191973876952,0.30047230834960936,30.36529411764706,-33829.00763358779,-2170.992366412214,4891.603053435115
488827,0,0,0,4890751879,4872.554285,0.010005,394,16564,460,-2104,-1230,-86,188,0.23582886352539062,9.91438907470703,0.2753331909179687,30.341764705882355,-33801.52671755725,-2363.3587786259545,5166.412213740458
488828,0,0,0,4890761884,4872.56429,0.010005,320,16548,468,-2099,-1230,-89,192,0.19153613281249998,9.904812268066406,0.28012159423828126,30.356470588235297,-33801.52671755725,-2445.8015267175574,5276.335877862595
488829,0,0,0,4890771889,4872.574295,0.010005,380,16588,472,-2101,-1236,-91,182,0.22744915771484372,9.928754284667969,0.2825157958984375,30.35058823529412,-33966.41221374046,-2500.7633587786263,5001.526717557253
488830,0,0,0,4890781894,4872.5843,0.010005,356,16506,454,-2099,-1231,-89,184,0.21308394775390624,9.879673150634765,0.27174188842773433,30.356470588235297,-33829.00763358779,-2445.8015267175574,5056.488549618321
488831,0,0,0,4890791900,4872.594306,0.010006,346,16564,408,-2096,-1233,-91,185,0.20709844360351562,9.91438907470703,0.2442085693359375,30.36529411764706,-33883.96946564886,-2500.7633587786263,5083.9694656488555
488832,0,0,0,4890801905,4872.604311,0.010005,338,16552,444,-2099,-1231,-94,184,0.20231004028320312,9.907206469726562,0.2657563842773437,30.356470588235297,-33829.00763358779,-2583.206106870229,5056.488549618321
488833,0,0,0,4890811910,4872.614316,0.010005,410,16550,502,-2101,-1236,-82,189,0.2454056701660156,9.906009368896484,0.30047230834960936,30.35058823529412,-33966.41221374046,-2253.4351145038167,5193.893129770992
488834,0,0,0,4890821915,4872.624321,0.010005,392,16584,510,-2102,-1239,-87,189,0.2346317626953125,9.926360083007811,0.30526071166992186,30.34764705882353,-34048.85496183206,-2390.8396946564885,5193.893129770992
488835,0,0,0,4890831920,4872.634326,0.010005,378,16570,444,-2102,-1232,-88,190,0.2262520568847656,9.917980377197265,0.2657563842773437,30.34764705882353,-33856.48854961832,-2418.320610687023,5221.374045801527
488836,0,0,0,4890841925,4872.644331,0.010005,380,16498,492,-2104,-1231,-85,187,0.22744915771484372,9.874884747314452,0.29448680419921874,30.341764705882355,-33829.00763358779,-2335.87786259542,5138.931297709924
488837,0,0,0,4890851931,4872.654337,0.010006,334,16520,510,-2096,-1232,-86,191,0.19991583862304688,9.888052856445311,0.30526071166992186,30.36529411764706,-33856.48854961832,-2363.3587786259545,5248.854961832061
488838,0,0,0,4890861936,4872.664342,0.010005,402,16540,494,-2100,-1232,-81,183,0.24061726684570311,9.900023864746093,0.29568390502929687,30.353529411764708,-33856.48854961832,-2225.9541984732828,5029.007633587787
488839,0,0,0,4890871941,4872.674347,0.010005,380,16544,480,-2097,-1236,-82,182,0.22744915771484372,9.90241806640625,0.28730419921875,30.36235294117647,-33966.41221374046,-2253.4351145038167,5001.526717557253
488840,0,0,0,4890881946,4872.684352,0.010005,386,16538,458,-2098,-1237,-83,188,0.23104046020507812,9.898826763916015,0.2741360900878906,30.359411764705882,-33993.89312977099,-2280.916030534351,5166.412213740458
488841,0,0,0,4890891951,4872.694357,0.010005,376,16538,518,-2102,-1238,-85,191,0.22505495605468748,9.898826763916015,0.31004911499023435,30.34764705882353,-34021.37404580153,-2335.87786259542,5248.854961832061
488842,0,0,0,4890901957,4872.704363,0.010006,372,16538,506,-2098,-1233,-92,186,0.22266075439453123,9.898826763916015,0.3028665100097656,30.359411764705882,-33883.96946564886,-2528.2442748091603,5111.4503816793895
488843,0,0,0,4890911962,4872.714368,0.010005,422,16512,404,-2100,-1229,-86,183,0.25258827514648435,9.883264453125,0.24181436767578124,30.353529411764708,-33774.04580152672,-2363.3587786259545,5029.007633587787
488844,0,0,0,4890921967,4872.724373,0.010005,372,16566,488,-2096,-1232,-84,191,0.22266075439453123,9.91558617553711,0.2920926025390625,30.36529411764706,-33856.48854961832,-2308.3969465648856,5248.854961832061
488845,0,0,0,4890931972,4872.734378,0.010005,400,16528,464,-2101,-1233,-88,188,0.239420166015625,9.892841259765625,0.277727392578125,30.35058823529412,-33883.96946564886,-2418.320610687023,5166.412213740458
488846,0,0,0,4890941977,4872.744383,0.010005,378,16572,446,-2102,-1228,-90,185,0.2262520568847656,9.919177478027343,0.26695348510742184,30.34764705882353,-33746.564885496184,-2473.282442748092,5083.9694656488555
488847,0,0,0,4890951982,4872.754388,0.010005,394,16548,454,-2100,-1228,-82,190,0.23582886352539062,9.904812268066406,0.27174188842773433,30.353529411764708,-33746.564885496184,-2253.4351145038167,5221.374045801527
488848,0,0,0,4890961988,4872.764394,0.010006,396,16578,398,-2102,-1227,-85,180,0.23702596435546874,9.922768780517577,0.23822306518554687,30.34764705882353,-33719.08396946565,-2335.87786259542,4946.564885496184
488849,0,0,0,4890971993,4872.774399,0.010005,388,16532,516,-2103,-1227,-94,192,0.23223756103515625,9.89523546142578,0.30885201416015623,30.34470588235294,-33719.08396946565,-2583.206106870229,5276.335877862595
488850,0,0,0,4890981998,4872.784404,0.010005,382,16516,526,-2096,-1230,-82,193,0.22864625854492185,9.885658654785155,0.31483751831054685,30.36529411764706,-33801.52671755725,-2253.4351145038167,5303.81679389313
488851,0,0,0,4890992003,4872.794409,0.010005,414,16556,464,-2100,-1232,-80,183,0.24779987182617186,9.909600671386718,0.277727392578125,30.353529411764708,-33856.48854961832,-2198.4732824427483,5029.007633587787
488852,0,0,0,4891002008,4872.804414,0.010005,410,16594,492,-2099,-1226,-82,199,0.2454056701660156,9.932345587158203,0.29448680419921874,30.356470588235297,-33691.603053435116,-2253.4351145038167,5468.702290076336
488853,0,0,0,4891012014,4872.81442,0.010006,386,16536,454,-2097,-1224,-89,185,0.23104046020507812,9.897629663085937,0.27174188842773433,30.36235294117647,-33636.64122137405,-2445.8015267175574,5083.9694656488555
488854,0,0,0,4891022019,4872.824425,0.010005,378,16494,482,-2101,-1227,-89,189,0.2262520568847656,9.872490545654296,0.2885013000488281,30.35058823529412,-33719.08396946565,-2445.8015267175574,5193.893129770992
488855,0,0,0,4891032024,4872.83443,0.010005,362,16524,472,-2102,-1223,-86,182,0.2166752502441406,9.890447058105469,0.2825157958984375,30.34764705882353,-33609.16030534351,-2363.3587786259545,5001.526717557253
488856,0,0,0,4891042029,4872.844435,0.010005,378,16532,456,-2099,-1234,-88,192,0.2262520568847656,9.89523546142578,0.27293898925781246,30.356470588235297,-33911.45038167939,-2418.320610687023,5276.335877862595
488857,0,0,0,4891052034,4872.85444,0.010005,350,16560,506,-2098,-1232,-88,194,0.20949264526367187,9.911994873046874,0.3028665100097656,30.359411764705882,-33856.48854961832,-2418.320610687023,5331.297709923664
488858,0,0,0,4891062040,4872.864446,0.010006,372,16550,452,-2099,-1229,-91,195,0.22266075439453123,9.906009368896484,0.2705447875976562,30.356470588235297,-33774.04580152672,-2500.7633587786263,5358.778625954199
488859,0,0,0,4891072045,4872.874451,0.010005,380,16534,454,-2101,-1227,-89,181,0.22744915771484372,9.896432562255859,0.27174188842773433,30.35058823529412,-33719.08396946565,-2445.8015267175574,4974.045801526718
488860,0,0,0,4891082050,4872.884456,0.010005,380,16500,498,-2101,-1229,-83,176,0.22744915771484372,9.87608184814453,0.2980781066894531,30.35058823529412,-33774.04580152672,-2280.916030534351,4836.641221374046
488861,0,0,0,4891092055,4872.894461,0.010005,376,16592,432,-2100,-1229,-87,183,0.22505495605468748,9.931148486328125,0.258573779296875,30.353529411764708,-33774.04580152672,-2390.8396946564885,5029.007633587787
488862,0,0,0,4891102060,4872.904466,0.010005,384,16570,478,-2097,-1233,-83,188,0.229843359375,9.917980377197265,0.2861070983886719,30.36235294117647,-33883.96946564886,-2280.916030534351,5166.412213740458
488863,0,0,0,4891112065,4872.914471,0.010005,358,16564,534,-2102,-1230,-88,185,0.21428104858398436,9.91438907470703,0.31962592163085934,30.34764705882353,-33801.52671755725,-2418.320610687023,5083.9694656488555
488864,0,0,0,4891122071,4872.924477,0.010006,420,16558,512,-2101,-1231,-86,190,0.25139117431640623,9.910797772216796,0.3064578125,30.35058823529412,-33829.00763358779,-2363.3587786259545,5221.374045801527
488865,0,0,0,4891132076,4872.934482,0.010005,362,16552,496,-2100,-1232,-85,180,0.2166752502441406,9.907206469726562,0.296881005859375,30.353529411764708,-33856.48854961832,-2335.87786259542,4946.564885496184
488866,0,0,0,4891142081,4872.944487,0.010005,342,16540,452,-2098,-1232,-90,188,0.20470424194335937,9.900023864746093,0.2705447875976562,30.359411764705882,-33856.48854961832,-2473.282442748092,5166.412213740458
488867,0,0,0,4891152086,4872.954492,0.010005,400,16558,484,-2101,-1238,-82,182,0.239420166015625,9.910797772216796,0.28969840087890625,30.35058823529412,-34021.37404580153,-2253.4351145038167,5001.526717557253
488868,0,0,0,4891162091,4872.964497,0.010005,374,16520,498,-2099,-1227,-75,183,0.22385785522460935,9.888052856445311,0.2980781066894531,30.356470588235297,-33719.08396946565,-2061.0687022900765,5029.007633587787
488869,0,0,0,4891172097,4872.974503,0.010006,416,16554,520,-2094,-1230,-83,181,0.24899697265624998,9.90840357055664,0.3112462158203125,30.371176470588235,-33801.52671755725,-2280.916030534351,4974.045801526718
488870,0,0,0,4891182102,4872.984508,0.010005,348,16596,486,-2094,-1234,-91,182,0.20829554443359374,9.93354268798828,0.29089550170898437,30.371176470588235,-33911.45038167939,-2500.7633587786263,5001.526717557253
488871,0,0,0,4891192107,4872.994513,0.010005,366,16588,476,-2101,-1240,-92,184,0.21906945190429686,9.928754284667969,0.28490999755859375,30.35058823529412,-34076.3358778626,-2528.2442748091603,5056.488549618321
488872,0,0,0,4891202112,4873.004518,0.010005,356,16550,492,-2098,-1229,-87,190,0.21308394775390624,9.906009368896484,0.29448680419921874,30.359411764705882,-33774.04580152672,-2390.8396946564885,5221.374045801527
488873,0,0,0,4891212117,4873.014523,0.010005,352,16560,504,-2095,-1235,-89,185,0.21068974609375,9.911994873046874,0.3016694091796875,30.368235294117646,-33938.931297709925,-2445.8015267175574,5083.9694656488555
488874,0,0,0,4891222122,4873.024528,0.010005,394,16536,474,-2099,-1235,-82,187,0.23582886352539062,9.897629663085937,0.28371289672851563,30.356470588235297,-33938.931297709925,-2253.4351145038167,5138.931297709924
488875,0,0,0,4891232128,4873.034534,0.010006,364,16544,458,-2098,-1232,-85,189,0.21787235107421873,9.90241806640625,0.2741360900878906,30.359411764705882,-33856.48854961832,-2335.87786259542,5193.893129770992
488876,0,0,0,4891242133,4873.044539,0.010005,372,16560,510,-2101,-1232,-87,185,0.22266075439453123,9.911994873046874,0.30526071166992186,30.35058823529412,-33856.48854961832,-2390.8396946564885,5083.9694656488555
488877,0,0,0,4891252138,4873.054544,0.010005,366,16544,488,-2097,-1232,-88,181,0.21906945190429686,9.90241806640625,0.2920926025390625,30.36235294117647,-33856.48854961832,-2418.320610687023,4974.045801526718
488878,0,0,0,4891262143,4873.064549,0.010005,406,16556,454,-2095,-1225,-80,189,0.24301146850585936,9.909600671386718,0.27174188842773433,30.368235294117646,-33664.122137404585,-2198.4732824427483,5193.893129770992
488879,0,0,0,4891272148,4873.074554,0.010005,360,16526,464,-2094,-1226,-83,191,0.2154781494140625,9.891644158935547,0.277727392578125,30.371176470588235,-33691.603053435116,-2280.916030534351,5248.854961832061
488880,0,0,0,4891282154,4873.08456,0.010006,358,16568,488,-2093,-1230,-78,188,0.21428104858398436,9.916783276367187,0.2920926025390625,30.374117647058824,-33801.52671755725,-2143.5114503816794,5166.412213740458
488881,0,0,0,4891292159,4873.094565,0.010005,346,16576,526,-2099,-1228,-82,183,0.20709844360351562,9.9215716796875,0.31483751831054685,30.356470588235297,-33746.564885496184,-2253.4351145038167,5029.007633587787
488882,0,0,0,4891302164,4873.10457,0.010005,330,16564,476,-2098,-1225,-83,181,0.1975216369628906,9.91438907470703,0.28490999755859375,30.359411764705882,-33664.122137404585,-2280.916030534351,4974.045801526718
488883,0,0,0,4891312169,4873.114575,0.010005,388,16530,432,-2101,-1230,-88,176,0.23223756103515625,9.894038360595703,0.258573779296875,30.35058823529412,-33801.52671755725,-2418.320610687023,4836.641221374046
488884,0,0,0,4891322174,4873.12458,0.010005,350,16574,488,-2097,-1231,-83,185,0.20949264526367187,9.920374578857421,0.2920926025390625,30.36235294117647,-33829.00763358779,-2280.916030534351,5083.9694656488555
488885,0,0,0,4891332179,4873.134585,0.010005,370,16546,530,-2097,-1229,-86,178,0.2214636535644531,9.903615167236328,0.3172317199707031,30.36235294117647,-33774.04580152672,-2363.3587786259545,4891.603053435115
488886,0,0,0,4891342185,4873.144591,0.010006,392,16540,474,-2096,-1234,-86,177,0.2346317626953125,9.900023864746093,0.28371289672851563,30.36529411764706,-33911.45038167939,-2363.3587786259545,4864.122137404581
488887,0,0,0,4891352190,4873.154596,0.010005,364,16560,450,-2094,-1233,-90,177,0.21787235107421873,9.911994873046874,0.2693476867675781,30.371176470588235,-33883.96946564886,-2473.282442748092,4864.122137404581
488888,0,0,0,4891362195,4873.164601,0.010005,326,16564,456,-2101,-1236,-84,187,0.19512743530273435,9.91438907470703,0.27293898925781246,30.35058823529412,-33966.41221374046,-2308.3969465648856,5138.931297709924
488889,0,0,0,4891372200,4873.174606,0.010005,408,16556,462,-2101,-1225,-90,184,0.2442085693359375,9.909600671386718,0.2765302917480469,30.35058823529412,-33664.122137404585,-2473.282442748092,5056.488549618321
488890,0,0,0,4891382205,4873.184611,0.010005,390,16542,484,-2103,-1226,-82,182,0.23343466186523437,9.90122096557617,0.28969840087890625,30.34470588235294,-33691.603053435116,-2253.4351145038167,5001.526717557253
488891,0,0,0,4891392211,4873.194617,0.010006,374,16564,506,-2102,-1235,-80,183,0.22385785522460935,9.91438907470703,0.3028665100097656,30.34764705882353,-33938.931297709925,-2198.4732824427483,5029.007633587787
488892,0,0,0,4891402216,4873.204622,0.010005,408,16572,492,-2097,-1226,-85,183,0.2442085693359375,9.919177478027343,0.29448680419921874,30.36235294117647,-33691.603053435116,-2335.87786259542,5029.007633587787
488893,0,0,0,4891412221,4873.214627,0.010005,386,16516,460,-2093,-1231,-83,178,0.23104046020507812,9.885658654785155,0.2753331909179687,30.374117647058824,-33829.00763358779,-2280.916030534351,4891.603053435115
488894,0,0,0,4891422226,4873.224632,0.010005,368,16518,502,-2098,-1233,-81,183,0.22026655273437498,9.886855755615233,0.30047230834960936,30.359411764705882,-33883.96946564886,-2225.9541984732828,5029.007633587787
488895,0,0,0,4891432231,4873.234637,0.010005,350,16542,488,-2102,-1233,-87,180,0.20949264526367187,9.90122096557617,0.2920926025390625,30.34764705882353,-33883.96946564886,-2390.8396946564885,4946.564885496184
488896,0,0,0,4891442236,4873.244642,0.010005,342,16530,484,-2099,-1233,-85,184,0.20470424194335937,9.894038360595703,0.28969840087890625,30.356470588235297,-33883.96946564886,-2335.87786259542,5056.488549618321
488897,0,0,0,4891452242,4873.254648,0.010006,358,16550,466,-2103,-1225,-87,187,0.21428104858398436,9.906009368896484,0.27892449340820313,30.34470588235294,-33664.122137404585,-2390.8396946564885,5138.931297709924
488898,0,0,0,4891462247,4873.264653,0.010005,372,16580,528,-2096,-1237,-85,184,0.22266075439453123,9.923965881347655,0.316034619140625,30.36529411764706,-33993.89312977099,-2335.87786259542,5056.488549618321
488899,0,0,0,4891472252,4873.274658,0.010005,364,16554,476,-2102,-1226,-81,179,0.21787235107421873,9.90840357055664,0.28490999755859375,30.34764705882353,-33691.603053435116,-2225.9541984732828,4919.083969465649
488900,0,0,0,4891482257,4873.284663,0.010005,362,16504,432,-2097,-1227,-80,176,0.2166752502441406,9.878476049804688,0.258573779296875,30.36235294117647,-33719.08396946565,-2198.4732824427483,4836.641221374046
488901,0,0,0,4891492262,4873.294668,0.010005,382,16512,478,-2096,-1228,-85,177,0.22864625854492185,9.883264453125,0.2861070983886719,30.36529411764706,-33746.564885496184,-2335.87786259542,4864.122137404581
488902,0,0,0,4891502268,4873.304674,0.010006,340,16504,464,-2100,-1231,-83,181,0.20350714111328125,9.878476049804688,0.277727392578125,30.353529411764708,-33829.00763358779,-2280.916030534351,4974.045801526718
488903,0,0,0,4891512273,4873.314679,0.010005,386,16528,470,-2101,-1227,-85,184,0.23104046020507812,9.892841259765625,0.2813186950683594,30.35058823529412,-33719.08396946565,-2335.87786259542,5056.488549618321
488904,0,0,0,4891522278,4873.324684,0.010005,386,16560,372,-2099,-1230,-79,183,0.23104046020507812,9.911994873046874,0.22266075439453123,30.356470588235297,-33801.52671755725,-2170.992366412214,5029.007633587787
488905,0,0,0,4891532283,4873.334689,0.010005,378,16538,532,-2097,-1230,-89,188,0.2262520568847656,9.898826763916015,0.3184288208007812,30.36235294117647,-33801.52671755725,-2445.8015267175574,5166.412213740458
488906,0,0,0,4891542288,4873.344694,0.010005,342,16518,502,-2100,-1235,-90,189,0.20470424194335937,9.886855755615233,0.30047230834960936,30.353529411764708,-33938.931297709925,-2473.282442748092,5193.893129770992
488907,0,0,0,4891552293,4873.354699,0.010005,350,16498,488,-2092,-1236,-85,188,0.20949264526367187,9.874884747314452,0.2920926025390625,30.377058823529413,-33966.41221374046,-2335.87786259542,5166.412213740458
488908,0,0,0,4891562299,4873.364705,0.010006,314,16520,516,-2099,-1233,-85,190,0.1879448303222656,9.888052856445311,0.30885201416015623,30.356470588235297,-33883.96946564886,-2335.87786259542,5221.374045801527
488909,0,0,0,4891572304,4873.37471,0.010005,368,16546,446,-2105,-1233,-85,187,0.22026655273437498,9.903615167236328,0.26695348510742184,30.338823529411766,-33883.96946564886,-2335.87786259542,5138.931297709924
488910,0,0,0,4891582309,4873.384715,0.010005,352,16580,510,-2099,-1232,-82,188,0.21068974609375,9.923965881347655,0.30526071166992186,30.356470588235297,-33856.48854961832,-2253.4351145038167,5166.412213740458
488911,0,0,0,4891592314,4873.39472,0.010005,384,16530,482,-2099,-1231,-78,181,0.229843359375,9.894038360595703,0.2885013000488281,30.356470588235297,-33829.00763358779,-2143.5114503816794,4974.045801526718
488912,0,0,0,4891602319,4873.404725,0.010005,388,16514,510,-2102,-1232,-86,190,0.23223756103515625,9.884461553955077,0.30526071166992186,30.34764705882353,-33856.48854961832,-2363.3587786259545,5221.374045801527
488913,0,0,0,4891612325,4873.414731,0.010006,358,16544,500,-2100,-1231,-82,187,0.21428104858398436,9.90241806640625,0.29927520751953124,30.353529411764708,-33829.00763358779,-2253.4351145038167,5138.931297709924
488914,0,0,0,4891622330,4873.424736,0.010005,378,16556,478,-2095,-1230,-82,189,0.2262520568847656,9.909600671386718,0.2861070983886719,30.368235294117646,-33801.52671755725,-2253.4351145038167,5193.893129770992
488915,0,0,0,4891632335,4873.434741,0.010005,390,16532,568,-2094,-1241,-88,179,0.23343466186523437,9.89523546142578,0.3399766357421875,30.371176470588235,-34103.81679389313,-2418.320610687023,4919.083969465649
488916,0,0,0,4891642340,4873.444746,0.010005,414,16548,506,-2100,-1233,-82,183,0.24779987182617186,9.904812268066406,0.3028665100097656,30.353529411764708,-33883.96946564886,-2253.4351145038167,5029.007633587787
488917,0,0,0,4891652345,4873.454751,0.010005,372,16536,472,-2095,-1233,-80,188,0.22266075439453123,9.897629663085937,0.2825157958984375,30.368235294117646,-33883.96946564886,-2198.4732824427483,5166.412213740458
488918,0,0,0,4891662351,4873.464757,0.010006,386,16532,432,-2100,-1223,-81,191,0.23104046020507812,9.89523546142578,0.258573779296875,30.353529411764708,-33609.16030534351,-2225.9541984732828,5248.854961832061
488919,0,0,0,4891672356,4873.474762,0.010005,358,16536,492,-2098,-1228,-84,183,0.21428104858398436,9.897629663085937,0.29448680419921874,30.359411764705882,-33746.564885496184,-2308.3969465648856,5029.007633587787
488920,0,0,0,4891682361,4873.484767,0.010005,336,16568,508,-2091,-1230,-90,185,0.201112939453125,9.916783276367187,0.30406361083984373,30.380000000000003,-33801.52671755725,-2473.282442748092,5083.9694656488555
488921,0,0,0,4891692366,4873.494772,0.010005,384,16560,510,-2092,-1229,-84,185,0.229843359375,9.911994873046874,0.30526071166992186,30.377058823529413,-33774.04580152672,-2308.3969465648856,5083.9694656488555
488922,0,0,0,4891702371,4873.504777,0.010005,354,16530,410,-2102,-1225,-87,190,0.21188684692382811,9.894038360595703,0.2454056701660156,30.34764705882353,-33664.122137404585,-2390.8396946564885,5221.374045801527
488923,0,0,0,4891712376,4873.514782,0.010005,402,16528,406,-2095,-1234,-86,187,0.24061726684570311,9.892841259765625,0.24301146850585936,30.368235294117646,-33911.45038167939,-2363.3587786259545,5138.931297709924
488924,0,0,0,4891722382,4873.524788,0.010006,386,16560,500,-2098,-1234,-90,189,0.23104046020507812,9.911994873046874,0.29927520751953124,30.359411764705882,-33911.45038167939,-2473.282442748092,5193.893129770992
488925,0,0,0,4891732387,4873.534793,0.010005,404,16520,440,-2095,-1233,-88,180,0.24181436767578124,9.888052856445311,0.26336218261718747,30.368235294117646,-33883.96946564886,-2418.320610687023,4946.564885496184
488926,0,0,0,4891742392,4873.544798,0.010005,360,16566,522,-2102,-1230,-81,183,0.2154781494140625,9.91558617553711,0.3124433166503906,30.34764705882353,-33801.52671755725,-2225.9541984732828,5029.007633587787
488927,0,0,0,4891752397,4873.554803,0.010005,374,16558,464,-2096,-1236,-81,186,0.22385785522460935,9.910797772216796,0.277727392578125,30.36529411764706,-33966.41221374046,-2225.9541984732828,5111.4503816793895
488928,0,0,0,4891762402,4873.564808,0.010005,368,16524,498,-2093,-1227,-79,179,0.22026655273437498,9.890447058105469,0.2980781066894531,30.374117647058824,-33719.08396946565,-2170.992366412214,4919.083969465649
488929,0,0,0,4891772408,4873.574814,0.010006,356,16548,470,-2098,-1230,-86,192,0.21308394775390624,9.904812268066406,0.2813186950683594,30.359411764705882,-33801.52671755725,-2363.3587786259545,5276.335877862595
488930,0,0,0,4891782413,4873.584819,0.010005,352,16540,526,-2100,-1229,-82,181,0.21068974609375,9.900023864746093,0.31483751831054685,30.353529411764708,-33774.04580152672,-2253.4351145038167,4974.045801526718
488931,0,0,0,4891792418,4873.594824,0.010005,376,16548,490,-2094,-1228,-87,185,0.22505495605468748,9.904812268066406,0.2932897033691406,30.371176470588235,-33746.564885496184,-2390.8396946564885,5083.9694656488555
488932,0,0,0,4891802423,4873.604829,0.010005,360,16526,442,-2098,-1229,-85,185,0.2154781494140625,9.891644158935547,0.2645592834472656,30.359411764705882,-33774.04580152672,-2335.87786259542,5083.9694656488555
488933,0,0,0,4891812428,4873.614834,0.010005,404,16560,464,-2098,-1232,-86,179,0.24181436767578124,9.911994873046874,0.277727392578125,30.359411764705882,-33856.48854961832,-2363.3587786259545,4919.083969465649
488934,0,0,0,4891822433,4873.624839,0.010005,358,16552,472,-2099,-1225,-90,187,0.21428104858398436,9.907206469726562,0.2825157958984375,30.356470588235297,-33664.122137404585,-2473.282442748092,5138.931297709924
488935,0,0,0,4891832439,4873.634845,0.010006,356,16522,510,-2094,-1227,-91,190,0.21308394775390624,9.889249957275391,0.30526071166992186,30.371176470588235,-33719.08396946565,-2500.7633587786263,5221.374045801527
488936,0,0,0,4891842444,4873.64485,0.010005,322,16530,526,-2094,-1232,-77,181,0.1927332336425781,9.894038360595703,0.31483751831054685,30.371176470588235,-33856.48854961832,-2116.030534351145,4974.045801526718
488937,0,0,0,4891852449,4873.654855,0.010005,344,16586,480,-2095,-1234,-83,183,0.2059013427734375,9.92755718383789,0.28730419921875,30.368235294117646,-33911.45038167939,-2280.916030534351,5029.007633587787
488938,0,0,0,4891862454,4873.66486,0.010005,336,16518,458,-2095,-1229,-87,182,0.201112939453125,9.886855755615233,0.2741360900878906,30.368235294117646,-33774.04580152672,-2390.8396946564885,5001.526717557253
488939,0,0,0,4891872459,4873.674865,0.010005,358,16510,490,-2097,-1230,-78,182,0.21428104858398436,9.882067352294921,0.2932897033691406,30.36235294117647,-33801.52671755725,-2143.5114503816794,5001.526717557253
488940,0,0,0,4891882465,4873.684871,0.010006,428,16524,460,-2093,-1237,-84,195,0.2561795776367187,9.890447058105469,0.2753331909179687,30.374117647058824,-33993.89312977099,-2308.3969465648856,5358.778625954199
488941,0,0,0,4891892470,4873.694876,0.010005,374,16550,502,-2096,-1232,-78,186,0.22385785522460935,9.906009368896484,0.30047230834960936,30.36529411764706,-33856.48854961832,-2143.5114503816794,5111.4503816793895
488942,0,0,0,4891902475,4873.704881,0.010005,368,16548,458,-2097,-1234,-88,186,0.22026655273437498,9.904812268066406,0.2741360900878906,30.36235294117647,-33911.45038167939,-2418.320610687023,5111.4503816793895
488943,0,0,0,4891912480,4873.714886,0.010005,408,16536,420,-2097,-1240,-84,192,0.2442085693359375,9.897629663085937,0.25139117431640623,30.36235294117647,-34076.3358778626,-2308.3969465648856,5276.335877862595
488944,0,0,0,4891922485,4873.724891,0.010005,384,16526,492,-2092,-1237,-84,191,0.229843359375,9.891644158935547,0.29448680419921874,30.377058823529413,-33993.89312977099,-2308.3969465648856,5248.854961832061
488945,0,0,0,4891932490,4873.734896,0.010005,354,16528,498,-2091,-1230,-83,191,0.21188684692382811,9.892841259765625,0.2980781066894531,30.380000000000003,-33801.52671755725,-2280.916030534351,5248.854961832061
488946,0,0,0,4891942496,4873.744902,0.010006,386,16540,460,-2094,-1234,-81,185,0.23104046020507812,9.900023864746093,0.2753331909179687,30.371176470588235,-33911.45038167939,-2225.9541984732828,5083.9694656488555
488947,0,0,0,4891952501,4873.754907,0.010005,378,16564,458,-2100,-1235,-90,182,0.2262520568847656,9.91438907470703,0.2741360900878906,30.353529411764708,-33938.931297709925,-2473.282442748092,5001.526717557253
488948,0,0,0,4891962506,4873.764912,0.010005,350,16576,470,-2096,-1227,-88,188,0.20949264526367187,9.9215716796875,0.2813186950683594,30.36529411764706,-33719.08396946565,-2418.320610687023,5166.412213740458
488949,0,0,0,4891972511,4873.774917,0.010005,394,16538,448,-2101,-1234,-90,192,0.23582886352539062,9.898826763916015,0.26815058593749996,30.35058823529412,-33911.45038167939,-2473.282442748092,5276.335877862595
488950,0,0,0,4891982516,4873.784922,0.010005,374,16544,426,-2091,-1237,-87,191,0.22385785522460935,9.90241806640625,0.2549824768066406,30.380000000000003,-33993.89312977099,-2390.8396946564885,5248.854961832061
488951,0,0,0,4891992522,4873.794928,0.010006,404,16516,490,-2092,-1233,-81,186,0.24181436767578124,9.885658654785155,0.2932897033691406,30.377058823529413,-33883.96946564886,-2225.9541984732828,5111.4503816793895
488952,0,0,0,4892002527,4873.804933,0.010005,352,16522,458,-2093,-1235,-89,184,0.21068974609375,9.889249957275391,0.2741360900878906,30.374117647058824,-33938.931297709925,-2445.8015267175574,5056.488549618321
488953,0,0,0,4892012532,4873.814938,0.010005,340,16488,498,-2095,-1232,-87,185,0.20350714111328125,9.868899243164062,0.2980781066894531,30.368235294117646,-33856.48854961832,-2390.8396946564885,5083.9694656488555
488954,0,0,0,4892022537,4873.824943,0.010005,392,16544,438,-2093,-1233,-90,187,0.2346317626953125,9.90241806640625,0.26216508178710934,30.374117647058824,-33883.96946564886,-2473.282442748092,5138.931297709924
488955,0,0,0,4892032542,4873.834948,0.010005,362,16546,432,-2093,-1230,-94,187,0.2166752502441406,9.903615167236328,0.258573779296875,30.374117647058824,-33801.52671755725,-2583.206106870229,5138.931297709924
488956,0,0,0,4892042548,4873.844954,0.010006,358,16538,426,-2096,-1228,-88,179,0.21428104858398436,9.898826763916015,0.2549824768066406,30.36529411764706,-33746.564885496184,-2418.320610687023,4919.083969465649
488957,0,0,0,4892052553,4873.854959,0.010005,414,16574,502,-2100,-1231,-84,192,0.24779987182617186,9.920374578857421,0.30047230834960936,30.353529411764708,-33829.00763358779,-2308.3969465648856,5276.335877862595
488958,0,0,0,4892062558,4873.864964,0.010005,358,16544,440,-2094,-1235,-82,189,0.21428104858398436,9.90241806640625,0.26336218261718747,30.371176470588235,-33938.931297709925,-2253.4351145038167,5193.893129770992
488959,0,0,0,4892072563,4873.874969,0.010005,368,16496,442,-2092,-1231,-81,193,0.22026655273437498,9.873687646484374,0.2645592834472656,30.377058823529413,-33829.00763358779,-2225.9541984732828,5303.81679389313
488960,0,0,0,4892082568,4873.884974,0.010005,380,16538,516,-2097,-1232,-79,193,0.22744915771484372,9.898826763916015,0.30885201416015623,30.36235294117647,-33856.48854961832,-2170.992366412214,5303.81679389313
488961,0,0,0,4892092573,4873.894979,0.010005,406,16536,476,-2094,-1234,-83,181,0.24301146850585936,9.897629663085937,0.28490999755859375,30.371176470588235,-33911.45038167939,-2280.916030534351,4974.045801526718
488962,0,0,0,4892102579,4873.904985,0.010006,404,16542,498,-2095,-1231,-91,189,0.24181436767578124,9.90122096557617,0.2980781066894531,30.368235294117646,-33829.00763358779,-2500.7633587786263,5193.893129770992
488963,0,0,0,4892112584,4873.91499,0.010005,312,16594,466,-2098,-1229,-89,194,0.1867477294921875,9.932345587158203,0.27892449340820313,30.359411764705882,-33774.04580152672,-2445.8015267175574,5331.297709923664
488964,0,0,0,4892122589,4873.924995,0.010005,376,16550,482,-2099,-1232,-82,181,0.22505495605468748,9.906009368896484,0.2885013000488281,30.356470588235297,-33856.48854961832,-2253.4351145038167,4974.045801526718
488965,0,0,0,4892132594,4873.935,0.010005,410,16550,458,-2097,-1235,-87,182,0.2454056701660156,9.906009368896484,0.2741360900878906,30.36235294117647,-33938.931297709925,-2390.8396946564885,5001.526717557253
488966,0,0,0,4892142599,4873.945005,0.010005,400,16526,460,-2103,-1228,-82,187,0.239420166015625,9.891644158935547,0.2753331909179687,30.34470588235294,-33746.564885496184,-2253.4351145038167,5138.931297709924
488967,0,0,0,4892152605,4873.955011,0.010006,388,16584,438,-2101,-1231,-85,189,0.23223756103515625,9.926360083007811,0.26216508178710934,30.35058823529412,-33829.00763358779,-2335.87786259542,5193.893129770992
488968,0,0,0,4892162610,4873.965016,0.010005,354,16560,526,-2102,-1226,-82,191,0.21188684692382811,9.911994873046874,0.31483751831054685,30.34764705882353,-33691.603053435116,-2253.4351145038167,5248.854961832061
488969,0,0,0,4892172615,4873.975021,0.010005,386,16538,450,-2094,-1230,-93,185,0.23104046020507812,9.898826763916015,0.2693476867675781,30.371176470588235,-33801.52671755725,-2555.7251908396947,5083.9694656488555
488970,0,0,0,4892182620,4873.985026,0.010005,376,16558,482,-2091,-1228,-82,192,0.22505495605468748,9.910797772216796,0.2885013000488281,30.380000000000003,-33746.564885496184,-2253.4351145038167,5276.335877862595
488971,0,0,0,4892192625,4873.995031,0.010005,334,16534,512,-2095,-1234,-82,191,0.19991583862304688,9.896432562255859,0.3064578125,30.368235294117646,-33911.45038167939,-2253.4351145038167,5248.854961832061
488972,0,0,0,4892202630,4874.005036,0.010005,352,16550,456,-2096,-1231,-86,192,0.21068974609375,9.906009368896484,0.27293898925781246,30.36529411764706,-33829.00763358779,-2363.3587786259545,5276.335877862595
488973,0,0,0,4892212636,4874.015042,0.010006,366,16572,438,-2100,-1231,-85,186,0.21906945190429686,9.919177478027343,0.26216508178710934,30.353529411764708,-33829.00763358779,-2335.87786259542,5111.4503816793895
488974,0,0,0,4892222641,4874.025047,0.010005,346,16556,452,-2097,-1230,-89,191,0.20709844360351562,9.909600671386718,0.2705447875976562,30.36235294117647,-33801.52671755725,-2445.8015267175574,5248.854961832061
488975,0,0,0,4892232646,4874.035052,0.010005,378,16574,412,-2097,-1229,-84,181,0.2262520568847656,9.920374578857421,0.24660277099609373,30.36235294117647,-33774.04580152672,-2308.3969465648856,4974.045801526718
488976,0,0,0,4892242651,4874.045057,0.010005,394,16510,538,-2094,-1230,-80,182,0.23582886352539062,9.882067352294921,0.3220201232910156,30.371176470588235,-33801.52671755725,-2198.4732824427483,5001.526717557253
488977,0,0,0,4892252656,4874.055062,0.010005,378,16530,492,-2095,-1234,-83,184,0.2262520568847656,9.894038360595703,0.29448680419921874,30.368235294117646,-33911.45038167939,-2280.916030534351,5056.488549618321
488978,0,0,0,4892262662,4874.065068,0.010006,348,16492,418,-2098,-1226,-89,179,0.20829554443359374,9.871293444824218,0.2501940734863281,30.359411764705882,-33691.603053435116,-2445.8015267175574,4919.083969465649
488979,0,0,0,4892272667,4874.075073,0.010005,380,16524,504,-2100,-1230,-83,186,0.22744915771484372,9.890447058105469,0.3016694091796875,30.353529411764708,-33801.52671755725,-2280.916030534351,5111.4503816793895
488980,0,0,0,4892282672,4874.085078,0.010005,334,16542,466,-2099,-1231,-78,192,0.19991583862304688,9.90122096557617,0.27892449340820313,30.356470588235297,-33829.00763358779,-2143.5114503816794,5276.335877862595
488981,0,0,0,4892292677,4874.095083,0.010005,362,16568,464,-2101,-1232,-80,181,0.2166752502441406,9.916783276367187,0.277727392578125,30.35058823529412,-33856.48854961832,-2198.4732824427483,4974.045801526718
488982,0,0,0,4892302682,4874.105088,0.010005,382,16536,462,-2103,-1235,-86,192,0.22864625854492185,9.897629663085937,0.2765302917480469,30.34470588235294,-33938.931297709925,-2363.3587786259545,5276.335877862595
488983,0,0,0,4892312687,4874.115093,0.010005,380,16546,452,-2102,-1227,-90,188,0.22744915771484372,9.903615167236328,0.2705447875976562,30.34764705882353,-33719.08396946565,-2473.282442748092,5166.412213740458
488984,0,0,0,4892322693,4874.125099,0.010006,410,16538,460,-2099,-1234,-86,185,0.2454056701660156,9.898826763916015,0.2753331909179687,30.356470588235297,-33911.45038167939,-2363.3587786259545,5083.9694656488555
488985,0,0,0,4892332698,4874.135104,0.010005,374,16544,456,-2098,-1231,-84,194,0.22385785522460935,9.90241806640625,0.27293898925781246,30.359411764705882,-33829.00763358779,-2308.3969465648856,5331.297709923664
488986,0,0,0,4892342703,4874.145109,0.010005,408,16584,480,-2090,-1231,-86,190,0.2442085693359375,9.926360083007811,0.28730419921875,30.382941176470588,-33829.00763358779,-2363.3587786259545,5221.374045801527
488987,0,0,0,4892352708,4874.155114,0.010005,350,16516,446,-2096,-1236,-86,186,0.20949264526367187,9.885658654785155,0.26695348510742184,30.36529411764706,-33966.41221374046,-2363.3587786259545,5111.4503816793895
488988,0,0,0,4892362713,4874.165119,0.010005,392,16548,502,-2097,-1230,-85,177,0.2346317626953125,9.904812268066406,0.30047230834960936,30.36235294117647,-33801.52671755725,-2335.87786259542,4864.122137404581
488989,0,0,0,4892372719,4874.175125,0.010006,368,16540,516,-2096,-1230,-84,179,0.22026655273437498,9.900023864746093,0.30885201416015623,30.36529411764706,-33801.52671755725,-2308.3969465648856,4919.083969465649
488990,0,0,0,4892382724,4874.18513,0.010005,362,16554,478,-2099,-1230,-87,183,0.2166752502441406,9.90840357055664,0.2861070983886719,30.356470588235297,-33801.52671755725,-2390.8396946564885,5029.007633587787
488991,0,0,0,4892392729,4874.195135,0.010005,382,16572,496,-2097,-1227,-80,183,0.22864625854492185,9.919177478027343,0.296881005859375,30.36235294117647,-33719.08396946565,-2198.4732824427483,5029.007633587787
488992,0,0,0,4892402734,4874.20514,0.010005,386,16584,486,-2096,-1227,-80,183,0.23104046020507812,9.926360083007811,0.29089550170898437,30.36529411764706,-33719.08396946565,-2198.4732824427483,5029.007633587787
488993,0,0,0,4892412739,4874.215145,0.010005,370,16568,494,-2100,-1228,-72,180,0.2214636535644531,9.916783276367187,0.29568390502929687,30.353529411764708,-33746.564885496184,-1978.6259541984734,4946.564885496184
488994,0,0,0,4892422744,4874.22515,0.010005,342,16542,502,-2095,-1229,-75,180,0.20470424194335937,9.90122096557617,0.30047230834960936,30.368235294117646,-33774.04580152672,-2061.0687022900765,4946.564885496184
488995,0,0,0,4892432750,4874.235156,0.010006,382,16570,466,-2097,-1228,-82,179,0.22864625854492185,9.917980377197265,0.27892449340820313,30.36235294117647,-33746.564885496184,-2253.4351145038167,4919.083969465649
488996,0,0,0,4892442755,4874.245161,0.010005,388,16524,510,-2098,-1231,-85,183,0.23223756103515625,9.890447058105469,0.30526071166992186,30.359411764705882,-33829.00763358779,-2335.87786259542,5029.007633587787
488997,0,0,0,4892452760,4874.255166,0.010005,366,16566,418,-2098,-1232,-88,183,0.21906945190429686,9.91558617553711,0.2501940734863281,30.359411764705882,-33856.48854961832,-2418.320610687023,5029.007633587787
488998,0,0,0,4892462765,4874.265171,0.010005,342,16536,458,-2097,-1229,-81,183,0.20470424194335937,9.897629663085937,0.2741360900878906,30.36235294117647,-33774.04580152672,-2225.9541984732828,5029.007633587787
488999,0,0,0,4892472770,4874.275176,0.010005,344,16568,502,-2094,-1229,-87,181,0.2059013427734375,9.916783276367187,0.30047230834960936,30.371176470588235,-33774.04580152672,-2390.8396946564885,4974.045801526718
489000,0,0,0,4892482776,4874.285182,0.010006,324,16526,448,-2104,-1219,-85,180,0.19393033447265623,9.891644158935547,0.26815058593749996,30.341764705882355,-33499.236641221374,-2335.87786259542,4946.564885496184
489001,0,0,0,4892492781,4874.295187,0.010005,360,16548,436,-2101,-1224,-87,194,0.2154781494140625,9.904812268066406,0.2609679809570312,30.35058823529412,-33636.64122137405,-2390.8396946564885,5331.297709923664
489002,0,0,0,4892502786,4874.305192,0.010005,376,16524,480,-2098,-1224,-87,183,0.22505495605468748,9.890447058105469,0.28730419921875,30.359411764705882,-33636.64122137405,-2390.8396946564885,5029.007633587787
489003,0,0,0,4892512791,4874.315197,0.010005,386,16538,470,-2094,-1231,-85,188,0.23104046020507812,9.898826763916015,0.2813186950683594,30.371176470588235,-33829.00763358779,-2335.87786259542,5166.412213740458
489004,0,0,0,4892522796,4874.325202,0.010005,384,16556,472,-2091,-1236,-84,191,0.229843359375,9.909600671386718,0.2825157958984375,30.380000000000003,-33966.41221374046,-2308.3969465648856,5248.854961832061
489005,0,0,0,4892532802,4874.335208,0.010006,360,16518,466,-2094,-1230,-90,192,0.2154781494140625,9.886855755615233,0.27892449340820313,30.371176470588235,-33801.52671755725,-2473.282442748092,5276.335877862595
489006,0,0,0,4892542807,4874.345213,0.010005,396,16552,496,-2093,-1228,-85,186,0.23702596435546874,9.907206469726562,0.296881005859375,30.374117647058824,-33746.564885496184,-2335.87786259542,5111.4503816793895
489007,0,0,0,4892552812,4874.355218,0.010005,384,16518,454,-2094,-1229,-82,186,0.229843359375,9.886855755615233,0.27174188842773433,30.371176470588235,-33774.04580152672,-2253.4351145038167,5111.4503816793895
489008,0,0,0,4892562817,4874.365223,0.010005,352,16526,444,-2098,-1233,-87,192,0.21068974609375,9.891644158935547,0.2657563842773437,30.359411764705882,-33883.96946564886,-2390.8396946564885,5276.335877862595
489009,0,0,0,4892572822,4874.375228,0.010005,324,16546,526,-2096,-1235,-87,187,0.19393033447265623,9.903615167236328,0.31483751831054685,30.36529411764706,-33938.931297709925,-2390.8396946564885,5138.931297709924
489010,0,0,0,4892582827,4874.385233,0.010005,374,16552,484,-2089,-1233,-83,186,0.22385785522460935,9.907206469726562,0.28969840087890625,30.385882352941177,-33883.96946564886,-2280.916030534351,5111.4503816793895
489011,0,0,0,4892592833,4874.395239,0.010006,378,16518,464,-2100,-1228,-90,185,0.2262520568847656,9.886855755615233,0.277727392578125,30.353529411764708,-33746.564885496184,-2473.282442748092,5083.9694656488555
489012,0,0,0,4892602838,4874.405244,0.010005,358,16576,428,-2100,-1233,-88,184,0.21428104858398436,9.9215716796875,0.2561795776367187,30.353529411764708,-33883.96946564886,-2418.320610687023,5056.488549618321
489013,0,0,0,4892612843,4874.415249,0.010005,390,16554,466,-2095,-1227,-80,184,0.23343466186523437,9.90840357055664,0.27892449340820313,30.368235294117646,-33719.08396946565,-2198.4732824427483,5056.488549618321
489014,0,0,0,4892622848,4874.425254,0.010005,384,16528,498,-2099,-1227,-86,191,0.229843359375,9.892841259765625,0.2980781066894531,30.356470588235297,-33719.08396946565,-2363.3587786259545,5248.854961832061
489015,0,0,0,4892632853,4874.435259,0.010005,354,16510,454,-2097,-1231,-89,190,0.21188684692382811,9.882067352294921,0.27174188842773433,30.36235294117647,-33829.00763358779,-2445.8015267175574,5221.374045801527
489016,0,0,0,4892642859,4874.445265,0.010006,412,16542,470,-2093,-1233,-87,189,0.24660277099609373,9.90122096557617,0.2813186950683594,30.374117647058824,-33883.96946564886,-2390.8396946564885,5193.893129770992
489017,0,0,0,4892652864,4874.45527,0.010005,396,16570,464,-2093,-1228,-78,189,0.23702596435546874,9.917980377197265,0.277727392578125,30.374117647058824,-33746.564885496184,-2143.5114503816794,5193.893129770992
489018,0,0,0,4892662869,4874.465275,0.010005,362,16568,466,-2101,-1226,-80,180,0.2166752502441406,9.916783276367187,0.27892449340820313,30.35058823529412,-33691.603053435116,-2198.4732824427483,4946.564885496184
489019,0,0,0,4892672874,4874.47528,0.010005,380,16538,444,-2101,-1231,-85,177,0.22744915771484372,9.898826763916015,0.2657563842773437,30.35058823529412,-33829.00763358779,-2335.87786259542,4864.122137404581
489020,0,0,0,4892682879,4874.485285,0.010005,352,16520,478,-2100,-1230,-88,189,0.21068974609375,9.888052856445311,0.2861070983886719,30.353529411764708,-33801.52671755725,-2418.320610687023,5193.893129770992
489021,0,0,0,4892692884,4874.49529,0.010005,392,16548,480,-2098,-1229,-86,186,0.2346317626953125,9.904812268066406,0.28730419921875,30.359411764705882,-33774.04580152672,-2363.3587786259545,5111.4503816793895
489022,0,0,0,4892702890,4874.505296,0.010006,394,16544,414,-2099,-1229,-83,184,0.23582886352539062,9.90241806640625,0.24779987182617186,30.356470588235297,-33774.04580152672,-2280.916030534351,5056.488549618321
489023,0,0,0,4892712895,4874.515301,0.010005,422,16562,438,-2096,-1238,-82,175,0.25258827514648435,9.913191973876952,0.26216508178710934,30.36529411764706,-34021.37404580153,-2253.4351145038167,4809.160305343512
489024,0,0,0,4892722900,4874.525306,0.010005,358,16580,468,-2100,-1229,-81,178,0.21428104858398436,9.923965881347655,0.28012159423828126,30.353529411764708,-33774.04580152672,-2225.9541984732828,4891.603053435115
489025,0,0,0,4892732905,4874.535311,0.010005,370,16562,472,-2100,-1234,-81,181,0.2214636535644531,9.913191973876952,0.2825157958984375,30.353529411764708,-33911.45038167939,-2225.9541984732828,4974.045801526718
489026,0,0,0,4892742910,4874.545316,0.010005,356,16552,498,-2097,-1232,-84,177,0.21308394775390624,9.907206469726562,0.2980781066894531,30.36235294117647,-33856.48854961832,-2308.3969465648856,4864.122137404581
489027,0,0,0,4892752916,4874.555322,0.010006,378,16554,446,-2100,-1231,-89,178,0.2262520568847656,9.90840357055664,0.26695348510742184,30.353529411764708,-33829.00763358779,-2445.8015267175574,4891.603053435115
489028,0,0,0,4892762921,4874.565327,0.010005,394,16526,434,-2095,-1238,-87,182,0.23582886352539062,9.891644158935547,0.2597708801269531,30.368235294117646,-34021.37404580153,-2390.8396946564885,5001.526717557253
489029,0,0,0,4892772926,4874.575332,0.010005,340,16522,488,-2096,-1235,-85,181,0.20350714111328125,9.889249957275391,0.2920926025390625,30.36529411764706,-33938.931297709925,-2335.87786259542,4974.045801526718
489030,0,0,0,4892782931,4874.585337,0.010005,350,16588,450,-2096,-1235,-80,183,0.20949264526367187,9.928754284667969,0.2693476867675781,30.36529411764706,-33938.931297709925,-2198.4732824427483,5029.007633587787
489031,0,0,0,4892792936,4874.595342,0.010005,366,16510,518,-2096,-1239,-82,179,0.21906945190429686,9.882067352294921,0.31004911499023435,30.36529411764706,-34048.85496183206,-2253.4351145038167,4919.083969465649
489032,0,0,0,4892802942,4874.605348,0.010006,368,16560,450,-2098,-1224,-82,173,0.22026655273437498,9.911994873046874,0.2693476867675781,30.359411764705882,-33636.64122137405,-2253.4351145038167,4754.198473282443
489033,0,0,0,4892812947,4874.615353,0.010005,378,16520,456,-2097,-1232,-81,182,0.2262520568847656,9.888052856445311,0.27293898925781246,30.36235294117647,-33856.48854961832,-2225.9541984732828,5001.526717557253
489034,0,0,0,4892822952,4874.625358,0.010005,390,16546,490,-2097,-1228,-84,185,0.23343466186523437,9.903615167236328,0.2932897033691406,30.36235294117647,-33746.564885496184,-2308.3969465648856,5083.9694656488555
489035,0,0,0,4892832957,4874.635363,0.010005,336,16558,494,-2098,-1227,-86,184,0.201112939453125,9.910797772216796,0.29568390502929687,30.359411764705882,-33719.08396946565,-2363.3587786259545,5056.488549618321
489036,0,0,0,4892842962,4874.645368,0.010005,396,16566,482,-2098,-1235,-81,184,0.23702596435546874,9.91558617553711,0.2885013000488281,30.359411764705882,-33938.931297709925,-2225.9541984732828,5056.488549618321
489037,0,0,0,4892852967,4874.655373,0.010005,376,16546,526,-2094,-1227,-84,185,0.22505495605468748,9.903615167236328,0.31483751831054685,30.371176470588235,-33719.08396946565,-2308.3969465648856,5083.9694656488555
489038,0,0,0,4892862973,4874.665379,0.010006,392,16582,502,-2098,-1229,-86,183,0.2346317626953125,9.925162982177733,0.30047230834960936,30.359411764705882,-33774.04580152672,-2363.3587786259545,5029.007633587787
489039,0,0,0,4892872978,4874.675384,0.010005,370,16578,460,-2096,-1227,-90,185,0.2214636535644531,9.922768780517577,0.2753331909179687,30.36529411764706,-33719.08396946565,-2473.282442748092,5083.9694656488555
489040,0,0,0,4892882983,4874.685389,0.010005,374,16564,472,-2096,-1229,-85,183,0.22385785522460935,9.91438907470703,0.2825157958984375,30.36529411764706,-33774.04580152672,-2335.87786259542,5029.007633587787
489041,0,0,0,4892892988,4874.695394,0.010005,402,16528,420,-2089,-1233,-92,182,0.24061726684570311,9.892841259765625,0.25139117431640623,30.385882352941177,-33883.96946564886,-2528.2442748091603,5001.526717557253
489042,0,0,0,4892902993,4874.705399,0.010005,354,16568,490,-2097,-1234,-90,191,0.21188684692382811,9.916783276367187,0.2932897033691406,30.36235294117647,-33911.45038167939,-2473.282442748092,5248.854961832061
489043,0,0,0,4892912999,4874.715405,0.010006,362,16528,462,-2099,-1233,-89,188,0.2166752502441406,9.892841259765625,0.2765302917480469,30.356470588235297,-33883.96946564886,-2445.8015267175574,5166.412213740458
489044,0,0,0,4892923004,4874.72541,0.010005,402,16562,400,-2096,-1228,-79,191,0.24061726684570311,9.913191973876952,0.239420166015625,30.36529411764706,-33746.564885496184,-2170.992366412214,5248.854961832061
489045,0,0,0,4892933009,4874.735415,0.010005,398,16568,504,-2098,-1234,-86,181,0.23822306518554687,9.916783276367187,0.3016694091796875,30.359411764705882,-33911.45038167939,-2363.3587786259545,4974.045801526718
489046,0,0,0,4892943014,4874.74542,0.010005,384,16554,470,-2091,-1231,-83,191,0.229843359375,9.90840357055664,0.2813186950683594,30.380000000000003,-33829.00763358779,-2280.916030534351,5248.854961832061
489047,0,0,0,4892953019,4874.755425,0.010005,366,16544,488,-2093,-1227,-88,190,0.21906945190429686,9.90241806640625,0.2920926025390625,30.374117647058824,-33719.08396946565,-2418.320610687023,5221.374045801527
489048,0,0,0,4892963024,4874.76543,0.010005,378,16572,486,-2101,-1228,-85,197,0.2262520568847656,9.919177478027343,0.29089550170898437,30.35058823529412,-33746.564885496184,-2335.87786259542,5413.740458015267
489049,0,0,0,4892973030,4874.775436,0.010006,344,16550,456,-2101,-1225,-82,189,0.2059013427734375,9.906009368896484,0.27293898925781246,30.35058823529412,-33664.122137404585,-2253.4351145038167,5193.893129770992
489050,0,0,0,4892983035,4874.785441,0.010005,390,16504,436,-2096,-1230,-87,186,0.23343466186523437,9.878476049804688,0.2609679809570312,30.36529411764706,-33801.52671755725,-2390.8396946564885,5111.4503816793895
489051,0,0,0,4892993040,4874.795446,0.010005,328,16572,448,-2095,-1231,-84,193,0.19632453613281248,9.919177478027343,0.26815058593749996,30.368235294117646,-33829.00763358779,-2308.3969465648856,5303.81679389313
489052,0,0,0,4893003045,4874.805451,0.010005,380,16582,454,-2097,-1236,-82,185,0.22744915771484372,9.925162982177733,0.27174188842773433,30.36235294117647,-33966.41221374046,-2253.4351145038167,5083.9694656488555
489053,0,0,0,4893013050,4874.815456,0.010005,364,16586,452,-2094,-1237,-82,187,0.21787235107421873,9.92755718383789,0.2705447875976562,30.371176470588235,-33993.89312977099,-2253.4351145038167,5138.931297709924
489054,0,0,0,4893023056,4874.825462,0.010006,388,16566,498,-2097,-1233,-95,185,0.23223756103515625,9.91558617553711,0.2980781066894531,30.36235294117647,-33883.96946564886,-2610.6870229007636,5083.9694656488555
489055,0,0,0,4893033061,4874.835467,0.010005,354,16534,452,-2091,-1233,-87,187,0.21188684692382811,9.896432562255859,0.2705447875976562,30.380000000000003,-33883.96946564886,-2390.8396946564885,5138.931297709924
489056,0,0,0,4893043066,4874.845472,0.010005,354,16576,506,-2089,-1234,-90,186,0.21188684692382811,9.9215716796875,0.3028665100097656,30.385882352941177,-33911.45038167939,-2473.282442748092,5111.4503816793895
489057,0,0,0,4893053071,4874.855477,0.010005,384,16548,446,-2094,-1234,-86,175,0.229843359375,9.904812268066406,0.26695348510742184,30.371176470588235,-33911.45038167939,-2363.3587786259545,4809.160305343512
489058,0,0,0,4893063076,4874.865482,0.010005,390,16546,470,-2094,-1231,-88,183,0.23343466186523437,9.903615167236328,0.2813186950683594,30.371176470588235,-33829.00763358779,-2418.320610687023,5029.007633587787
489059,0,0,0,4893073081,4874.875487,0.010005,374,16582,496,-2089,-1222,-90,180,0.22385785522460935,9.925162982177733,0.296881005859375,30.385882352941177,-33581.67938931298,-2473.282442748092,4946.564885496184
489060,0,0,0,4893083087,4874.885493,0.010006,438,16570,508,-2096,-1233,-86,194,0.26216508178710934,9.917980377197265,0.30406361083984373,30.36529411764706,-33883.96946564886,-2363.3587786259545,5331.297709923664
489061,0,0,0,4893093092,4874.895498,0.010005,332,16510,512,-2096,-1235,-84,187,0.19871873779296872,9.882067352294921,0.3064578125,30.36529411764706,-33938.931297709925,-2308.3969465648856,5138.931297709924
489062,0,0,0,4893103097,4874.905503,0.010005,378,16510,478,-2098,-1230,-83,184,0.2262520568847656,9.882067352294921,0.2861070983886719,30.359411764705882,-33801.52671755725,-2280.916030534351,5056.488549618321
489063,0,0,0,4893113102,4874.915508,0.010005,336,16542,428,-2093,-1229,-82,187,0.201112939453125,9.90122096557617,0.2561795776367187,30.374117647058824,-33774.04580152672,-2253.4351145038167,5138.931297709924
489064,0,0,0,4893123107,4874.925513,0.010005,372,16524,456,-2092,-1230,-78,182,0.22266075439453123,9.890447058105469,0.27293898925781246,30.377058823529413,-33801.52671755725,-2143.5114503816794,5001.526717557253
489065,0,0,0,4893133113,4874.935519,0.010006,380,16512,488,-2101,-1223,-87,189,0.22744915771484372,9.883264453125,0.2920926025390625,30.35058823529412,-33609.16030534351,-2390.8396946564885,5193.893129770992
489066,0,0,0,4893143118,4874.945524,0.010005,422,16536,500,-2100,-1231,-90,188,0.25258827514648435,9.897629663085937,0.29927520751953124,30.353529411764708,-33829.00763358779,-2473.282442748092,5166.412213740458
489067,0,0,0,4893153123,4874.955529,0.010005,392,16542,476,-2097,-1229,-81,175,0.2346317626953125,9.90122096557617,0.28490999755859375,30.36235294117647,-33774.04580152672,-2225.9541984732828,4809.160305343512
489068,0,0,0,4893163128,4874.965534,0.010005,386,16540,526,-2104,-1225,-88,186,0.23104046020507812,9.900023864746093,0.31483751831054685,30.341764705882355,-33664.122137404585,-2418.320610687023,5111.4503816793895
489069,0,0,0,4893173133,4874.975539,0.010005,390,16500,494,-2096,-1224,-88,191,0.23343466186523437,9.87608184814453,0.29568390502929687,30.36529411764706,-33636.64122137405,-2418.320610687023,5248.854961832061
489070,0,0,0,4893183139,4874.985545,0.010006,378,16564,522,-2095,-1230,-81,181,0.2262520568847656,9.91438907470703,0.3124433166503906,30.368235294117646,-33801.52671755725,-2225.9541984732828,4974.045801526718
489071,0,0,0,4893193144,4874.99555,0.010005,334,16570,472,-2095,-1235,-86,181,0.19991583862304688,9.917980377197265,0.2825157958984375,30.368235294117646,-33938.931297709925,-2363.3587786259545,4974.045801526718
489072,0,0,0,4893203149,4875.005555,0.010005,366,16550,536,-2093,-1232,-86,187,0.21906945190429686,9.906009368896484,0.32082302246093747,30.374117647058824,-33856.48854961832,-2363.3587786259545,5138.931297709924
489073,0,0,0,4893213154,4875.01556,0.010005,400,16538,464,-2095,-1229,-87,183,0.239420166015625,9.898826763916015,0.277727392578125,30.368235294117646,-33774.04580152672,-2390.8396946564885,5029.007633587787
489074,0,0,0,4893223159,4875.025565,0.010005,368,16548,496,-2089,-1233,-87,181,0.22026655273437498,9.904812268066406,0.296881005859375,30.385882352941177,-33883.96946564886,-2390.8396946564885,4974.045801526718
489075,0,0,0,4893233164,4875.03557,0.010005,352,16530,502,-2093,-1228,-86,183,0.21068974609375,9.894038360595703,0.30047230834960936,30.374117647058824,-33746.564885496184,-2363.3587786259545,5029.007633587787
489076,0,0,0,4893243170,4875.045576,0.010006,376,16572,488,-2098,-1228,-77,183,0.22505495605468748,9.919177478027343,0.2920926025390625,30.359411764705882,-33746.564885496184,-2116.030534351145,5029.007633587787
489077,0,0,0,4893253175,4875.055581,0.010005,356,16598,484,-2092,-1235,-87,179,0.21308394775390624,9.934739788818359,0.28969840087890625,30.377058823529413,-33938.931297709925,-2390.8396946564885,4919.083969465649
489078,0,0,0,4893263180,4875.065586,0.010005,360,16540,512,-2098,-1234,-83,185,0.2154781494140625,9.900023864746093,0.3064578125,30.359411764705882,-33911.45038167939,-2280.916030534351,5083.9694656488555
489079,0,0,0,4893273185,4875.075591,0.010005,364,16580,460,-2095,-1236,-85,187,0.21787235107421873,9.923965881347655,0.2753331909179687,30.368235294117646,-33966.41221374046,-2335.87786259542,5138.931297709924
489080,0,0,0,4893283190,4875.085596,0.010005,382,16580,418,-2094,-1232,-91,187,0.22864625854492185,9.923965881347655,0.2501940734863281,30.371176470588235,-33856.48854961832,-2500.7633587786263,5138.931297709924
489081,0,0,0,4893293196,4875.095602,0.010006,376,16526,526,-2095,-1232,-86,191,0.22505495605468748,9.891644158935547,0.31483751831054685,30.368235294117646,-33856.48854961832,-2363.3587786259545,5248.854961832061
489082,0,0,0,4893303201,4875.105607,0.010005,366,16506,448,-2092,-1235,-81,188,0.21906945190429686,9.879673150634765,0.26815058593749996,30.377058823529413,-33938.931297709925,-2225.9541984732828,5166.412213740458
489083,0,0,0,4893313206,4875.115612,0.010005,376,16526,522,-2097,-1228,-90,193,0.22505495605468748,9.891644158935547,0.3124433166503906,30.36235294117647,-33746.564885496184,-2473.282442748092,5303.81679389313
489084,0,0,0,4893323211,4875.125617,0.010005,366,16522,394,-2097,-1230,-92,188,0.21906945190429686,9.889249957275391,0.23582886352539062,30.36235294117647,-33801.52671755725,-2528.2442748091603,5166.412213740458
489085,0,0,0,4893333216,4875.135622,0.010005,352,16548,440,-2095,-1234,-82,189,0.21068974609375,9.904812268066406,0.26336218261718747,30.368235294117646,-33911.45038167939,-2253.4351145038167,5193.893129770992
489086,0,0,0,4893343221,4875.145627,0.010005,388,16524,448,-2098,-1231,-85,179,0.23223756103515625,9.890447058105469,0.26815058593749996,30.359411764705882,-33829.00763358779,-2335.87786259542,4919.083969465649
489087,0,0,0,4893353227,4875.155633,0.010006,362,16514,468,-2096,-1231,-86,187,0.2166752502441406,9.884461553955077,0.28012159423828126,30.36529411764706,-33829.00763358779,-2363.3587786259545,5138.931297709924
489088,0,0,0,4893363232,4875.165638,0.010005,376,16530,506,-2095,-1234,-87,188,0.22505495605468748,9.894038360595703,0.3028665100097656,30.368235294117646,-33911.45038167939,-2390.8396946564885,5166.412213740458
489089,0,0,0,4893373237,4875.175643,0.010005,410,16552,522,-2095,-1231,-90,190,0.2454056701660156,9.907206469726562,0.3124433166503906,30.368235294117646,-33829.00763358779,-2473.282442748092,5221.374045801527
489090,0,0,0,4893383242,4875.185648,0.010005,382,16538,458,-2094,-1229,-80,181,0.22864625854492185,9.898826763916015,0.2741360900878906,30.371176470588235,-33774.04580152672,-2198.4732824427483,4974.045801526718
489091,0,0,0,4893393247,4875.195653,0.010005,348,16576,464,-2092,-1232,-89,184,0.20829554443359374,9.9215716796875,0.277727392578125,30.377058823529413,-33856.48854961832,-2445.8015267175574,5056.488549618321
489092,0,0,0,4893403253,4875.205659,0.010006,342,16560,412,-2095,-1231,-87,193,0.20470424194335937,9.911994873046874,0.24660277099609373,30.368235294117646,-33829.00763358779,-2390.8396946564885,5303.81679389313
489093,0,0,0,4893413258,4875.215664,0.010005,396,16538,480,-2095,-1224,-83,182,0.23702596435546874,9.898826763916015,0.28730419921875,30.368235294117646,-33636.64122137405,-2280.916030534351,5001.526717557253
489094,0,0,0,4893423263,4875.225669,0.010005,372,16548,460,-2091,-1227,-85,184,0.22266075439453123,9.904812268066406,0.2753331909179687,30.380000000000003,-33719.08396946565,-2335.87786259542,5056.488549618321
489095,0,0,0,4893433268,4875.235674,0.010005,380,16554,442,-2092,-1230,-87,194,0.22744915771484372,9.90840357055664,0.2645592834472656,30.377058823529413,-33801.52671755725,-2390.8396946564885,5331.297709923664
489096,0,0,0,4893443273,4875.245679,0.010005,368,16578,478,-2088,-1233,-82,187,0.22026655273437498,9.922768780517577,0.2861070983886719,30.388823529411766,-33883.96946564886,-2253.4351145038167,5138.931297709924
489097,0,0,0,4893453278,4875.255684,0.010005,380,16562,494,-2091,-1234,-86,190,0.22744915771484372,9.913191973876952,0.29568390502929687,30.380000000000003,-33911.45038167939,-2363.3587786259545,5221.374045801527
489098,0,0,0,4893463284,4875.26569,0.010006,336,16556,478,-2091,-1236,-90,186,0.201112939453125,9.909600671386718,0.2861070983886719,30.380000000000003,-33966.41221374046,-2473.282442748092,5111.4503816793895
489099,0,0,0,4893473289,4875.275695,0.010005,396,16562,532,-2093,-1232,-91,188,0.23702596435546874,9.913191973876952,0.3184288208007812,30.374117647058824,-33856.48854961832,-2500.7633587786263,5166.412213740458
489100,0,0,0,4893483294,4875.2857,0.010005,346,16588,498,-2091,-1228,-77,181,0.20709844360351562,9.928754284667969,0.2980781066894531,30.380000000000003,-33746.564885496184,-2116.030534351145,4974.045801526718
489101,0,0,0,4893493299,4875.295705,0.010005,356,16546,472,-2092,-1231,-86,187,0.21308394775390624,9.903615167236328,0.2825157958984375,30.377058823529413,-33829.00763358779,-2363.3587786259545,5138.931297709924
489102,0,0,0,4893503304,4875.30571,0.010005,400,16562,484,-2093,-1232,-92,186,0.239420166015625,9.913191973876952,0.28969840087890625,30.374117647058824,-33856.48854961832,-2528.2442748091603,5111.4503816793895
489103,0,0,0,4893513310,4875.315716,0.010006,384,16568,478,-2094,-1233,-95,180,0.229843359375,9.916783276367187,0.2861070983886719,30.371176470588235,-33883.96946564886,-2610.6870229007636,4946.564885496184
489104,0,0,0,4893523315,4875.325721,0.010005,366,16514,476,-2095,-1231,-86,186,0.21906945190429686,9.884461553955077,0.28490999755859375,30.368235294117646,-33829.00763358779,-2363.3587786259545,5111.4503816793895
489105,0,0,0,4893533320,4875.335726,0.010005,420,16534,490,-2096,-1227,-80,177,0.25139117431640623,9.896432562255859,0.2932897033691406,30.36529411764706,-33719.08396946565,-2198.4732824427483,4864.122137404581
489106,0,0,0,4893543325,4875.345731,0.010005,388,16540,488,-2098,-1232,-84,176,0.23223756103515625,9.900023864746093,0.2920926025390625,30.359411764705882,-33856.48854961832,-2308.3969465648856,4836.641221374046
489107,0,0,0,4893553330,4875.355736,0.010005,356,16516,508,-2097,-1229,-85,181,0.21308394775390624,9.885658654785155,0.30406361083984373,30.36235294117647,-33774.04580152672,-2335.87786259542,4974.045801526718
489108,0,0,0,4893563335,4875.365741,0.010005,394,16572,440,-2099,-1229,-81,195,0.23582886352539062,9.919177478027343,0.26336218261718747,30.356470588235297,-33774.04580152672,-2225.9541984732828,5358.778625954199
489109,0,0,0,4893573341,4875.375747,0.010006,368,16580,492,-2098,-1227,-85,185,0.22026655273437498,9.923965881347655,0.29448680419921874,30.359411764705882,-33719.08396946565,-2335.87786259542,5083.9694656488555
489110,0,0,0,4893583346,4875.385752,0.010005,376,16582,448,-2099,-1234,-88,185,0.22505495605468748,9.925162982177733,0.26815058593749996,30.356470588235297,-33911.45038167939,-2418.320610687023,5083.9694656488555
489111,0,0,0,4893593351,4875.395757,0.010005,358,16572,518,-2095,-1238,-88,174,0.21428104858398436,9.919177478027343,0.31004911499023435,30.368235294117646,-34021.37404580153,-2418.320610687023,4781.679389312977
489112,0,0,0,4893603356,4875.405762,0.010005,398,16532,496,-2100,-1230,-85,176,0.23822306518554687,9.89523546142578,0.296881005859375,30.353529411764708,-33801.52671755725,-2335.87786259542,4836.641221374046
489113,0,0,0,4893613361,4875.415767,0.010005,370,16524,444,-2096,-1230,-86,194,0.2214636535644531,9.890447058105469,0.2657563842773437,30.36529411764706,-33801.52671755725,-2363.3587786259545,5331.297709923664
489114,0,0,0,4893623367,4875.425773,0.010006,384,16546,478,-2093,-1234,-87,189,0.229843359375,9.903615167236328,0.2861070983886719,30.374117647058824,-33911.45038167939,-2390.8396946564885,5193.893129770992
489115,0,0,0,4893633372,4875.435778,0.010005,368,16524,430,-2090,-1233,-85,195,0.22026655273437498,9.890447058105469,0.25737667846679685,30.382941176470588,-33883.96946564886,-2335.87786259542,5358.778625954199
489116,0,0,0,4893643377,4875.445783,0.010005,386,16522,470,-2096,-1229,-83,191,0.23104046020507812,9.889249957275391,0.2813186950683594,30.36529411764706,-33774.04580152672,-2280.916030534351,5248.854961832061
489117,0,0,0,4893653382,4875.455788,0.010005,368,16508,464,-2092,-1230,-87,197,0.22026655273437498,9.880870251464843,0.277727392578125,30.377058823529413,-33801.52671755725,-2390.8396946564885,5413.740458015267
489118,0,0,0,4893663387,4875.465793,0.010005,358,16552,502,-2093,-1229,-84,193,0.21428104858398436,9.907206469726562,0.30047230834960936,30.374117647058824,-33774.04580152672,-2308.3969465648856,5303.81679389313
489119,0,0,0,4893673392,4875.475798,0.010005,380,16578,492,-2094,-1232,-85,187,0.22744915771484372,9.922768780517577,0.29448680419921874,30.371176470588235,-33856.48854961832,-2335.87786259542,5138.931297709924
489120,0,0,0,4893683398,4875.485804,0.010006,356,16566,480,-2094,-1230,-89,180,0.21308394775390624,9.91558617553711,0.28730419921875,30.371176470588235,-33801.52671755725,-2445.8015267175574,4946.564885496184
489121,0,0,0,4893693403,4875.495809,0.010005,350,16582,458,-2099,-1229,-93,189,0.20949264526367187,9.925162982177733,0.2741360900878906,30.356470588235297,-33774.04580152672,-2555.7251908396947,5193.893129770992
489122,0,0,0,4893703408,4875.505814,0.010005,420,16532,486,-2093,-1236,-86,187,0.25139117431640623,9.89523546142578,0.29089550170898437,30.374117647058824,-33966.41221374046,-2363.3587786259545,5138.931297709924
489123,0,0,0,4893713413,4875.515819,0.010005,368,16546,464,-2094,-1227,-90,186,0.22026655273437498,9.903615167236328,0.277727392578125,30.371176470588235,-33719.08396946565,-2473.282442748092,5111.4503816793895
489124,0,0,0,4893723418,4875.525824,0.010005,356,16526,468,-2094,-1232,-82,192,0.21308394775390624,9.891644158935547,0.28012159423828126,30.371176470588235,-33856.48854961832,-2253.4351145038167,5276.335877862595
489125,0,0,0,4893733424,4875.53583,0.010006,384,16584,456,-2094,-1233,-92,183,0.229843359375,9.926360083007811,0.27293898925781246,30.371176470588235,-33883.96946564886,-2528.2442748091603,5029.007633587787
489126,0,0,0,4893743429,4875.545835,0.010005,384,16548,462,-2092,-1229,-91,188,0.229843359375,9.904812268066406,0.2765302917480469,30.377058823529413,-33774.04580152672,-2500.7633587786263,5166.412213740458
489127,0,0,0,4893753434,4875.55584,0.010005,368,16592,516,-2089,-1233,-85,186,0.22026655273437498,9.931148486328125,0.30885201416015623,30.385882352941177,-33883.96946564886,-2335.87786259542,5111.4503816793895
489128,0,0,0,4893763439,4875.565845,0.010005,344,16560,490,-2099,-1230,-86,178,0.2059013427734375,9.911994873046874,0.2932897033691406,30.356470588235297,-33801.52671755725,-2363.3587786259545,4891.603053435115
489129,0,0,0,4893773444,4875.57585,0.010005,410,16586,452,-2092,-1231,-84,188,0.2454056701660156,9.92755718383789,0.2705447875976562,30.377058823529413,-33829.00763358779,-2308.3969465648856,5166.412213740458
489130,0,0,0,4893783450,4875.585856,0.010006,398,16520,508,-2098,-1225,-86,189,0.23822306518554687,9.888052856445311,0.30406361083984373,30.359411764705882,-33664.122137404585,-2363.3587786259545,5193.893129770992
489131,0,0,0,4893793455,4875.595861,0.010005,402,16546,458,-2098,-1233,-90,190,0.24061726684570311,9.903615167236328,0.2741360900878906,30.359411764705882,-33883.96946564886,-2473.282442748092,5221.374045801527
489132,0,0,0,4893803460,4875.605866,0.010005,354,16552,486,-2096,-1237,-92,185,0.21188684692382811,9.907206469726562,0.29089550170898437,30.36529411764706,-33993.89312977099,-2528.2442748091603,5083.9694656488555
489133,0,0,0,4893813465,4875.615871,0.010005,372,16548,462,-2100,-1230,-87,186,0.22266075439453123,9.904812268066406,0.2765302917480469,30.353529411764708,-33801.52671755725,-2390.8396946564885,5111.4503816793895
489134,0,0,0,4893823470,4875.625876,0.010005,390,16542,514,-2095,-1224,-87,188,0.23343466186523437,9.90122096557617,0.3076549133300781,30.368235294117646,-33636.64122137405,-2390.8396946564885,5166.412213740458
489135,0,0,0,4893833475,4875.635881,0.010005,346,16520,450,-2093,-1224,-85,193,0.20709844360351562,9.888052856445311,0.2693476867675781,30.374117647058824,-33636.64122137405,-2335.87786259542,5303.81679389313
489136,0,0,0,4893843481,4875.645887,0.010006,384,16566,498,-2088,-1227,-78,190,0.229843359375,9.91558617553711,0.2980781066894531,30.388823529411766,-33719.08396946565,-2143.5114503816794,5221.374045801527
489137,0,0,0,4893853486,4875.655892,0.010005,370,16536,460,-2091,-1232,-83,185,0.2214636535644531,9.897629663085937,0.2753331909179687,30.380000000000003,-33856.48854961832,-2280.916030534351,5083.9694656488555
489138,0,0,0,4893863491,4875.665897,0.010005,344,16534,470,-2091,-1235,-91,184,0.2059013427734375,9.896432562255859,0.2813186950683594,30.380000000000003,-33938.931297709925,-2500.7633587786263,5056.488549618321
489139,0,0,0,4893873496,4875.675902,0.010005,408,16528,502,-2091,-1234,-83,183,0.2442085693359375,9.892841259765625,0.30047230834960936,30.380000000000003,-33911.45038167939,-2280.916030534351,5029.007633587787
489140,0,0,0,4893883501,4875.685907,0.010005,358,16590,528,-2096,-1231,-85,180,0.21428104858398436,9.929951385498047,0.316034619140625,30.36529411764706,-33829.00763358779,-2335.87786259542,4946.564885496184
489141,0,0,0,4893893507,4875.695913,0.010006,332,16496,474,-2096,-1229,-83,187,0.19871873779296872,9.873687646484374,0.28371289672851563,30.36529411764706,-33774.04580152672,-2280.916030534351,5138.931297709924
489142,0,0,0,4893903512,4875.705918,0.010005,382,16558,470,-2101,-1227,-85,188,0.22864625854492185,9.910797772216796,0.2813186950683594,30.35058823529412,-33719.08396946565,-2335.87786259542,5166.412213740458
489143,0,0,0,4893913517,4875.715923,0.010005,366,16492,494,-2102,-1228,-83,184,0.21906945190429686,9.871293444824218,0.29568390502929687,30.34764705882353,-33746.564885496184,-2280.916030534351,5056.488549618321
489144,0,0,0,4893923522,4875.725928,0.010005,384,16538,432,-2093,-1228,-78,183,0.229843359375,9.898826763916015,0.258573779296875,30.374117647058824,-33746.564885496184,-2143.5114503816794,5029.007633587787
489145,0,0,0,4893933527,4875.735933,0.010005,370,16536,452,-2097,-1233,-78,182,0.2214636535644531,9.897629663085937,0.2705447875976562,30.36235294117647,-33883.96946564886,-2143.5114503816794,5001.526717557253
489146,0,0,0,4893943532,4875.745938,0.010005,354,16542,496,-2093,-1230,-80,181,0.21188684692382811,9.90122096557617,0.296881005859375,30.374117647058824,-33801.52671755725,-2198.4732824427483,4974.045801526718
489147,0,0,0,4893953538,4875.755944,0.010006,384,16564,462,-2089,-1227,-77,184,0.229843359375,9.91438907470703,0.2765302917480469,30.385882352941177,-33719.08396946565,-2116.030534351145,5056.488549618321
489148,0,0,0,4893963543,4875.765949,0.010005,384,16574,456,-2091,-1231,-85,181,0.229843359375,9.920374578857421,0.27293898925781246,30.380000000000003,-33829.00763358779,-2335.87786259542,4974.045801526718
489149,0,0,0,4893973548,4875.775954,0.010005,390,16562,476,-2092,-1229,-88,183,0.23343466186523437,9.913191973876952,0.28490999755859375,30.377058823529413,-33774.04580152672,-2418.320610687023,5029.007633587787
489150,0,0,0,4893983553,4875.785959,0.010005,392,16548,456,-2090,-1228,-87,176,0.2346317626953125,9.904812268066406,0.27293898925781246,30.382941176470588,-33746.564885496184,-2390.8396946564885,4836.641221374046
489151,0,0,0,4893993558,4875.795964,0.010005,372,16570,536,-2096,-1230,-82,188,0.22266075439453123,9.917980377197265,0.32082302246093747,30.36529411764706,-33801.52671755725,-2253.4351145038167,5166.412213740458
489152,0,0,0,4894003564,4875.80597,0.010006,396,16556,462,-2092,-1233,-82,184,0.23702596435546874,9.909600671386718,0.2765302917480469,30.377058823529413,-33883.96946564886,-2253.4351145038167,5056.488549618321
489153,0,0,0,4894013569,4875.815975,0.010005,418,16554,416,-2098,-1225,-81,179,0.2501940734863281,9.90840357055664,0.24899697265624998,30.359411764705882,-33664.122137404585,-2225.9541984732828,4919.083969465649
489154,0,0,0,4894023574,4875.82598,0.010005,388,16526,494,-2095,-1227,-83,189,0.23223756103515625,9.891644158935547,0.29568390502929687,30.368235294117646,-33719.08396946565,-2280.916030534351,5193.893129770992
489155,0,0,0,4894033579,4875.835985,0.010005,390,16554,426,-2099,-1231,-82,180,0.23343466186523437,9.90840357055664,0.2549824768066406,30.356470588235297,-33829.00763358779,-2253.4351145038167,4946.564885496184
489156,0,0,0,4894043584,4875.84599,0.010005,412,16540,500,-2101,-1233,-87,186,0.24660277099609373,9.900023864746093,0.29927520751953124,30.35058823529412,-33883.96946564886,-2390.8396946564885,5111.4503816793895
489157,0,0,0,4894053590,4875.855996,0.010006,394,16522,456,-2098,-1243,-86,184,0.23582886352539062,9.889249957275391,0.27293898925781246,30.359411764705882,-34158.7786259542,-2363.3587786259545,5056.488549618321
489158,0,0,0,4894063595,4875.866001,0.010005,392,16506,470,-2088,-1233,-91,181,0.2346317626953125,9.879673150634765,0.2813186950683594,30.388823529411766,-33883.96946564886,-2500.7633587786263,4974.045801526718
489159,0,0,0,4894073600,4875.876006,0.010005,320,16542,506,-2091,-1235,-87,182,0.19153613281249998,9.90122096557617,0.3028665100097656,30.380000000000003,-33938.931297709925,-2390.8396946564885,5001.526717557253
489160,0,0,0,4894083605,4875.886011,0.010005,390,16504,534,-2093,-1231,-80,183,0.23343466186523437,9.878476049804688,0.31962592163085934,30.374117647058824,-33829.00763358779,-2198.4732824427483,5029.007633587787
489161,0,0,0,4894093610,4875.896016,0.010005,366,16558,496,-2094,-1232,-77,186,0.21906945190429686,9.910797772216796,0.296881005859375,30.371176470588235,-33856.48854961832,-2116.030534351145,5111.4503816793895
489162,0,0,0,4894103615,4875.906021,0.010005,356,16540,490,-2093,-1229,-85,188,0.21308394775390624,9.900023864746093,0.2932897033691406,30.374117647058824,-33774.04580152672,-2335.87786259542,5166.412213740458
489163,0,0,0,4894113621,4875.916027,0.010006,402,16522,496,-2095,-1232,-83,189,0.24061726684570311,9.889249957275391,0.296881005859375,30.368235294117646,-33856.48854961832,-2280.916030534351,5193.893129770992
489164,0,0,0,4894123626,4875.926032,0.010005,362,16590,482,-2094,-1226,-89,185,0.2166752502441406,9.929951385498047,0.2885013000488281,30.371176470588235,-33691.603053435116,-2445.8015267175574,5083.9694656488555
489165,0,0,0,4894133631,4875.936037,0.010005,338,16550,442,-2095,-1228,-83,184,0.20231004028320312,9.906009368896484,0.2645592834472656,30.368235294117646,-33746.564885496184,-2280.916030534351,5056.488549618321
489166,0,0,0,4894143636,4875.946042,0.010005,370,16544,392,-2098,-1235,-80,186,0.2214636535644531,9.90241806640625,0.2346317626953125,30.359411764705882,-33938.931297709925,-2198.4732824427483,5111.4503816793895
489167,0,0,0,4894153641,4875.956047,0.010005,372,16558,416,-2092,-1224,-83,182,0.22266075439453123,9.910797772216796,0.24899697265624998,30.377058823529413,-33636.64122137405,-2280.916030534351,5001.526717557253
489168,0,0,0,4894163647,4875.966053,0.010006,384,16510,446,-2097,-1228,-89,183,0.229843359375,9.882067352294921,0.26695348510742184,30.36235294117647,-33746.564885496184,-2445.8015267175574,5029.007633587787
489169,0,0,0,4894173652,4875.976058,0.010005,372,16540,530,-2094,-1221,-91,182,0.22266075439453123,9.900023864746093,0.3172317199707031,30.371176470588235,-33554.19847328244,-2500.7633587786263,5001.526717557253
489170,0,0,0,4894183657,4875.986063,0.010005,354,16536,428,-2093,-1230,-85,189,0.21188684692382811,9.897629663085937,0.2561795776367187,30.374117647058824,-33801.52671755725,-2335.87786259542,5193.893129770992
489171,0,0,0,4894193662,4875.996068,0.010005,358,16570,410,-2091,-1237,-85,193,0.21428104858398436,9.917980377197265,0.2454056701660156,30.380000000000003,-33993.89312977099,-2335.87786259542,5303.81679389313
489172,0,0,0,4894203667,4876.006073,0.010005,384,16552,492,-2093,-1235,-89,186,0.229843359375,9.907206469726562,0.29448680419921874,30.374117647058824,-33938.931297709925,-2445.8015267175574,5111.4503816793895
489173,0,0,0,4894213672,4876.016078,0.010005,380,16550,518,-2093,-1231,-89,182,0.22744915771484372,9.906009368896484,0.31004911499023435,30.374117647058824,-33829.00763358779,-2445.8015267175574,5001.526717557253
489174,0,0,0,4894223678,4876.026084,0.010006,360,16512,494,-2091,-1226,-88,175,0.2154781494140625,9.883264453125,0.29568390502929687,30.380000000000003,-33691.603053435116,-2418.320610687023,4809.160305343512
489175,0,0,0,4894233683,4876.036089,0.010005,356,16560,456,-2096,-1233,-92,184,0.21308394775390624,9.911994873046874,0.27293898925781246,30.36529411764706,-33883.96946564886,-2528.2442748091603,5056.488549618321
489176,0,0,0,4894243688,4876.046094,0.010005,370,16552,482,-2096,-1231,-92,192,0.2214636535644531,9.907206469726562,0.2885013000488281,30.36529411764706,-33829.00763358779,-2528.2442748091603,5276.335877862595
489177,0,0,0,4894253693,4876.056099,0.010005,350,16538,506,-2097,-1231,-83,187,0.20949264526367187,9.898826763916015,0.3028665100097656,30.36235294117647,-33829.00763358779,-2280.916030534351,5138.931297709924
489178,0,0,0,4894263698,4876.066104,0.010005,360,16548,484,-2096,-1238,-90,185,0.2154781494140625,9.904812268066406,0.28969840087890625,30.36529411764706,-34021.37404580153,-2473.282442748092,5083.9694656488555
489179,0,0,0,4894273704,4876.07611,0.010006,380,16548,472,-2100,-1232,-80,185,0.22744915771484372,9.904812268066406,0.2825157958984375,30.353529411764708,-33856.48854961832,-2198.4732824427483,5083.9694656488555
489180,0,0,0,4894283709,4876.086115,0.010005,360,16530,468,-2091,-1232,-80,187,0.2154781494140625,9.894038360595703,0.28012159423828126,30.380000000000003,-33856.48854961832,-2198.4732824427483,5138.931297709924
489181,0,0,0,4894293714,4876.09612,0.010005,358,16558,546,-2097,-1233,-82,190,0.21428104858398436,9.910797772216796,0.3268085266113281,30.36235294117647,-33883.96946564886,-2253.4351145038167,5221.374045801527
489182,0,0,0,4894303719,4876.106125,0.010005,350,16558,464,-2102,-1227,-80,188,0.20949264526367187,9.910797772216796,0.277727392578125,30.34764705882353,-33719.08396946565,-2198.4732824427483,5166.412213740458
489183,0,0,0,4894313724,4876.11613,0.010005,396,16544,536,-2095,-1226,-81,194,0.23702596435546874,9.90241806640625,0.32082302246093747,30.368235294117646,-33691.603053435116,-2225.9541984732828,5331.297709923664
489184,0,0,0,4894323729,4876.126135,0.010005,366,16540,444,-2090,-1234,-74,188,0.21906945190429686,9.900023864746093,0.2657563842773437,30.382941176470588,-33911.45038167939,-2033.587786259542,5166.412213740458
489185,0,0,0,4894333735,4876.136141,0.010006,364,16570,400,-2099,-1229,-83,192,0.21787235107421873,9.917980377197265,0.239420166015625,30.356470588235297,-33774.04580152672,-2280.916030534351,5276.335877862595
489186,0,0,0,4894343740,4876.146146,0.010005,396,16528,532,-2095,-1225,-85,187,0.23702596435546874,9.892841259765625,0.3184288208007812,30.368235294117646,-33664.122137404585,-2335.87786259542,5138.931297709924
489187,0,0,0,4894353745,4876.156151,0.010005,368,16562,458,-2096,-1228,-86,186,0.22026655273437498,9.913191973876952,0.2741360900878906,30.36529411764706,-33746.564885496184,-2363.3587786259545,5111.4503816793895
489188,0,0,0,4894363750,4876.166156,0.010005,362,16512,500,-2094,-1231,-86,175,0.2166752502441406,9.883264453125,0.29927520751953124,30.371176470588235,-33829.00763358779,-2363.3587786259545,4809.160305343512
489189,0,0,0,4894373755,4876.176161,0.010005,352,16522,436,-2096,-1227,-84,182,0.21068974609375,9.889249957275391,0.2609679809570312,30.36529411764706,-33719.08396946565,-2308.3969465648856,5001.526717557253
489190,0,0,0,4894383761,4876.186167,0.010006,366,16552,434,-2098,-1226,-87,185,0.21906945190429686,9.907206469726562,0.2597708801269531,30.359411764705882,-33691.603053435116,-2390.8396946564885,5083.9694656488555
489191,0,0,0,4894393766,4876.196172,0.010005,352,16544,448,-2098,-1229,-84,192,0.21068974609375,9.90241806640625,0.26815058593749996,30.359411764705882,-33774.04580152672,-2308.3969465648856,5276.335877862595
489192,0,0,0,4894403771,4876.206177,0.010005,376,16544,514,-2096,-1234,-86,189,0.22505495605468748,9.90241806640625,0.3076549133300781,30.36529411764706,-33911.45038167939,-2363.3587786259545,5193.893129770992
489193,0,0,0,4894413776,4876.216182,0.010005,382,16568,436,-2095,-1236,-84,189,0.22864625854492185,9.916783276367187,0.2609679809570312,30.368235294117646,-33966.41221374046,-2308.3969465648856,5193.893129770992
489194,0,0,0,4894423781,4876.226187,0.010005,398,16556,444,-2095,-1234,-85,179,0.23822306518554687,9.909600671386718,0.2657563842773437,30.368235294117646,-33911.45038167939,-2335.87786259542,4919.083969465649
489195,0,0,0,4894433786,4876.236192,0.010005,376,16532,456,-2095,-1231,-86,184,0.22505495605468748,9.89523546142578,0.27293898925781246,30.368235294117646,-33829.00763358779,-2363.3587786259545,5056.488549618321
489196,0,0,0,4894443792,4876.246198,0.010006,356,16544,488,-2098,-1232,-85,188,0.21308394775390624,9.90241806640625,0.2920926025390625,30.359411764705882,-33856.48854961832,-2335.87786259542,5166.412213740458
489197,0,0,0,4894453797,4876.256203,0.010005,402,16548,484,-2097,-1227,-93,189,0.24061726684570311,9.904812268066406,0.28969840087890625,30.36235294117647,-33719.08396946565,-2555.7251908396947,5193.893129770992
489198,0,0,0,4894463802,4876.266208,0.010005,354,16564,476,-2099,-1230,-90,192,0.21188684692382811,9.91438907470703,0.28490999755859375,30.356470588235297,-33801.52671755725,-2473.282442748092,5276.335877862595
489199,0,0,0,4894473807,4876.276213,0.010005,360,16554,474,-2096,-1232,-88,187,0.2154781494140625,9.90840357055664,0.28371289672851563,30.36529411764706,-33856.48854961832,-2418.320610687023,5138.931297709924
489200,0,0,0,4894483812,4876.286218,0.010005,396,16584,490,-2095,-1230,-90,189,0.23702596435546874,9.926360083007811,0.2932897033691406,30.368235294117646,-33801.52671755725,-2473.282442748092,5193.893129770992
489201,0,0,0,4894493818,4876.296224,0.010006,398,16578,474,-2094,-1232,-88,186,0.23822306518554687,9.922768780517577,0.28371289672851563,30.371176470588235,-33856.48854961832,-2418.320610687023,5111.4503816793895
489202,0,0,0,4894503823,4876.306229,0.010005,338,16502,464,-2092,-1230,-90,195,0.20231004028320312,9.87727894897461,0.277727392578125,30.377058823529413,-33801.52671755725,-2473.282442748092,5358.778625954199
489203,0,0,0,4894513828,4876.316234,0.010005,412,16574,472,-2095,-1232,-84,190,0.24660277099609373,9.920374578857421,0.2825157958984375,30.368235294117646,-33856.48854961832,-2308.3969465648856,5221.374045801527
489204,0,0,0,4894523833,4876.326239,0.010005,366,16528,508,-2097,-1232,-85,183,0.21906945190429686,9.892841259765625,0.30406361083984373,30.36235294117647,-33856.48854961832,-2335.87786259542,5029.007633587787
489205,0,0,0,4894533838,4876.336244,0.010005,360,16584,460,-2099,-1229,-87,176,0.2154781494140625,9.926360083007811,0.2753331909179687,30.356470588235297,-33774.04580152672,-2390.8396946564885,4836.641221374046
489206,0,0,0,4894543844,4876.34625,0.010006,366,16518,496,-2096,-1230,-81,192,0.21906945190429686,9.886855755615233,0.296881005859375,30.36529411764706,-33801.52671755725,-2225.9541984732828,5276.335877862595
489207,0,0,0,4894553849,4876.356255,0.010005,360,16578,456,-2100,-1230,-83,183,0.2154781494140625,9.922768780517577,0.27293898925781246,30.353529411764708,-33801.52671755725,-2280.916030534351,5029.007633587787
489208,0,0,0,4894563854,4876.36626,0.010005,404,16524,458,-2092,-1235,-85,183,0.24181436767578124,9.890447058105469,0.2741360900878906,30.377058823529413,-33938.931297709925,-2335.87786259542,5029.007633587787
489209,0,0,0,4894573859,4876.376265,0.010005,382,16542,490,-2090,-1228,-87,187,0.22864625854492185,9.90122096557617,0.2932897033691406,30.382941176470588,-33746.564885496184,-2390.8396946564885,5138.931297709924
489210,0,0,0,4894583864,4876.38627,0.010005,402,16552,466,-2091,-1229,-90,182,0.24061726684570311,9.907206469726562,0.27892449340820313,30.380000000000003,-33774.04580152672,-2473.282442748092,5001.526717557253
489211,0,0,0,4894593869,4876.396275,0.010005,352,16550,474,-2095,-1227,-84,187,0.21068974609375,9.906009368896484,0.28371289672851563,30.368235294117646,-33719.08396946565,-2308.3969465648856,5138.931297709924
489212,0,0,0,4894603875,4876.406281,0.010006,378,16538,428,-2098,-1226,-87,193,0.2262520568847656,9.898826763916015,0.2561795776367187,30.359411764705882,-33691.603053435116,-2390.8396946564885,5303.81679389313
489213,0,0,0,4894613880,4876.416286,0.010005,354,16510,472,-2099,-1226,-83,194,0.21188684692382811,9.882067352294921,0.2825157958984375,30.356470588235297,-33691.603053435116,-2280.916030534351,5331.297709923664
489214,0,0,0,4894623885,4876.426291,0.010005,330,16510,482,-2095,-1230,-91,185,0.1975216369628906,9.882067352294921,0.2885013000488281,30.368235294117646,-33801.52671755725,-2500.7633587786263,5083.9694656488555
489215,0,0,0,4894633890,4876.436296,0.010005,386,16554,462,-2102,-1229,-85,180,0.23104046020507812,9.90840357055664,0.2765302917480469,30.34764705882353,-33774.04580152672,-2335.87786259542,4946.564885496184
489216,0,0,0,4894643895,4876.446301,0.010005,384,16536,468,-2093,-1231,-90,186,0.229843359375,9.897629663085937,0.28012159423828126,30.374117647058824,-33829.00763358779,-2473.282442748092,5111.4503816793895
489217,0,0,0,4894653901,4876.456307,0.010006,334,16516,370,-2091,-1236,-78,187,0.19991583862304688,9.885658654785155,0.2214636535644531,30.380000000000003,-33966.41221374046,-2143.5114503816794,5138.931297709924
489218,0,0,0,4894663906,4876.466312,0.010005,396,16580,466,-2096,-1234,-80,185,0.23702596435546874,9.923965881347655,0.27892449340820313,30.36529411764706,-33911.45038167939,-2198.4732824427483,5083.9694656488555
489219,0,0,0,4894673911,4876.476317,0.010005,366,16518,508,-2100,-1230,-83,185,0.21906945190429686,9.886855755615233,0.30406361083984373,30.353529411764708,-33801.52671755725,-2280.916030534351,5083.9694656488555
489220,0,0,0,4894683916,4876.486322,0.010005,346,16540,472,-2099,-1229,-78,181,0.20709844360351562,9.900023864746093,0.2825157958984375,30.356470588235297,-33774.04580152672,-2143.5114503816794,4974.045801526718
489221,0,0,0,4894693921,4876.496327,0.010005,364,16544,494,-2092,-1231,-83,184,0.21787235107421873,9.90241806640625,0.29568390502929687,30.377058823529413,-33829.00763358779,-2280.916030534351,5056.488549618321
489222,0,0,0,4894703926,4876.506332,0.010005,364,16596,506,-2096,-1237,-77,178,0.21787235107421873,9.93354268798828,0.3028665100097656,30.36529411764706,-33993.89312977099,-2116.030534351145,4891.603053435115
489223,0,0,0,4894713932,4876.516338,0.010006,342,16532,474,-2100,-1234,-83,185,0.20470424194335937,9.89523546142578,0.28371289672851563,30.353529411764708,-33911.45038167939,-2280.916030534351,5083.9694656488555
489224,0,0,0,4894723937,4876.526343,0.010005,338,16582,502,-2096,-1227,-81,185,0.20231004028320312,9.925162982177733,0.30047230834960936,30.36529411764706,-33719.08396946565,-2225.9541984732828,5083.9694656488555
489225,0,0,0,4894733942,4876.536348,0.010005,340,16564,470,-2093,-1227,-80,189,0.20350714111328125,9.91438907470703,0.2813186950683594,30.374117647058824,-33719.08396946565,-2198.4732824427483,5193.893129770992
489226,0,0,0,4894743947,4876.546353,0.010005,374,16548,430,-2093,-1229,-82,193,0.22385785522460935,9.904812268066406,0.25737667846679685,30.374117647058824,-33774.04580152672,-2253.4351145038167,5303.81679389313
489227,0,0,0,4894753952,4876.556358,0.010005,352,16504,438,-2094,-1229,-84,182,0.21068974609375,9.878476049804688,0.26216508178710934,30.371176470588235,-33774.04580152672,-2308.3969465648856,5001.526717557253
489228,0,0,0,4894763958,4876.566364,0.010006,366,16560,502,-2093,-1231,-85,192,0.21906945190429686,9.911994873046874,0.30047230834960936,30.374117647058824,-33829.00763358779,-2335.87786259542,5276.335877862595
489229,0,0,0,4894773963,4876.576369,0.010005,360,16532,562,-2091,-1230,-80,183,0.2154781494140625,9.89523546142578,0.3363853332519531,30.380000000000003,-33801.52671755725,-2198.4732824427483,5029.007633587787
489230,0,0,0,4894783968,4876.586374,0.010005,388,16528,446,-2096,-1229,-81,183,0.23223756103515625,9.892841259765625,0.26695348510742184,30.36529411764706,-33774.04580152672,-2225.9541984732828,5029.007633587787
489231,0,0,0,4894793973,4876.596379,0.010005,374,16564,454,-2098,-1221,-90,195,0.22385785522460935,9.91438907470703,0.27174188842773433,30.359411764705882,-33554.19847328244,-2473.282442748092,5358.778625954199
489232,0,0,0,4894803978,4876.606384,0.010005,382,16530,434,-2096,-1231,-86,186,0.22864625854492185,9.894038360595703,0.2597708801269531,30.36529411764706,-33829.00763358779,-2363.3587786259545,5111.4503816793895
489233,0,0,0,4894813983,4876.616389,0.010005,368,16532,466,-2096,-1233,-84,182,0.22026655273437498,9.89523546142578,0.27892449340820313,30.36529411764706,-33883.96946564886,-2308.3969465648856,5001.526717557253
489234,0,0,0,4894823989,4876.626395,0.010006,376,16502,476,-2100,-1229,-86,189,0.22505495605468748,9.87727894897461,0.28490999755859375,30.353529411764708,-33774.04580152672,-2363.3587786259545,5193.893129770992
489235,0,0,0,4894833994,4876.6364,0.010005,358,16520,478,-2101,-1233,-86,192,0.21428104858398436,9.888052856445311,0.2861070983886719,30.35058823529412,-33883.96946564886,-2363.3587786259545,5276.335877862595
489236,0,0,0,4894843999,4876.646405,0.010005,362,16570,464,-2102,-1234,-91,185,0.2166752502441406,9.917980377197265,0.277727392578125,30.34764705882353,-33911.45038167939,-2500.7633587786263,5083.9694656488555
489237,0,0,0,4894854004,4876.65641,0.010005,338,16558,520,-2097,-1230,-83,187,0.20231004028320312,9.910797772216796,0.3112462158203125,30.36235294117647,-33801.52671755725,-2280.916030534351,5138.931297709924
489238,0,0,0,4894864009,4876.666415,0.010005,328,16526,502,-2096,-1230,-85,188,0.19632453613281248,9.891644158935547,0.30047230834960936,30.36529411764706,-33801.52671755725,-2335.87786259542,5166.412213740458
489239,0,0,0,4894874015,4876.676421,0.010006,384,16506,464,-2099,-1227,-89,184,0.229843359375,9.879673150634765,0.277727392578125,30.356470588235297,-33719.08396946565,-2445.8015267175574,5056.488549618321
489240,0,0,0,4894884020,4876.686426,0.010005,388,16524,508,-2099,-1226,-85,182,0.23223756103515625,9.890447058105469,0.30406361083984373,30.356470588235297,-33691.603053435116,-2335.87786259542,5001.526717557253
489241,0,0,0,4894894025,4876.696431,0.010005,356,16538,446,-2097,-1234,-88,182,0.21308394775390624,9.898826763916015,0.26695348510742184,30.36235294117647,-33911.45038167939,-2418.320610687023,5001.526717557253
489242,0,0,0,4894904030,4876.706436,0.010005,308,16526,424,-2096,-1236,-82,185,0.18435352783203124,9.891644158935547,0.2537853759765625,30.36529411764706,-33966.41221374046,-2253.4351145038167,5083.9694656488555
489243,0,0,0,4894914035,4876.716441,0.010005,354,16554,442,-2095,-1235,-86,184,0.21188684692382811,9.90840357055664,0.2645592834472656,30.368235294117646,-33938.931297709925,-2363.3587786259545,5056.488549618321
489244,0,0,0,4894924040,4876.726446,0.010005,358,16502,484,-2098,-1226,-80,186,0.21428104858398436,9.87727894897461,0.28969840087890625,30.359411764705882,-33691.603053435116,-2198.4732824427483,5111.4503816793895
489245,0,0,0,4894934046,4876.736452,0.010006,338,16514,438,-2097,-1232,-82,187,0.20231004028320312,9.884461553955077,0.26216508178710934,30.36235294117647,-33856.48854961832,-2253.4351145038167,5138.931297709924
489246,0,0,0,4894944051,4876.746457,0.010005,362,16508,414,-2095,-1235,-89,189,0.2166752502441406,9.880870251464843,0.24779987182617186,30.368235294117646,-33938.931297709925,-2445.8015267175574,5193.893129770992
489247,0,0,0,4894954056,4876.756462,0.010005,434,16526,438,-2094,-1233,-88,185,0.2597708801269531,9.891644158935547,0.26216508178710934,30.371176470588235,-33883.96946564886,-2418.320610687023,5083.9694656488555
489248,0,0,0,4894964061,4876.766467,0.010005,332,16550,448,-2098,-1233,-86,183,0.19871873779296872,9.906009368896484,0.26815058593749996,30.359411764705882,-33883.96946564886,-2363.3587786259545,5029.007633587787
489249,0,0,0,4894974066,4876.776472,0.010005,364,16544,524,-2098,-1227,-90,191,0.21787235107421873,9.90241806640625,0.3136404174804687,30.359411764705882,-33719.08396946565,-2473.282442748092,5248.854961832061
489250,0,0,0,4894984072,4876.786478,0.010006,364,16516,502,-2091,-1232,-87,188,0.21787235107421873,9.885658654785155,0.30047230834960936,30.380000000000003,-33856.48854961832,-2390.8396946564885,5166.412213740458
489251,0,0,0,4894994077,4876.796483,0.010005,350,16578,452,-2101,-1233,-85,186,0.20949264526367187,9.922768780517577,0.2705447875976562,30.35058823529412,-33883.96946564886,-2335.87786259542,5111.4503816793895
489252,0,0,0,4895004082,4876.806488,0.010005,348,16556,534,-2098,-1231,-90,183,0.20829554443359374,9.909600671386718,0.31962592163085934,30.359411764705882,-33829.00763358779,-2473.282442748092,5029.007633587787
489253,0,0,0,4895014087,4876.816493,0.010005,358,16534,446,-2094,-1231,-88,194,0.21428104858398436,9.896432562255859,0.26695348510742184,30.371176470588235,-33829.00763358779,-2418.320610687023,5331.297709923664
489254,0,0,0,4895024092,4876.826498,0.010005,346,16554,474,-2097,-1232,-91,186,0.20709844360351562,9.90840357055664,0.28371289672851563,30.36235294117647,-33856.48854961832,-2500.7633587786263,5111.4503816793895
489255,0,0,0,4895034098,4876.836504,0.010006,428,16564,472,-2095,-1235,-83,185,0.2561795776367187,9.91438907470703,0.2825157958984375,30.368235294117646,-33938.931297709925,-2280.916030534351,5083.9694656488555
489256,0,0,0,4895044103,4876.846509,0.010005,368,16550,438,-2091,-1226,-84,178,0.22026655273437498,9.906009368896484,0.26216508178710934,30.380000000000003,-33691.603053435116,-2308.3969465648856,4891.603053435115
489257,0,0,0,4895054108,4876.856514,0.010005,328,16560,470,-2100,-1230,-83,187,0.19632453613281248,9.911994873046874,0.2813186950683594,30.353529411764708,-33801.52671755725,-2280.916030534351,5138.931297709924
489258,0,0,0,4895064113,4876.866519,0.010005,394,16512,492,-2097,-1233,-85,182,0.23582886352539062,9.883264453125,0.29448680419921874,30.36235294117647,-33883.96946564886,-2335.87786259542,5001.526717557253
489259,0,0,0,4895074118,4876.876524,0.010005,402,16540,452,-2097,-1231,-85,191,0.24061726684570311,9.900023864746093,0.2705447875976562,30.36235294117647,-33829.00763358779,-2335.87786259542,5248.854961832061
489260,0,0,0,4895084123,4876.886529,0.010005,394,16542,424,-2093,-1229,-78,184,0.23582886352539062,9.90122096557617,0.2537853759765625,30.374117647058824,-33774.04580152672,-2143.5114503816794,5056.488549618321
489261,0,0,0,4895094129,4876.896535,0.010006,370,16532,504,-2095,-1226,-79,176,0.2214636535644531,9.89523546142578,0.3016694091796875,30.368235294117646,-33691.603053435116,-2170.992366412214,4836.641221374046
489262,0,0,0,4895104134,4876.90654,0.010005,362,16530,474,-2095,-1228,-84,186,0.2166752502441406,9.894038360595703,0.28371289672851563,30.368235294117646,-33746.564885496184,-2308.3969465648856,5111.4503816793895
489263,0,0,0,4895114139,4876.916545,0.010005,364,16528,438,-2096,-1227,-87,191,0.21787235107421873,9.892841259765625,0.26216508178710934,30.36529411764706,-33719.08396946565,-2390.8396946564885,5248.854961832061
489264,0,0,0,4895124144,4876.92655,0.010005,354,16538,438,-2101,-1231,-89,190,0.21188684692382811,9.898826763916015,0.26216508178710934,30.35058823529412,-33829.00763358779,-2445.8015267175574,5221.374045801527
489265,0,0,0,4895134149,4876.936555,0.010005,400,16548,480,-2096,-1232,-85,187,0.239420166015625,9.904812268066406,0.28730419921875,30.36529411764706,-33856.48854961832,-2335.87786259542,5138.931297709924
489266,0,0,0,4895144155,4876.946561,0.010006,380,16530,456,-2099,-1231,-90,191,0.22744915771484372,9.894038360595703,0.27293898925781246,30.356470588235297,-33829.00763358779,-2473.282442748092,5248.854961832061
489267,0,0,0,4895154160,4876.956566,0.010005,400,16512,538,-2095,-1225,-80,186,0.239420166015625,9.883264453125,0.3220201232910156,30.368235294117646,-33664.122137404585,-2198.4732824427483,5111.4503816793895
489268,0,0,0,4895164165,4876.966571,0.010005,380,16534,456,-2099,-1228,-84,184,0.22744915771484372,9.896432562255859,0.27293898925781246,30.356470588235297,-33746.564885496184,-2308.3969465648856,5056.488549618321
489269,0,0,0,4895174170,4876.976576,0.010005,382,16542,476,-2092,-1235,-79,179,0.22864625854492185,9.90122096557617,0.28490999755859375,30.377058823529413,-33938.931297709925,-2170.992366412214,4919.083969465649
489270,0,0,0,4895184175,4876.986581,0.010005,406,16548,456,-2091,-1234,-80,188,0.24301146850585936,9.904812268066406,0.27293898925781246,30.380000000000003,-33911.45038167939,-2198.4732824427483,5166.412213740458
489271,0,0,0,4895194180,4876.996586,0.010005,384,16590,452,-2095,-1230,-85,191,0.229843359375,9.929951385498047,0.2705447875976562,30.368235294117646,-33801.52671755725,-2335.87786259542,5248.854961832061
489272,0,0,0,4895204186,4877.006592,0.010006,366,16556,512,-2093,-1236,-82,190,0.21906945190429686,9.909600671386718,0.3064578125,30.374117647058824,-33966.41221374046,-2253.4351145038167,5221.374045801527
489273,0,0,0,4895214191,4877.016597,0.010005,364,16520,460,-2099,-1233,-81,194,0.21787235107421873,9.888052856445311,0.2753331909179687,30.356470588235297,-33883.96946564886,-2225.9541984732828,5331.297709923664
489274,0,0,0,4895224196,4877.026602,0.010005,360,16564,528,-2096,-1231,-91,186,0.2154781494140625,9.91438907470703,0.316034619140625,30.36529411764706,-33829.00763358779,-2500.7633587786263,5111.4503816793895
489275,0,0,0,4895234201,4877.036607,0.010005,342,16554,520,-2099,-1233,-82,186,0.20470424194335937,9.90840357055664,0.3112462158203125,30.356470588235297,-33883.96946564886,-2253.4351145038167,5111.4503816793895
489276,0,0,0,4895244206,4877.046612,0.010005,386,16514,450,-2100,-1237,-84,177,0.23104046020507812,9.884461553955077,0.2693476867675781,30.353529411764708,-33993.89312977099,-2308.3969465648856,4864.122137404581
489277,0,0,0,4895254212,4877.056618,0.010006,322,16590,508,-2098,-1231,-85,180,0.1927332336425781,9.929951385498047,0.30406361083984373,30.359411764705882,-33829.00763358779,-2335.87786259542,4946.564885496184
489278,0,0,0,4895264217,4877.066623,0.010005,324,16554,498,-2098,-1232,-83,183,0.19393033447265623,9.90840357055664,0.2980781066894531,30.359411764705882,-33856.48854961832,-2280.916030534351,5029.007633587787
489279,0,0,0,4895274222,4877.076628,0.010005,364,16558,540,-2094,-1235,-84,190,0.21787235107421873,9.910797772216796,0.3232172241210937,30.371176470588235,-33938.931297709925,-2308.3969465648856,5221.374045801527
489280,0,0,0,4895284227,4877.086633,0.010005,372,16532,522,-2093,-1233,-85,175,0.22266075439453123,9.89523546142578,0.3124433166503906,30.374117647058824,-33883.96946564886,-2335.87786259542,4809.160305343512
489281,0,0,0,4895294232,4877.096638,0.010005,354,16558,544,-2094,-1232,-86,189,0.21188684692382811,9.910797772216796,0.32561142578124996,30.371176470588235,-33856.48854961832,-2363.3587786259545,5193.893129770992
489282,0,0,0,4895304237,4877.106643,0.010005,342,16532,484,-2097,-1230,-87,182,0.20470424194335937,9.89523546142578,0.28969840087890625,30.36235294117647,-33801.52671755725,-2390.8396946564885,5001.526717557253
489283,0,0,0,4895314243,4877.116649,0.010006,396,16560,478,-2098,-1234,-87,192,0.23702596435546874,9.911994873046874,0.2861070983886719,30.359411764705882,-33911.45038167939,-2390.8396946564885,5276.335877862595
489284,0,0,0,4895324248,4877.126654,0.010005,350,16542,380,-2096,-1232,-88,188,0.20949264526367187,9.90122096557617,0.22744915771484372,30.36529411764706,-33856.48854961832,-2418.320610687023,5166.412213740458
489285,0,0,0,4895334253,4877.136659,0.010005,368,16502,508,-2100,-1233,-85,190,0.22026655273437498,9.87727894897461,0.30406361083984373,30.353529411764708,-33883.96946564886,-2335.87786259542,5221.374045801527
489286,0,0,0,4895344258,4877.146664,0.010005,356,16552,510,-2103,-1228,-99,186,0.21308394775390624,9.907206469726562,0.30526071166992186,30.34470588235294,-33746.564885496184,-2720.610687022901,5111.4503816793895
489287,0,0,0,4895354263,4877.156669,0.010005,370,16596,492,-2094,-1226,-94,192,0.2214636535644531,9.93354268798828,0.29448680419921874,30.371176470588235,-33691.603053435116,-2583.206106870229,5276.335877862595
489288,0,0,0,4895364269,4877.166675,0.010006,320,16570,470,-2097,-1229,-81,191,0.19153613281249998,9.917980377197265,0.2813186950683594,30.36235294117647,-33774.04580152672,-2225.9541984732828,5248.854961832061
489289,0,0,0,4895374274,4877.17668,0.010005,370,16528,454,-2096,-1239,-84,187,0.2214636535644531,9.892841259765625,0.27174188842773433,30.36529411764706,-34048.85496183206,-2308.3969465648856,5138.931297709924
489290,0,0,0,4895384279,4877.186685,0.010005,374,16536,534,-2095,-1234,-84,186,0.22385785522460935,9.897629663085937,0.31962592163085934,30.368235294117646,-33911.45038167939,-2308.3969465648856,5111.4503816793895
489291,0,0,0,4895394284,4877.19669,0.010005,368,16560,512,-2103,-1230,-83,184,0.22026655273437498,9.911994873046874,0.3064578125,30.34470588235294,-33801.52671755725,-2280.916030534351,5056.488549618321
489292,0,0,0,4895404289,4877.206695,0.010005,392,16538,448,-2097,-1230,-86,186,0.2346317626953125,9.898826763916015,0.26815058593749996,30.36235294117647,-33801.52671755725,-2363.3587786259545,5111.4503816793895
489293,0,0,0,4895414294,4877.2167,0.010005,386,16572,516,-2092,-1231,-89,186,0.23104046020507812,9.919177478027343,0.30885201416015623,30.377058823529413,-33829.00763358779,-2445.8015267175574,5111.4503816793895
489294,0,0,0,4895424300,4877.226706,0.010006,366,16538,488,-2092,-1228,-81,180,0.21906945190429686,9.898826763916015,0.2920926025390625,30.377058823529413,-33746.564885496184,-2225.9541984732828,4946.564885496184
489295,0,0,0,4895434305,4877.236711,0.010005,376,16554,468,-2096,-1228,-76,185,0.22505495605468748,9.90840357055664,0.28012159423828126,30.36529411764706,-33746.564885496184,-2088.549618320611,5083.9694656488555
489296,0,0,0,4895444310,4877.246716,0.010005,372,16568,522,-2094,-1230,-82,195,0.22266075439453123,9.916783276367187,0.3124433166503906,30.371176470588235,-33801.52671755725,-2253.4351145038167,5358.778625954199
489297,0,0,0,4895454315,4877.256721,0.010005,374,16532,528,-2090,-1227,-87,187,0.22385785522460935,9.89523546142578,0.316034619140625,30.382941176470588,-33719.08396946565,-2390.8396946564885,5138.931297709924
489298,0,0,0,4895464320,4877.266726,0.010005,340,16590,474,-2091,-1232,-82,188,0.20350714111328125,9.929951385498047,0.28371289672851563,30.380000000000003,-33856.48854961832,-2253.4351145038167,5166.412213740458
489299,0,0,0,4895474326,4877.276732,0.010006,388,16546,474,-2098,-1233,-88,181,0.23223756103515625,9.903615167236328,0.28371289672851563,30.359411764705882,-33883.96946564886,-2418.320610687023,4974.045801526718
489300,0,0,0,4895484331,4877.286737,0.010005,358,16552,476,-2094,-1234,-83,185,0.21428104858398436,9.907206469726562,0.28490999755859375,30.371176470588235,-33911.45038167939,-2280.916030534351,5083.9694656488555
489301,0,0,0,4895494336,4877.296742,0.010005,400,16574,466,-2094,-1231,-86,185,0.239420166015625,9.920374578857421,0.27892449340820313,30.371176470588235,-33829.00763358779,-2363.3587786259545,5083.9694656488555
489302,0,0,0,4895504341,4877.306747,0.010005,380,16524,506,-2100,-1229,-79,184,0.22744915771484372,9.890447058105469,0.3028665100097656,30.353529411764708,-33774.04580152672,-2170.992366412214,5056.488549618321
489303,0,0,0,4895514346,4877.316752,0.010005,372,16558,434,-2093,-1226,-85,184,0.22266075439453123,9.910797772216796,0.2597708801269531,30.374117647058824,-33691.603053435116,-2335.87786259542,5056.488549618321
489304,0,0,0,4895524351,4877.326757,0.010005,356,16520,490,-2091,-1234,-86,184,0.21308394775390624,9.888052856445311,0.2932897033691406,30.380000000000003,-33911.45038167939,-2363.3587786259545,5056.488549618321
489305,0,0,0,4895534357,4877.336763,0.010006,340,16552,412,-2098,-1238,-83,179,0.20350714111328125,9.907206469726562,0.24660277099609373,30.359411764705882,-34021.37404580153,-2280.916030534351,4919.083969465649
489306,0,0,0,4895544362,4877.346768,0.010005,352,16556,526,-2096,-1236,-88,179,0.21068974609375,9.909600671386718,0.31483751831054685,30.36529411764706,-33966.41221374046,-2418.320610687023,4919.083969465649
489307,0,0,0,4895554367,4877.356773,0.010005,372,16556,490,-2096,-1235,-88,176,0.22266075439453123,9.909600671386718,0.2932897033691406,30.36529411764706,-33938.931297709925,-2418.320610687023,4836.641221374046
489308,0,0,0,4895564372,4877.366778,0.010005,344,16548,524,-2094,-1237,-90,183,0.2059013427734375,9.904812268066406,0.3136404174804687,30.371176470588235,-33993.89312977099,-2473.282442748092,5029.007633587787
489309,0,0,0,4895574377,4877.376783,0.010005,354,16528,448,-2093,-1235,-85,185,0.21188684692382811,9.892841259765625,0.26815058593749996,30.374117647058824,-33938.931297709925,-2335.87786259542,5083.9694656488555
489310,0,0,0,4895584383,4877.386789,0.010006,382,16536,442,-2094,-1233,-79,189,0.22864625854492185,9.897629663085937,0.2645592834472656,30.371176470588235,-33883.96946564886,-2170.992366412214,5193.893129770992
489311,0,0,0,4895594388,4877.396794,0.010005,372,16562,504,-2092,-1228,-79,188,0.22266075439453123,9.913191973876952,0.3016694091796875,30.377058823529413,-33746.564885496184,-2170.992366412214,5166.412213740458
489312,0,0,0,4895604393,4877.406799,0.010005,374,16554,470,-2095,-1233,-76,186,0.22385785522460935,9.90840357055664,0.2813186950683594,30.368235294117646,-33883.96946564886,-2088.549618320611,5111.4503816793895
489313,0,0,0,4895614398,4877.416804,0.010005,390,16552,460,-2098,-1231,-82,187,0.23343466186523437,9.907206469726562,0.2753331909179687,30.359411764705882,-33829.00763358779,-2253.4351145038167,5138.931297709924
489314,0,0,0,4895624403,4877.426809,0.010005,364,16506,524,-2097,-1224,-91,188,0.21787235107421873,9.879673150634765,0.3136404174804687,30.36235294117647,-33636.64122137405,-2500.7633587786263,5166.412213740458
489315,0,0,0,4895634409,4877.436815,0.010006,374,16526,464,-2098,-1230,-86,181,0.22385785522460935,9.891644158935547,0.277727392578125,30.359411764705882,-33801.52671755725,-2363.3587786259545,4974.045801526718
489316,0,0,0,4895644414,4877.44682,0.010005,382,16514,530,-2093,-1229,-83,190,0.22864625854492185,9.884461553955077,0.3172317199707031,30.374117647058824,-33774.04580152672,-2280.916030534351,5221.374045801527
489317,0,0,0,4895654419,4877.456825,0.010005,404,16518,468,-2093,-1234,-84,187,0.24181436767578124,9.886855755615233,0.28012159423828126,30.374117647058824,-33911.45038167939,-2308.3969465648856,5138.931297709924
489318,0,0,0,4895664424,4877.46683,0.010005,390,16542,476,-2095,-1231,-84,186,0.23343466186523437,9.90122096557617,0.28490999755859375,30.368235294117646,-33829.00763358779,-2308.3969465648856,5111.4503816793895
489319,0,0,0,4895674429,4877.476835,0.010005,386,16564,456,-2091,-1235,-92,193,0.23104046020507812,9.91438907470703,0.27293898925781246,30.380000000000003,-33938.931297709925,-2528.2442748091603,5303.81679389313
489320,0,0,0,4895684434,4877.48684,0.010005,378,16562,496,-2091,-1232,-82,187,0.2262520568847656,9.913191973876952,0.296881005859375,30.380000000000003,-33856.48854961832,-2253.4351145038167,5138.931297709924
489321,0,0,0,4895694440,4877.496846,0.010006,394,16548,442,-2089,-1233,-81,181,0.23582886352539062,9.904812268066406,0.2645592834472656,30.385882352941177,-33883.96946564886,-2225.9541984732828,4974.045801526718
489322,0,0,0,4895704445,4877.506851,0.010005,376,16480,372,-2095,-1230,-82,187,0.22505495605468748,9.86411083984375,0.22266075439453123,30.368235294117646,-33801.52671755725,-2253.4351145038167,5138.931297709924
489323,0,0,0,4895714450,4877.516856,0.010005,344,16548,514,-2096,-1234,-81,184,0.2059013427734375,9.904812268066406,0.3076549133300781,30.36529411764706,-33911.45038167939,-2225.9541984732828,5056.488549618321
489324,0,0,0,4895724455,4877.526861,0.010005,444,16544,480,-2101,-1228,-84,181,0.2657563842773437,9.90241806640625,0.28730419921875,30.35058823529412,-33746.564885496184,-2308.3969465648856,4974.045801526718
489325,0,0,0,4895734460,4877.536866,0.010005,364,16530,462,-2098,-1226,-87,178,0.21787235107421873,9.894038360595703,0.2765302917480469,30.359411764705882,-33691.603053435116,-2390.8396946564885,4891.603053435115
489326,0,0,0,4895744466,4877.546872,0.010006,364,16486,456,-2102,-1231,-86,189,0.21787235107421873,9.867702142333984,0.27293898925781246,30.34764705882353,-33829.00763358779,-2363.3587786259545,5193.893129770992
489327,0,0,0,4895754471,4877.556877,0.010005,354,16604,436,-2099,-1226,-82,187,0.21188684692382811,9.938331091308592,0.2609679809570312,30.356470588235297,-33691.603053435116,-2253.4351145038167,5138.931297709924
489328,0,0,0,4895764476,4877.566882,0.010005,376,16532,502,-2099,-1233,-83,184,0.22505495605468748,9.89523546142578,0.30047230834960936,30.356470588235297,-33883.96946564886,-2280.916030534351,5056.488549618321
489329,0,0,0,4895774481,4877.576887,0.010005,368,16532,506,-2098,-1239,-82,181,0.22026655273437498,9.89523546142578,0.3028665100097656,30.359411764705882,-34048.85496183206,-2253.4351145038167,4974.045801526718
489330,0,0,0,4895784486,4877.586892,0.010005,410,16576,432,-2092,-1241,-89,183,0.2454056701660156,9.9215716796875,0.258573779296875,30.377058823529413,-34103.81679389313,-2445.8015267175574,5029.007633587787
489331,0,0,0,4895794491,4877.596897,0.010005,350,16554,434,-2095,-1232,-88,189,0.20949264526367187,9.90840357055664,0.2597708801269531,30.368235294117646,-33856.48854961832,-2418.320610687023,5193.893129770992
489332,0,0,0,4895804497,4877.606903,0.010006,352,16540,428,-2092,-1232,-84,189,0.21068974609375,9.900023864746093,0.2561795776367187,30.377058823529413,-33856.48854961832,-2308.3969465648856,5193.893129770992
489333,0,0,0,4895814502,4877.616908,0.010005,374,16520,520,-2093,-1235,-91,180,0.22385785522460935,9.888052856445311,0.3112462158203125,30.374117647058824,-33938.931297709925,-2500.7633587786263,4946.564885496184
489334,0,0,0,4895824507,4877.626913,0.010005,390,16568,426,-2091,-1238,-79,182,0.23343466186523437,9.916783276367187,0.2549824768066406,30.380000000000003,-34021.37404580153,-2170.992366412214,5001.526717557253
489335,0,0,0,4895834512,4877.636918,0.010005,364,16536,482,-2093,-1233,-87,185,0.21787235107421873,9.897629663085937,0.2885013000488281,30.374117647058824,-33883.96946564886,-2390.8396946564885,5083.9694656488555
489336,0,0,0,4895844517,4877.646923,0.010005,386,16556,418,-2095,-1232,-90,178,0.23104046020507812,9.909600671386718,0.2501940734863281,30.368235294117646,-33856.48854961832,-2473.282442748092,4891.603053435115
489337,0,0,0,4895854523,4877.656929,0.010006,362,16524,450,-2099,-1230,-86,184,0.2166752502441406,9.890447058105469,0.2693476867675781,30.356470588235297,-33801.52671755725,-2363.3587786259545,5056.488549618321
489338,0,0,0,4895864528,4877.666934,0.010005,346,16548,440,-2094,-1233,-86,184,0.20709844360351562,9.904812268066406,0.26336218261718747,30.371176470588235,-33883.96946564886,-2363.3587786259545,5056.488549618321
489339,0,0,0,4895874533,4877.676939,0.010005,374,16568,432,-2091,-1234,-79,188,0.22385785522460935,9.916783276367187,0.258573779296875,30.380000000000003,-33911.45038167939,-2170.992366412214,5166.412213740458
489340,0,0,0,4895884538,4877.686944,0.010005,358,16538,510,-2095,-1239,-83,188,0.21428104858398436,9.898826763916015,0.30526071166992186,30.368235294117646,-34048.85496183206,-2280.916030534351,5166.412213740458
489341,0,0,0,4895894543,4877.696949,0.010005,312,16528,526,-2098,-1233,-83,188,0.1867477294921875,9.892841259765625,0.31483751831054685,30.359411764705882,-33883.96946564886,-2280.916030534351,5166.412213740458
489342,0,0,0,4895904549,4877.706955,0.010006,342,16566,432,-2097,-1238,-86,183,0.20470424194335937,9.91558617553711,0.258573779296875,30.36235294117647,-34021.37404580153,-2363.3587786259545,5029.007633587787
489343,0,0,0,4895914554,4877.71696,0.010005,390,16558,490,-2098,-1234,-80,185,0.23343466186523437,9.910797772216796,0.2932897033691406,30.359411764705882,-33911.45038167939,-2198.4732824427483,5083.9694656488555
489344,0,0,0,4895924559,4877.726965,0.010005,338,16558,512,-2096,-1232,-89,187,0.20231004028320312,9.910797772216796,0.3064578125,30.36529411764706,-33856.48854961832,-2445.8015267175574,5138.931297709924
489345,0,0,0,4895934564,4877.73697,0.010005,338,16554,454,-2092,-1230,-85,182,0.20231004028320312,9.90840357055664,0.27174188842773433,30.377058823529413,-33801.52671755725,-2335.87786259542,5001.526717557253
489346,0,0,0,4895944569,4877.746975,0.010005,340,16536,518,-2095,-1229,-89,183,0.20350714111328125,9.897629663085937,0.31004911499023435,30.368235294117646,-33774.04580152672,-2445.8015267175574,5029.007633587787
489347,0,0,0,4895954574,4877.75698,0.010005,382,16532,410,-2089,-1229,-86,190,0.22864625854492185,9.89523546142578,0.2454056701660156,30.385882352941177,-33774.04580152672,-2363.3587786259545,5221.374045801527
489348,0,0,0,4895964580,4877.766986,0.010006,358,16526,500,-2091,-1230,-90,190,0.21428104858398436,9.891644158935547,0.29927520751953124,30.380000000000003,-33801.52671755725,-2473.282442748092,5221.374045801527
489349,0,0,0,4895974585,4877.776991,0.010005,360,16586,480,-2089,-1236,-82,185,0.2154781494140625,9.92755718383789,0.28730419921875,30.385882352941177,-33966.41221374046,-2253.4351145038167,5083.9694656488555
489350,0,0,0,4895984590,4877.786996,0.010005,350,16566,456,-2087,-1232,-80,185,0.20949264526367187,9.91558617553711,0.27293898925781246,30.391764705882352,-33856.48854961832,-2198.4732824427483,5083.9694656488555
489351,0,0,0,4895994595,4877.797001,0.010005,364,16562,504,-2090,-1228,-79,186,0.21787235107421873,9.913191973876952,0.3016694091796875,30.382941176470588,-33746.564885496184,-2170.992366412214,5111.4503816793895
489352,0,0,0,4896004600,4877.807006,0.010005,342,16542,494,-2091,-1232,-85,184,0.20470424194335937,9.90122096557617,0.29568390502929687,30.380000000000003,-33856.48854961832,-2335.87786259542,5056.488549618321
489353,0,0,0,4896014606,4877.817012,0.010006,384,16588,408,-2098,-1230,-84,197,0.229843359375,9.928754284667969,0.2442085693359375,30.359411764705882,-33801.52671755725,-2308.3969465648856,5413.740458015267
489354,0,0,0,4896024611,4877.827017,0.010005,324,16558,416,-2094,-1234,-79,185,0.19393033447265623,9.910797772216796,0.24899697265624998,30.371176470588235,-33911.45038167939,-2170.992366412214,5083.9694656488555
489355,0,0,0,4896034616,4877.837022,0.010005,364,16570,474,-2091,-1231,-90,180,0.21787235107421873,9.917980377197265,0.28371289672851563,30.380000000000003,-33829.00763358779,-2473.282442748092,4946.564885496184
489356,0,0,0,4896044621,4877.847027,0.010005,370,16564,456,-2098,-1238,-83,181,0.2214636535644531,9.91438907470703,0.27293898925781246,30.359411764705882,-34021.37404580153,-2280.916030534351,4974.045801526718
489357,0,0,0,4896054626,4877.857032,0.010005,324,16530,492,-2102,-1232,-81,190,0.19393033447265623,9.894038360595703,0.29448680419921874,30.34764705882353,-33856.48854961832,-2225.9541984732828,5221.374045801527
489358,0,0,0,4896064631,4877.867037,0.010005,344,16562,482,-2096,-1229,-87,191,0.2059013427734375,9.913191973876952,0.2885013000488281,30.36529411764706,-33774.04580152672,-2390.8396946564885,5248.854961832061
489359,0,0,0,4896074637,4877.877043,0.010006,338,16500,474,-2094,-1234,-78,187,0.20231004028320312,9.87608184814453,0.28371289672851563,30.371176470588235,-33911.45038167939,-2143.5114503816794,5138.931297709924
489360,0,0,0,4896084642,4877.887048,0.010005,370,16522,456,-2093,-1232,-80,194,0.2214636535644531,9.889249957275391,0.27293898925781246,30.374117647058824,-33856.48854961832,-2198.4732824427483,5331.297709923664
489361,0,0,0,4896094647,4877.897053,0.010005,350,16578,510,-2097,-1225,-86,191,0.20949264526367187,9.922768780517577,0.30526071166992186,30.36235294117647,-33664.122137404585,-2363.3587786259545,5248.854961832061
489362,0,0,0,4896104652,4877.907058,0.010005,362,16566,482,-2094,-1230,-89,189,0.2166752502441406,9.91558617553711,0.2885013000488281,30.371176470588235,-33801.52671755725,-2445.8015267175574,5193.893129770992
489363,0,0,0,4896114657,4877.917063,0.010005,364,16552,424,-2088,-1227,-90,188,0.21787235107421873,9.907206469726562,0.2537853759765625,30.388823529411766,-33719.08396946565,-2473.282442748092,5166.412213740458
489364,0,0,0,4896124663,4877.927069,0.010006,374,16538,440,-2090,-1230,-89,184,0.22385785522460935,9.898826763916015,0.26336218261718747,30.382941176470588,-33801.52671755725,-2445.8015267175574,5056.488549618321
489365,0,0,0,4896134668,4877.937074,0.010005,402,16514,464,-2094,-1228,-81,191,0.24061726684570311,9.884461553955077,0.277727392578125,30.371176470588235,-33746.564885496184,-2225.9541984732828,5248.854961832061
489366,0,0,0,4896144673,4877.947079,0.010005,352,16572,408,-2098,-1229,-85,188,0.21068974609375,9.919177478027343,0.2442085693359375,30.359411764705882,-33774.04580152672,-2335.87786259542,5166.412213740458
489367,0,0,0,4896154678,4877.957084,0.010005,344,16532,462,-2092,-1232,-91,187,0.2059013427734375,9.89523546142578,0.2765302917480469,30.377058823529413,-33856.48854961832,-2500.7633587786263,5138.931297709924
489368,0,0,0,4896164683,4877.967089,0.010005,370,16532,474,-2095,-1224,-93,190,0.2214636535644531,9.89523546142578,0.28371289672851563,30.368235294117646,-33636.64122137405,-2555.7251908396947,5221.374045801527
489369,0,0,0,4896174688,4877.977094,0.010005,350,16520,458,-2089,-1228,-86,187,0.20949264526367187,9.888052856445311,0.2741360900878906,30.385882352941177,-33746.564885496184,-2363.3587786259545,5138.931297709924
489370,0,0,0,4896184694,4877.9871,0.010006,396,16552,468,-2092,-1231,-88,185,0.23702596435546874,9.907206469726562,0.28012159423828126,30.377058823529413,-33829.00763358779,-2418.320610687023,5083.9694656488555
489371,0,0,0,4896194699,4877.997105,0.010005,366,16556,460,-2096,-1234,-83,189,0.21906945190429686,9.909600671386718,0.2753331909179687,30.36529411764706,-33911.45038167939,-2280.916030534351,5193.893129770992
489372,0,0,0,4896204704,4878.00711,0.010005,362,16524,468,-2098,-1229,-88,187,0.2166752502441406,9.890447058105469,0.28012159423828126,30.359411764705882,-33774.04580152672,-2418.320610687023,5138.931297709924
489373,0,0,0,4896214709,4878.017115,0.010005,406,16566,420,-2092,-1227,-85,187,0.24301146850585936,9.91558617553711,0.25139117431640623,30.377058823529413,-33719.08396946565,-2335.87786259542,5138.931297709924
489374,0,0,0,4896224714,4878.02712,0.010005,392,16538,502,-2088,-1226,-82,184,0.2346317626953125,9.898826763916015,0.30047230834960936,30.388823529411766,-33691.603053435116,-2253.4351145038167,5056.488549618321
489375,0,0,0,4896234720,4878.037126,0.010006,412,16514,480,-2088,-1230,-87,186,0.24660277099609373,9.884461553955077,0.28730419921875,30.388823529411766,-33801.52671755725,-2390.8396946564885,5111.4503816793895
489376,0,0,0,4896244725,4878.047131,0.010005,404,16548,476,-2098,-1237,-86,189,0.24181436767578124,9.904812268066406,0.28490999755859375,30.359411764705882,-33993.89312977099,-2363.3587786259545,5193.893129770992
489377,0,0,0,4896254730,4878.057136,0.010005,408,16546,490,-2094,-1230,-90,177,0.2442085693359375,9.903615167236328,0.2932897033691406,30.371176470588235,-33801.52671755725,-2473.282442748092,4864.122137404581
489378,0,0,0,4896264735,4878.067141,0.010005,374,16550,408,-2090,-1231,-87,184,0.22385785522460935,9.906009368896484,0.2442085693359375,30.382941176470588,-33829.00763358779,-2390.8396946564885,5056.488549618321
489379,0,0,0,4896274740,4878.077146,0.010005,354,16568,436,-2092,-1228,-84,185,0.21188684692382811,9.916783276367187,0.2609679809570312,30.377058823529413,-33746.564885496184,-2308.3969465648856,5083.9694656488555
489380,0,0,0,4896284746,4878.087152,0.010006,392,16520,484,-2097,-1225,-86,188,0.2346317626953125,9.888052856445311,0.28969840087890625,30.36235294117647,-33664.122137404585,-2363.3587786259545,5166.412213740458
489381,0,0,0,4896294751,4878.097157,0.010005,386,16518,428,-2089,-1228,-86,189,0.23104046020507812,9.886855755615233,0.2561795776367187,30.385882352941177,-33746.564885496184,-2363.3587786259545,5193.893129770992
489382,0,0,0,4896304756,4878.107162,0.010005,380,16548,422,-2093,-1233,-82,183,0.22744915771484372,9.904812268066406,0.25258827514648435,30.374117647058824,-33883.96946564886,-2253.4351145038167,5029.007633587787
489383,0,0,0,4896314761,4878.117167,0.010005,346,16548,454,-2094,-1233,-81,185,0.20709844360351562,9.904812268066406,0.27174188842773433,30.371176470588235,-33883.96946564886,-2225.9541984732828,5083.9694656488555
489384,0,0,0,4896324766,4878.127172,0.010005,372,16528,464,-2095,-1230,-85,182,0.22266075439453123,9.892841259765625,0.277727392578125,30.368235294117646,-33801.52671755725,-2335.87786259542,5001.526717557253
489385,0,0,0,4896334771,4878.137177,0.010005,418,16586,484,-2098,-1231,-85,187,0.2501940734863281,9.92755718383789,0.28969840087890625,30.359411764705882,-33829.00763358779,-2335.87786259542,5138.931297709924
489386,0,0,0,4896344777,4878.147183,0.010006,386,16538,464,-2095,-1236,-82,180,0.23104046020507812,9.898826763916015,0.277727392578125,30.368235294117646,-33966.41221374046,-2253.4351145038167,4946.564885496184
489387,0,0,0,4896354782,4878.157188,0.010005,358,16498,530,-2100,-1232,-88,190,0.21428104858398436,9.874884747314452,0.3172317199707031,30.353529411764708,-33856.48854961832,-2418.320610687023,5221.374045801527
489388,0,0,0,4896364787,4878.167193,0.010005,376,16588,428,-2098,-1234,-89,183,0.22505495605468748,9.928754284667969,0.2561795776367187,30.359411764705882,-33911.45038167939,-2445.8015267175574,5029.007633587787
489389,0,0,0,4896374792,4878.177198,0.010005,422,16570,498,-2092,-1228,-86,183,0.25258827514648435,9.917980377197265,0.2980781066894531,30.377058823529413,-33746.564885496184,-2363.3587786259545,5029.007633587787
489390,0,0,0,4896384797,4878.187203,0.010005,364,16506,506,-2097,-1232,-83,185,0.21787235107421873,9.879673150634765,0.3028665100097656,30.36235294117647,-33856.48854961832,-2280.916030534351,5083.9694656488555
489391,0,0,0,4896394803,4878.197209,0.010006,400,16522,488,-2094,-1232,-86,186,0.239420166015625,9.889249957275391,0.2920926025390625,30.371176470588235,-33856.48854961832,-2363.3587786259545,5111.4503816793895
489392,0,0,0,4896404808,4878.207214,0.010005,400,16528,542,-2095,-1227,-83,185,0.239420166015625,9.892841259765625,0.32441432495117184,30.368235294117646,-33719.08396946565,-2280.916030534351,5083.9694656488555
489393,0,0,0,4896414813,4878.217219,0.010005,364,16520,492,-2088,-1231,-86,180,0.21787235107421873,9.888052856445311,0.29448680419921874,30.388823529411766,-33829.00763358779,-2363.3587786259545,4946.564885496184
489394,0,0,0,4896424818,4878.227224,0.010005,366,16594,430,-2092,-1233,-80,186,0.21906945190429686,9.932345587158203,0.25737667846679685,30.377058823529413,-33883.96946564886,-2198.4732824427483,5111.4503816793895
489395,0,0,0,4896434823,4878.237229,0.010005,354,16540,430,-2095,-1226,-89,181,0.21188684692382811,9.900023864746093,0.25737667846679685,30.368235294117646,-33691.603053435116,-2445.8015267175574,4974.045801526718
489396,0,0,0,4896444829,4878.247235,0.010006,374,16486,454,-2090,-1231,-84,183,0.22385785522460935,9.867702142333984,0.27174188842773433,30.382941176470588,-33829.00763358779,-2308.3969465648856,5029.007633587787
489397,0,0,0,4896454834,4878.25724,0.010005,360,16566,470,-2086,-1231,-88,185,0.2154781494140625,9.91558617553711,0.2813186950683594,30.39470588235294,-33829.00763358779,-2418.320610687023,5083.9694656488555
489398,0,0,0,4896464839,4878.267245,0.010005,390,16556,464,-2093,-1227,-87,186,0.23343466186523437,9.909600671386718,0.277727392578125,30.374117647058824,-33719.08396946565,-2390.8396946564885,5111.4503816793895
489399,0,0,0,4896474844,4878.27725,0.010005,398,16534,458,-2089,-1226,-84,184,0.23822306518554687,9.896432562255859,0.2741360900878906,30.385882352941177,-33691.603053435116,-2308.3969465648856,5056.488549618321
489400,0,0,0,4896484849,4878.287255,0.010005,336,16560,466,-2093,-1227,-90,187,0.201112939453125,9.911994873046874,0.27892449340820313,30.374117647058824,-33719.08396946565,-2473.282442748092,5138.931297709924
489401,0,0,0,4896494854,4878.29726,0.010005,340,16556,502,-2093,-1228,-80,187,0.20350714111328125,9.909600671386718,0.30047230834960936,30.374117647058824,-33746.564885496184,-2198.4732824427483,5138.931297709924
489402,0,0,0,4896504860,4878.307266,0.010006,370,16494,488,-2090,-1237,-81,181,0.2214636535644531,9.872490545654296,0.2920926025390625,30.382941176470588,-33993.89312977099,-2225.9541984732828,4974.045801526718
489403,0,0,0,4896514865,4878.317271,0.010005,362,16526,440,-2094,-1235,-89,179,0.2166752502441406,9.891644158935547,0.26336218261718747,30.371176470588235,-33938.931297709925,-2445.8015267175574,4919.083969465649
489404,0,0,0,4896524870,4878.327276,0.010005,388,16530,480,-2090,-1229,-90,193,0.23223756103515625,9.894038360595703,0.28730419921875,30.382941176470588,-33774.04580152672,-2473.282442748092,5303.81679389313
489405,0,0,0,4896534875,4878.337281,0.010005,350,16534,536,-2094,-1234,-91,184,0.20949264526367187,9.896432562255859,0.32082302246093747,30.371176470588235,-33911.45038167939,-2500.7633587786263,5056.488549618321
489406,0,0,0,4896544880,4878.347286,0.010005,376,16548,500,-2095,-1238,-85,187,0.22505495605468748,9.904812268066406,0.29927520751953124,30.368235294117646,-34021.37404580153,-2335.87786259542,5138.931297709924
489407,0,0,0,4896554886,4878.357292,0.010006,400,16588,498,-2095,-1227,-82,178,0.239420166015625,9.928754284667969,0.2980781066894531,30.368235294117646,-33719.08396946565,-2253.4351145038167,4891.603053435115
489408,0,0,0,4896564891,4878.367297,0.010005,374,16528,484,-2093,-1230,-81,186,0.22385785522460935,9.892841259765625,0.28969840087890625,30.374117647058824,-33801.52671755725,-2225.9541984732828,5111.4503816793895
489409,0,0,0,4896574896,4878.377302,0.010005,416,16556,440,-2091,-1227,-88,179,0.24899697265624998,9.909600671386718,0.26336218261718747,30.380000000000003,-33719.08396946565,-2418.320610687023,4919.083969465649
489410,0,0,0,4896584901,4878.387307,0.010005,360,16526,458,-2095,-1235,-91,180,0.2154781494140625,9.891644158935547,0.2741360900878906,30.368235294117646,-33938.931297709925,-2500.7633587786263,4946.564885496184
489411,0,0,0,4896594906,4878.397312,0.010005,372,16582,490,-2089,-1234,-76,190,0.22266075439453123,9.925162982177733,0.2932897033691406,30.385882352941177,-33911.45038167939,-2088.549618320611,5221.374045801527
489412,0,0,0,4896604911,4878.407317,0.010005,382,16516,520,-2089,-1235,-80,171,0.22864625854492185,9.885658654785155,0.3112462158203125,30.385882352941177,-33938.931297709925,-2198.4732824427483,4699.236641221374
489413,0,0,0,4896614917,4878.417323,0.010006,358,16574,512,-2090,-1235,-80,181,0.21428104858398436,9.920374578857421,0.3064578125,30.382941176470588,-33938.931297709925,-2198.4732824427483,4974.045801526718
489414,0,0,0,4896624922,4878.427328,0.010005,366,16526,474,-2092,-1235,-86,181,0.21906945190429686,9.891644158935547,0.28371289672851563,30.377058823529413,-33938.931297709925,-2363.3587786259545,4974.045801526718
489415,0,0,0,4896634927,4878.437333,0.010005,380,16496,418,-2098,-1236,-85,187,0.22744915771484372,9.873687646484374,0.2501940734863281,30.359411764705882,-33966.41221374046,-2335.87786259542,5138.931297709924
489416,0,0,0,4896644932,4878.447338,0.010005,358,16506,442,-2096,-1228,-88,182,0.21428104858398436,9.879673150634765,0.2645592834472656,30.36529411764706,-33746.564885496184,-2418.320610687023,5001.526717557253
489417,0,0,0,4896654937,4878.457343,0.010005,370,16560,482,-2097,-1230,-85,192,0.2214636535644531,9.911994873046874,0.2885013000488281,30.36235294117647,-33801.52671755725,-2335.87786259542,5276.335877862595
489418,0,0,0,4896664943,4878.467349,0.010006,352,16556,442,-2093,-1234,-82,187,0.21068974609375,9.909600671386718,0.2645592834472656,30.374117647058824,-33911.45038167939,-2253.4351145038167,5138.931297709924
489419,0,0,0,4896674948,4878.477354,0.010005,356,16546,436,-2093,-1231,-81,189,0.21308394775390624,9.903615167236328,0.2609679809570312,30.374117647058824,-33829.00763358779,-2225.9541984732828,5193.893129770992
489420,0,0,0,4896684953,4878.487359,0.010005,348,16558,496,-2090,-1235,-85,190,0.20829554443359374,9.910797772216796,0.296881005859375,30.382941176470588,-33938.931297709925,-2335.87786259542,5221.374045801527
489421,0,0,0,4896694958,4878.497364,0.010005,360,16570,492,-2097,-1235,-79,192,0.2154781494140625,9.917980377197265,0.29448680419921874,30.36235294117647,-33938.931297709925,-2170.992366412214,5276.335877862595
489422,0,0,0,4896704963,4878.507369,0.010005,366,16540,440,-2093,-1236,-84,192,0.21906945190429686,9.900023864746093,0.26336218261718747,30.374117647058824,-33966.41221374046,-2308.3969465648856,5276.335877862595
489423,0,0,0,4896714969,4878.517375,0.010006,372,16576,458,-2096,-1235,-86,195,0.22266075439453123,9.9215716796875,0.2741360900878906,30.36529411764706,-33938.931297709925,-2363.3587786259545,5358.778625954199
489424,0,0,0,4896724974,4878.52738,0.010005,372,16530,448,-2095,-1236,-91,183,0.22266075439453123,9.894038360595703,0.26815058593749996,30.368235294117646,-33966.41221374046,-2500.7633587786263,5029.007633587787
489425,0,0,0,4896734979,4878.537385,0.010005,402,16594,530,-2093,-1234,-82,187,0.24061726684570311,9.932345587158203,0.3172317199707031,30.374117647058824,-33911.45038167939,-2253.4351145038167,5138.931297709924
489426,0,0,0,4896744984,4878.54739,0.010005,346,16558,446,-2093,-1240,-85,178,0.20709844360351562,9.910797772216796,0.26695348510742184,30.374117647058824,-34076.3358778626,-2335.87786259542,4891.603053435115
489427,0,0,0,4896754989,4878.557395,0.010005,414,16542,460,-2093,-1229,-83,191,0.24779987182617186,9.90122096557617,0.2753331909179687,30.374117647058824,-33774.04580152672,-2280.916030534351,5248.854961832061
489428,0,0,0,4896764994,4878.5674,0.010005,398,16532,420,-2099,-1229,-86,189,0.23822306518554687,9.89523546142578,0.25139117431640623,30.356470588235297,-33774.04580152672,-2363.3587786259545,5193.893129770992
489429,0,0,0,4896775000,4878.577406,0.010006,416,16536,512,-2100,-1230,-81,183,0.24899697265624998,9.897629663085937,0.3064578125,30.353529411764708,-33801.52671755725,-2225.9541984732828,5029.007633587787
489430,0,0,0,4896785005,4878.587411,0.010005,388,16534,486,-2095,-1234,-79,187,0.23223756103515625,9.896432562255859,0.29089550170898437,30.368235294117646,-33911.45038167939,-2170.992366412214,5138.931297709924
489431,0,0,0,4896795010,4878.597416,0.010005,384,16520,456,-2091,-1229,-90,184,0.229843359375,9.888052856445311,0.27293898925781246,30.380000000000003,-33774.04580152672,-2473.282442748092,5056.488549618321
489432,0,0,0,4896805015,4878.607421,0.010005,358,16620,448,-2098,-1231,-87,188,0.21428104858398436,9.947907897949218,0.26815058593749996,30.359411764705882,-33829.00763358779,-2390.8396946564885,5166.412213740458
489433,0,0,0,4896815020,4878.617426,0.010005,372,16572,500,-2099,-1231,-84,186,0.22266075439453123,9.919177478027343,0.29927520751953124,30.356470588235297,-33829.00763358779,-2308.3969465648856,5111.4503816793895
489434,0,0,0,4896825026,4878.627432,0.010006,354,16528,496,-2099,-1230,-80,183,0.21188684692382811,9.892841259765625,0.296881005859375,30.356470588235297,-33801.52671755725,-2198.4732824427483,5029.007633587787
489435,0,0,0,4896835031,4878.637437,0.010005,376,16524,452,-2096,-1232,-90,192,0.22505495605468748,9.890447058105469,0.2705447875976562,30.36529411764706,-33856.48854961832,-2473.282442748092,5276.335877862595
489436,0,0,0,4896845036,4878.647442,0.010005,348,16524,492,-2094,-1234,-79,187,0.20829554443359374,9.890447058105469,0.29448680419921874,30.371176470588235,-33911.45038167939,-2170.992366412214,5138.931297709924
489437,0,0,0,4896855041,4878.657447,0.010005,372,16540,498,-2090,-1236,-82,192,0.22266075439453123,9.900023864746093,0.2980781066894531,30.382941176470588,-33966.41221374046,-2253.4351145038167,5276.335877862595
489438,0,0,0,4896865046,4878.667452,0.010005,382,16564,468,-2096,-1234,-82,180,0.22864625854492185,9.91438907470703,0.28012159423828126,30.36529411764706,-33911.45038167939,-2253.4351145038167,4946.564885496184
489439,0,0,0,4896875051,4878.677457,0.010005,388,16506,470,-2096,-1228,-84,184,0.23223756103515625,9.879673150634765,0.2813186950683594,30.36529411764706,-33746.564885496184,-2308.3969465648856,5056.488549618321
489440,0,0,0,4896885057,4878.687463,0.010006,380,16568,420,-2093,-1230,-86,184,0.22744915771484372,9.916783276367187,0.25139117431640623,30.374117647058824,-33801.52671755725,-2363.3587786259545,5056.488549618321
489441,0,0,0,4896895062,4878.697468,0.010005,372,16532,456,-2097,-1232,-76,179,0.22266075439453123,9.89523546142578,0.27293898925781246,30.36235294117647,-33856.48854961832,-2088.549618320611,4919.083969465649
489442,0,0,0,4896905067,4878.707473,0.010005,386,16580,438,-2096,-1232,-87,183,0.23104046020507812,9.923965881347655,0.26216508178710934,30.36529411764706,-33856.48854961832,-2390.8396946564885,5029.007633587787
489443,0,0,0,4896915072,4878.717478,0.010005,348,16558,444,-2091,-1235,-77,181,0.20829554443359374,9.910797772216796,0.2657563842773437,30.380000000000003,-33938.931297709925,-2116.030534351145,4974.045801526718
489444,0,0,0,4896925077,4878.727483,0.010005,418,16548,484,-2095,-1237,-84,184,0.2501940734863281,9.904812268066406,0.28969840087890625,30.368235294117646,-33993.89312977099,-2308.3969465648856,5056.488549618321
489445,0,0,0,4896935083,4878.737489,0.010006,390,16548,464,-2095,-1233,-86,185,0.23343466186523437,9.904812268066406,0.277727392578125,30.368235294117646,-33883.96946564886,-2363.3587786259545,5083.9694656488555
489446,0,0,0,4896945088,4878.747494,0.010005,378,16560,500,-2094,-1232,-92,191,0.2262520568847656,9.911994873046874,0.29927520751953124,30.371176470588235,-33856.48854961832,-2528.2442748091603,5248.854961832061
489447,0,0,0,4896955093,4878.757499,0.010005,332,16550,508,-2095,-1231,-82,195,0.19871873779296872,9.906009368896484,0.30406361083984373,30.368235294117646,-33829.00763358779,-2253.4351145038167,5358.778625954199
489448,0,0,0,4896965098,4878.767504,0.010005,380,16544,500,-2093,-1231,-91,193,0.22744915771484372,9.90241806640625,0.29927520751953124,30.374117647058824,-33829.00763358779,-2500.7633587786263,5303.81679389313
489449,0,0,0,4896975103,4878.777509,0.010005,354,16526,444,-2094,-1232,-84,193,0.21188684692382811,9.891644158935547,0.2657563842773437,30.371176470588235,-33856.48854961832,-2308.3969465648856,5303.81679389313
489450,0,0,0,4896985109,4878.787515,0.010006,392,16562,492,-2089,-1231,-96,181,0.2346317626953125,9.913191973876952,0.29448680419921874,30.385882352941177,-33829.00763358779,-2638.1679389312976,4974.045801526718
489451,0,0,0,4896995114,4878.79752,0.010005,354,16566,508,-2092,-1228,-92,175,0.21188684692382811,9.91558617553711,0.30406361083984373,30.377058823529413,-33746.564885496184,-2528.2442748091603,4809.160305343512
489452,0,0,0,4897005119,4878.807525,0.010005,342,16540,498,-2092,-1230,-89,185,0.20470424194335937,9.900023864746093,0.2980781066894531,30.377058823529413,-33801.52671755725,-2445.8015267175574,5083.9694656488555
489453,0,0,0,4897015124,4878.81753,0.010005,404,16540,414,-2091,-1239,-88,192,0.24181436767578124,9.900023864746093,0.24779987182617186,30.380000000000003,-34048.85496183206,-2418.320610687023,5276.335877862595
489454,0,0,0,4897025129,4878.827535,0.010005,376,16578,472,-2092,-1237,-85,187,0.22505495605468748,9.922768780517577,0.2825157958984375,30.377058823529413,-33993.89312977099,-2335.87786259542,5138.931297709924
489455,0,0,0,4897035134,4878.83754,0.010005,352,16542,474,-2094,-1231,-83,195,0.21068974609375,9.90122096557617,0.28371289672851563,30.371176470588235,-33829.00763358779,-2280.916030534351,5358.778625954199
489456,0,0,0,4897045140,4878.847546,0.010006,386,16542,434,-2093,-1232,-88,194,0.23104046020507812,9.90122096557617,0.2597708801269531,30.374117647058824,-33856.48854961832,-2418.320610687023,5331.297709923664
489457,0,0,0,4897055145,4878.857551,0.010005,372,16526,528,-2097,-1233,-83,192,0.22266075439453123,9.891644158935547,0.316034619140625,30.36235294117647,-33883.96946564886,-2280.916030534351,5276.335877862595
489458,0,0,0,4897065150,4878.867556,0.010005,358,16560,460,-2100,-1230,-79,184,0.21428104858398436,9.911994873046874,0.2753331909179687,30.353529411764708,-33801.52671755725,-2170.992366412214,5056.488549618321
489459,0,0,0,4897075155,4878.877561,0.010005,388,16490,392,-2091,-1232,-81,181,0.23223756103515625,9.87009634399414,0.2346317626953125,30.380000000000003,-33856.48854961832,-2225.9541984732828,4974.045801526718
489460,0,0,0,4897085160,4878.887566,0.010005,364,16556,450,-2094,-1227,-80,183,0.21787235107421873,9.909600671386718,0.2693476867675781,30.371176470588235,-33719.08396946565,-2198.4732824427483,5029.007633587787
489461,0,0,0,4897095166,4878.897572,0.010006,386,16550,444,-2092,-1235,-81,183,0.23104046020507812,9.906009368896484,0.2657563842773437,30.377058823529413,-33938.931297709925,-2225.9541984732828,5029.007633587787
489462,0,0,0,4897105171,4878.907577,0.010005,422,16572,434,-2093,-1233,-85,189,0.25258827514648435,9.919177478027343,0.2597708801269531,30.374117647058824,-33883.96946564886,-2335.87786259542,5193.893129770992
489463,0,0,0,4897115176,4878.917582,0.010005,374,16504,458,-2089,-1231,-83,186,0.22385785522460935,9.878476049804688,0.2741360900878906,30.385882352941177,-33829.00763358779,-2280.916030534351,5111.4503816793895
489464,0,0,0,4897125181,4878.927587,0.010005,354,16598,474,-2097,-1231,-83,183,0.21188684692382811,9.934739788818359,0.28371289672851563,30.36235294117647,-33829.00763358779,-2280.916030534351,5029.007633587787
489465,0,0,0,4897135186,4878.937592,0.010005,366,16540,492,-2096,-1237,-83,181,0.21906945190429686,9.900023864746093,0.29448680419921874,30.36529411764706,-33993.89312977099,-2280.916030534351,4974.045801526718
489466,0,0,0,4897145191,4878.947597,0.010005,362,16582,448,-2094,-1233,-90,188,0.2166752502441406,9.925162982177733,0.26815058593749996,30.371176470588235,-33883.96946564886,-2473.282442748092,5166.412213740458
489467,0,0,0,4897155197,4878.957603,0.010006,382,16554,470,-2096,-1230,-85,183,0.22864625854492185,9.90840357055664,0.2813186950683594,30.36529411764706,-33801.52671755725,-2335.87786259542,5029.007633587787
489468,0,0,0,4897165202,4878.967608,0.010005,326,16586,502,-2094,-1233,-84,185,0.19512743530273435,9.92755718383789,0.30047230834960936,30.371176470588235,-33883.96946564886,-2308.3969465648856,5083.9694656488555
489469,0,0,0,4897175207,4878.977613,0.010005,372,16546,510,-2092,-1234,-91,189,0.22266075439453123,9.903615167236328,0.30526071166992186,30.377058823529413,-33911.45038167939,-2500.7633587786263,5193.893129770992
489470,0,0,0,4897185212,4878.987618,0.010005,354,16524,448,-2090,-1235,-87,192,0.21188684692382811,9.890447058105469,0.26815058593749996,30.382941176470588,-33938.931297709925,-2390.8396946564885,5276.335877862595
489471,0,0,0,4897195217,4878.997623,0.010005,364,16558,474,-2096,-1228,-82,187,0.21787235107421873,9.910797772216796,0.28371289672851563,30.36529411764706,-33746.564885496184,-2253.4351145038167,5138.931297709924
489472,0,0,0,4897205223,4879.007629,0.010006,374,16580,488,-2092,-1231,-88,182,0.22385785522460935,9.923965881347655,0.2920926025390625,30.377058823529413,-33829.00763358779,-2418.320610687023,5001.526717557253
489473,0,0,0,4897215228,4879.017634,0.010005,380,16516,452,-2095,-1230,-80,186,0.22744915771484372,9.885658654785155,0.2705447875976562,30.368235294117646,-33801.52671755725,-2198.4732824427483,5111.4503816793895
489474,0,0,0,4897225233,4879.027639,0.010005,378,16556,476,-2099,-1234,-86,192,0.2262520568847656,9.909600671386718,0.28490999755859375,30.356470588235297,-33911.45038167939,-2363.3587786259545,5276.335877862595
489475,0,0,0,4897235238,4879.037644,0.010005,386,16560,516,-2095,-1232,-90,182,0.23104046020507812,9.911994873046874,0.30885201416015623,30.368235294117646,-33856.48854961832,-2473.282442748092,5001.526717557253
489476,0,0,0,4897245243,4879.047649,0.010005,382,16516,478,-2096,-1225,-85,187,0.22864625854492185,9.885658654785155,0.2861070983886719,30.36529411764706,-33664.122137404585,-2335.87786259542,5138.931297709924
489477,0,0,0,4897255249,4879.057655,0.010006,382,16540,444,-2095,-1228,-88,184,0.22864625854492185,9.900023864746093,0.2657563842773437,30.368235294117646,-33746.564885496184,-2418.320610687023,5056.488549618321
489478,0,0,0,4897265254,4879.06766,0.010005,354,16570,496,-2089,-1235,-93,177,0.21188684692382811,9.917980377197265,0.296881005859375,30.385882352941177,-33938.931297709925,-2555.7251908396947,4864.122137404581
489479,0,0,0,4897275259,4879.077665,0.010005,354,16542,392,-2096,-1227,-81,178,0.21188684692382811,9.90122096557617,0.2346317626953125,30.36529411764706,-33719.08396946565,-2225.9541984732828,4891.603053435115
489480,0,0,0,4897285264,4879.08767,0.010005,376,16586,480,-2091,-1230,-81,186,0.22505495605468748,9.92755718383789,0.28730419921875,30.380000000000003,-33801.52671755725,-2225.9541984732828,5111.4503816793895
489481,0,0,0,4897295269,4879.097675,0.010005,380,16536,408,-2094,-1237,-87,175,0.22744915771484372,9.897629663085937,0.2442085693359375,30.371176470588235,-33993.89312977099,-2390.8396946564885,4809.160305343512
489482,0,0,0,4897305274,4879.10768,0.010005,384,16560,448,-2089,-1238,-86,186,0.229843359375,9.911994873046874,0.26815058593749996,30.385882352941177,-34021.37404580153,-2363.3587786259545,5111.4503816793895
489483,0,0,0,4897315280,4879.117686,0.010006,402,16538,442,-2091,-1233,-83,189,0.24061726684570311,9.898826763916015,0.2645592834472656,30.380000000000003,-33883.96946564886,-2280.916030534351,5193.893129770992
489484,0,0,0,4897325285,4879.127691,0.010005,332,16516,444,-2090,-1233,-80,183,0.19871873779296872,9.885658654785155,0.2657563842773437,30.382941176470588,-33883.96946564886,-2198.4732824427483,5029.007633587787
489485,0,0,0,4897335290,4879.137696,0.010005,388,16524,488,-2094,-1234,-84,183,0.23223756103515625,9.890447058105469,0.2920926025390625,30.371176470588235,-33911.45038167939,-2308.3969465648856,5029.007633587787
489486,0,0,0,4897345295,4879.147701,0.010005,342,16566,512,-2089,-1232,-81,188,0.20470424194335937,9.91558617553711,0.3064578125,30.385882352941177,-33856.48854961832,-2225.9541984732828,5166.412213740458
489487,0,0,0,4897355300,4879.157706,0.010005,338,16556,444,-2090,-1231,-87,194,0.20231004028320312,9.909600671386718,0.2657563842773437,30.382941176470588,-33829.00763358779,-2390.8396946564885,5331.297709923664
489488,0,0,0,4897365306,4879.167712,0.010006,314,16568,456,-2095,-1230,-88,185,0.1879448303222656,9.916783276367187,0.27293898925781246,30.368235294117646,-33801.52671755725,-2418.320610687023,5083.9694656488555
489489,0,0,0,4897375311,4879.177717,0.010005,350,16542,438,-2094,-1226,-90,182,0.20949264526367187,9.90122096557617,0.26216508178710934,30.371176470588235,-33691.603053435116,-2473.282442748092,5001.526717557253
489490,0,0,0,4897385316,4879.187722,0.010005,370,16508,440,-2091,-1225,-82,181,0.2214636535644531,9.880870251464843,0.26336218261718747,30.380000000000003,-33664.122137404585,-2253.4351145038167,4974.045801526718
489491,0,0,0,4897395321,4879.197727,0.010005,376,16526,496,-2095,-1236,-88,184,0.22505495605468748,9.891644158935547,0.296881005859375,30.368235294117646,-33966.41221374046,-2418.320610687023,5056.488549618321
489492,0,0,0,4897405326,4879.207732,0.010005,408,16556,476,-2095,-1226,-80,188,0.2442085693359375,9.909600671386718,0.28490999755859375,30.368235294117646,-33691.603053435116,-2198.4732824427483,5166.412213740458
489493,0,0,0,4897415332,4879.217738,0.010006,386,16564,424,-2092,-1229,-86,181,0.23104046020507812,9.91438907470703,0.2537853759765625,30.377058823529413,-33774.04580152672,-2363.3587786259545,4974.045801526718
489494,0,0,0,4897425337,4879.227743,0.010005,360,16602,472,-2090,-1233,-84,187,0.2154781494140625,9.937133990478515,0.2825157958984375,30.382941176470588,-33883.96946564886,-2308.3969465648856,5138.931297709924
489495,0,0,0,4897435342,4879.237748,0.010005,390,16570,490,-2087,-1233,-79,182,0.23343466186523437,9.917980377197265,0.2932897033691406,30.391764705882352,-33883.96946564886,-2170.992366412214,5001.526717557253
489496,0,0,0,4897445347,4879.247753,0.010005,372,16570,488,-2093,-1233,-87,186,0.22266075439453123,9.917980377197265,0.2920926025390625,30.374117647058824,-33883.96946564886,-2390.8396946564885,5111.4503816793895
489497,0,0,0,4897455352,4879.257758,0.010005,386,16506,430,-2092,-1229,-87,177,0.23104046020507812,9.879673150634765,0.25737667846679685,30.377058823529413,-33774.04580152672,-2390.8396946564885,4864.122137404581
489498,0,0,0,4897465357,4879.267763,0.010005,392,16506,502,-2092,-1235,-85,190,0.2346317626953125,9.879673150634765,0.30047230834960936,30.377058823529413,-33938.931297709925,-2335.87786259542,5221.374045801527
489499,0,0,0,4897475363,4879.277769,0.010006,404,16530,548,-2096,-1235,-86,186,0.24181436767578124,9.894038360595703,0.3280056274414062,30.36529411764706,-33938.931297709925,-2363.3587786259545,5111.4503816793895
489500,0,0,0,4897485368,4879.287774,0.010005,370,16578,468,-2093,-1234,-88,183,0.2214636535644531,9.922768780517577,0.28012159423828126,30.374117647058824,-33911.45038167939,-2418.320610687023,5029.007633587787
489501,0,0,0,4897495373,4879.297779,0.010005,404,16590,470,-2094,-1229,-89,190,0.24181436767578124,9.929951385498047,0.2813186950683594,30.371176470588235,-33774.04580152672,-2445.8015267175574,5221.374045801527
489502,0,0,0,4897505378,4879.307784,0.010005,388,16558,474,-2094,-1230,-86,189,0.23223756103515625,9.910797772216796,0.28371289672851563,30.371176470588235,-33801.52671755725,-2363.3587786259545,5193.893129770992
489503,0,0,0,4897515383,4879.317789,0.010005,402,16544,488,-2089,-1233,-91,181,0.24061726684570311,9.90241806640625,0.2920926025390625,30.385882352941177,-33883.96946564886,-2500.7633587786263,4974.045801526718
489504,0,0,0,4897525389,4879.327795,0.010006,406,16534,498,-2093,-1225,-78,186,0.24301146850585936,9.896432562255859,0.2980781066894531,30.374117647058824,-33664.122137404585,-2143.5114503816794,5111.4503816793895
489505,0,0,0,4897535394,4879.3378,0.010005,388,16558,496,-2092,-1233,-88,184,0.23223756103515625,9.910797772216796,0.296881005859375,30.377058823529413,-33883.96946564886,-2418.320610687023,5056.488549618321
489506,0,0,0,4897545399,4879.347805,0.010005,372,16540,464,-2093,-1235,-82,182,0.22266075439453123,9.900023864746093,0.277727392578125,30.374117647058824,-33938.931297709925,-2253.4351145038167,5001.526717557253
489507,0,0,0,4897555404,4879.35781,0.010005,374,16514,488,-2091,-1236,-86,176,0.22385785522460935,9.884461553955077,0.2920926025390625,30.380000000000003,-33966.41221374046,-2363.3587786259545,4836.641221374046
489508,0,0,0,4897565409,4879.367815,0.010005,384,16554,458,-2094,-1236,-85,175,0.229843359375,9.90840357055664,0.2741360900878906,30.371176470588235,-33966.41221374046,-2335.87786259542,4809.160305343512
489509,0,0,0,4897575415,4879.377821,0.010006,368,16568,458,-2090,-1234,-85,180,0.22026655273437498,9.916783276367187,0.2741360900878906,30.382941176470588,-33911.45038167939,-2335.87786259542,4946.564885496184
489510,0,0,0,4897585420,4879.387826,0.010005,330,16530,496,-2091,-1238,-77,185,0.1975216369628906,9.894038360595703,0.296881005859375,30.380000000000003,-34021.37404580153,-2116.030534351145,5083.9694656488555
489511,0,0,0,4897595425,4879.397831,0.010005,362,16528,460,-2087,-1233,-80,189,0.2166752502441406,9.892841259765625,0.2753331909179687,30.391764705882352,-33883.96946564886,-2198.4732824427483,5193.893129770992
489512,0,0,0,4897605430,4879.407836,0.010005,332,16506,536,-2089,-1229,-81,186,0.19871873779296872,9.879673150634765,0.32082302246093747,30.385882352941177,-33774.04580152672,-2225.9541984732828,5111.4503816793895
489513,0,0,0,4897615435,4879.417841,0.010005,372,16556,480,-2092,-1235,-86,194,0.22266075439453123,9.909600671386718,0.28730419921875,30.377058823529413,-33938.931297709925,-2363.3587786259545,5331.297709923664
489514,0,0,0,4897625440,4879.427846,0.010005,352,16516,510,-2093,-1239,-85,186,0.21068974609375,9.885658654785155,0.30526071166992186,30.374117647058824,-34048.85496183206,-2335.87786259542,5111.4503816793895
489515,0,0,0,4897635446,4879.437852,0.010006,348,16540,472,-2095,-1233,-82,185,0.20829554443359374,9.900023864746093,0.2825157958984375,30.368235294117646,-33883.96946564886,-2253.4351145038167,5083.9694656488555
489516,0,0,0,4897645451,4879.447857,0.010005,348,16528,486,-2098,-1228,-88,183,0.20829554443359374,9.892841259765625,0.29089550170898437,30.359411764705882,-33746.564885496184,-2418.320610687023,5029.007633587787
489517,0,0,0,4897655456,4879.457862,0.010005,372,16572,464,-2102,-1233,-85,186,0.22266075439453123,9.919177478027343,0.277727392578125,30.34764705882353,-33883.96946564886,-2335.87786259542,5111.4503816793895
489518,0,0,0,4897665461,4879.467867,0.010005,400,16536,462,-2093,-1233,-94,187,0.239420166015625,9.897629663085937,0.2765302917480469,30.374117647058824,-33883.96946564886,-2583.206106870229,5138.931297709924
489519,0,0,0,4897675466,4879.477872,0.010005,390,16578,466,-2095,-1239,-89,185,0.23343466186523437,9.922768780517577,0.27892449340820313,30.368235294117646,-34048.85496183206,-2445.8015267175574,5083.9694656488555
489520,0,0,0,4897685472,4879.487878,0.010006,402,16528,486,-2089,-1233,-83,187,0.24061726684570311,9.892841259765625,0.29089550170898437,30.385882352941177,-33883.96946564886,-2280.916030534351,5138.931297709924
489521,0,0,0,4897695477,4879.497883,0.010005,354,16548,472,-2087,-1231,-85,183,0.21188684692382811,9.904812268066406,0.2825157958984375,30.391764705882352,-33829.00763358779,-2335.87786259542,5029.007633587787
489522,0,0,0,4897705482,4879.507888,0.010005,386,16560,408,-2088,-1229,-83,184,0.23104046020507812,9.911994873046874,0.2442085693359375,30.388823529411766,-33774.04580152672,-2280.916030534351,5056.488549618321
489523,0,0,0,4897715487,4879.517893,0.010005,384,16588,444,-2089,-1228,-85,174,0.229843359375,9.928754284667969,0.2657563842773437,30.385882352941177,-33746.564885496184,-2335.87786259542,4781.679389312977
489524,0,0,0,4897725492,4879.527898,0.010005,382,16524,458,-2094,-1225,-81,186,0.22864625854492185,9.890447058105469,0.2741360900878906,30.371176470588235,-33664.122137404585,-2225.9541984732828,5111.4503816793895
489525,0,0,0,4897735497,4879.537903,0.010005,370,16522,506,-2094,-1225,-91,192,0.2214636535644531,9.889249957275391,0.3028665100097656,30.371176470588235,-33664.122137404585,-2500.7633587786263,5276.335877862595
489526,0,0,0,4897745503,4879.547909,0.010006,358,16580,468,-2095,-1228,-89,190,0.21428104858398436,9.923965881347655,0.28012159423828126,30.368235294117646,-33746.564885496184,-2445.8015267175574,5221.374045801527
489527,0,0,0,4897755508,4879.557914,0.010005,376,16512,540,-2093,-1233,-85,189,0.22505495605468748,9.883264453125,0.3232172241210937,30.374117647058824,-33883.96946564886,-2335.87786259542,5193.893129770992
489528,0,0,0,4897765513,4879.567919,0.010005,342,16574,474,-2092,-1228,-86,190,0.20470424194335937,9.920374578857421,0.28371289672851563,30.377058823529413,-33746.564885496184,-2363.3587786259545,5221.374045801527
489529,0,0,0,4897775518,4879.577924,0.010005,398,16544,464,-2097,-1231,-82,181,0.23822306518554687,9.90241806640625,0.277727392578125,30.36235294117647,-33829.00763358779,-2253.4351145038167,4974.045801526718
489530,0,0,0,4897785523,4879.587929,0.010005,372,16576,486,-2096,-1230,-79,172,0.22266075439453123,9.9215716796875,0.29089550170898437,30.36529411764706,-33801.52671755725,-2170.992366412214,4726.717557251909
489531,0,0,0,4897795529,4879.597935,0.010006,360,16492,484,-2096,-1229,-82,176,0.2154781494140625,9.871293444824218,0.28969840087890625,30.36529411764706,-33774.04580152672,-2253.4351145038167,4836.641221374046
489532,0,0,0,4897805534,4879.60794,0.010005,338,16512,498,-2098,-1227,-84,195,0.20231004028320312,9.883264453125,0.2980781066894531,30.359411764705882,-33719.08396946565,-2308.3969465648856,5358.778625954199
489533,0,0,0,4897815539,4879.617945,0.010005,390,16576,448,-2091,-1231,-87,187,0.23343466186523437,9.9215716796875,0.26815058593749996,30.380000000000003,-33829.00763358779,-2390.8396946564885,5138.931297709924
489534,0,0,0,4897825544,4879.62795,0.010005,388,16534,452,-2099,-1229,-92,178,0.23223756103515625,9.896432562255859,0.2705447875976562,30.356470588235297,-33774.04580152672,-2528.2442748091603,4891.603053435115
489535,0,0,0,4897835549,4879.637955,0.010005,348,16552,418,-2091,-1230,-94,184,0.20829554443359374,9.907206469726562,0.2501940734863281,30.380000000000003,-33801.52671755725,-2583.206106870229,5056.488549618321
489536,0,0,0,4897845555,4879.647961,0.010006,394,16510,476,-2088,-1233,-88,188,0.23582886352539062,9.882067352294921,0.28490999755859375,30.388823529411766,-33883.96946564886,-2418.320610687023,5166.412213740458
489537,0,0,0,4897855560,4879.657966,0.010005,328,16520,502,-2097,-1235,-88,182,0.19632453613281248,9.888052856445311,0.30047230834960936,30.36235294117647,-33938.931297709925,-2418.320610687023,5001.526717557253
489538,0,0,0,4897865565,4879.667971,0.010005,394,16562,454,-2094,-1229,-86,179,0.23582886352539062,9.913191973876952,0.27174188842773433,30.371176470588235,-33774.04580152672,-2363.3587786259545,4919.083969465649
489539,0,0,0,4897875570,4879.677976,0.010005,372,16564,516,-2098,-1229,-84,181,0.22266075439453123,9.91438907470703,0.30885201416015623,30.359411764705882,-33774.04580152672,-2308.3969465648856,4974.045801526718
489540,0,0,0,4897885575,4879.687981,0.010005,390,16540,506,-2093,-1230,-85,184,0.23343466186523437,9.900023864746093,0.3028665100097656,30.374117647058824,-33801.52671755725,-2335.87786259542,5056.488549618321
489541,0,0,0,4897895580,4879.697986,0.010005,348,16522,478,-2090,-1228,-87,188,0.20829554443359374,9.889249957275391,0.2861070983886719,30.382941176470588,-33746.564885496184,-2390.8396946564885,5166.412213740458
489542,0,0,0,4897905586,4879.707992,0.010006,382,16556,470,-2097,-1230,-84,189,0.22864625854492185,9.909600671386718,0.2813186950683594,30.36235294117647,-33801.52671755725,-2308.3969465648856,5193.893129770992
489543,0,0,0,4897915591,4879.717997,0.010005,428,16526,502,-2101,-1232,-82,185,0.2561795776367187,9.891644158935547,0.30047230834960936,30.35058823529412,-33856.48854961832,-2253.4351145038167,5083.9694656488555
489544,0,0,0,4897925596,4879.728002,0.010005,396,16560,500,-2096,-1231,-87,182,0.23702596435546874,9.911994873046874,0.29927520751953124,30.36529411764706,-33829.00763358779,-2390.8396946564885,5001.526717557253
489545,0,0,0,4897935601,4879.738007,0.010005,388,16550,446,-2095,-1231,-88,181,0.23223756103515625,9.906009368896484,0.26695348510742184,30.368235294117646,-33829.00763358779,-2418.320610687023,4974.045801526718
489546,0,0,0,4897945606,4879.748012,0.010005,364,16536,418,-2096,-1238,-83,184,0.21787235107421873,9.897629663085937,0.2501940734863281,30.36529411764706,-34021.37404580153,-2280.916030534351,5056.488549618321
489547,0,0,0,4897955612,4879.758018,0.010006,386,16548,482,-2093,-1234,-88,193,0.23104046020507812,9.904812268066406,0.2885013000488281,30.374117647058824,-33911.45038167939,-2418.320610687023,5303.81679389313
489548,0,0,0,4897965617,4879.768023,0.010005,386,16520,492,-2093,-1232,-83,191,0.23104046020507812,9.888052856445311,0.29448680419921874,30.374117647058824,-33856.48854961832,-2280.916030534351,5248.854961832061
489549,0,0,0,4897975622,4879.778028,0.010005,396,16550,500,-2093,-1233,-88,184,0.23702596435546874,9.906009368896484,0.29927520751953124,30.374117647058824,-33883.96946564886,-2418.320610687023,5056.488549618321
489550,0,0,0,4897985627,4879.788033,0.010005,358,16524,484,-2096,-1238,-85,185,0.21428104858398436,9.890447058105469,0.28969840087890625,30.36529411764706,-34021.37404580153,-2335.87786259542,5083.9694656488555
489551,0,0,0,4897995632,4879.798038,0.010005,376,16514,450,-2100,-1228,-91,186,0.22505495605468748,9.884461553955077,0.2693476867675781,30.353529411764708,-33746.564885496184,-2500.7633587786263,5111.4503816793895
489552,0,0,0,4898005637,4879.808043,0.010005,364,16540,450,-2098,-1227,-89,183,0.21787235107421873,9.900023864746093,0.2693476867675781,30.359411764705882,-33719.08396946565,-2445.8015267175574,5029.007633587787
489553,0,0,0,4898015643,4879.818049,0.010006,392,16540,502,-2091,-1228,-87,186,0.2346317626953125,9.900023864746093,0.30047230834960936,30.380000000000003,-33746.564885496184,-2390.8396946564885,5111.4503816793895
489554,0,0,0,4898025648,4879.828054,0.010005,386,16558,490,-2091,-1223,-81,184,0.23104046020507812,9.910797772216796,0.2932897033691406,30.380000000000003,-33609.16030534351,-2225.9541984732828,5056.488549618321
489555,0,0,0,4898035653,4879.838059,0.010005,366,16524,472,-2094,-1231,-87,188,0.21906945190429686,9.890447058105469,0.2825157958984375,30.371176470588235,-33829.00763358779,-2390.8396946564885,5166.412213740458
489556,0,0,0,4898045658,4879.848064,0.010005,358,16578,494,-2091,-1229,-84,190,0.21428104858398436,9.922768780517577,0.29568390502929687,30.380000000000003,-33774.04580152672,-2308.3969465648856,5221.374045801527
489557,0,0,0,4898055663,4879.858069,0.010005,366,16592,462,-2100,-1229,-86,186,0.21906945190429686,9.931148486328125,0.2765302917480469,30.353529411764708,-33774.04580152672,-2363.3587786259545,5111.4503816793895
489558,0,0,0,4898065669,4879.868075,0.010006,378,16528,468,-2095,-1232,-84,190,0.2262520568847656,9.892841259765625,0.28012159423828126,30.368235294117646,-33856.48854961832,-2308.3969465648856,5221.374045801527
489559,0,0,0,4898075674,4879.87808,0.010005,386,16552,466,-2092,-1232,-83,181,0.23104046020507812,9.907206469726562,0.27892449340820313,30.377058823529413,-33856.48854961832,-2280.916030534351,4974.045801526718
489560,0,0,0,4898085679,4879.888085,0.010005,366,16536,526,-2095,-1232,-87,189,0.21906945190429686,9.897629663085937,0.31483751831054685,30.368235294117646,-33856.48854961832,-2390.8396946564885,5193.893129770992
489561,0,0,0,4898095684,4879.89809,0.010005,356,16548,436,-2093,-1230,-85,187,0.21308394775390624,9.904812268066406,0.2609679809570312,30.374117647058824,-33801.52671755725,-2335.87786259542,5138.931297709924
489562,0,0,0,4898105689,4879.908095,0.010005,326,16558,514,-2094,-1227,-80,190,0.19512743530273435,9.910797772216796,0.3076549133300781,30.371176470588235,-33719.08396946565,-2198.4732824427483,5221.374045801527
489563,0,0,0,4898115695,4879.918101,0.010006,372,16546,492,-2098,-1230,-84,187,0.22266075439453123,9.903615167236328,0.29448680419921874,30.359411764705882,-33801.52671755725,-2308.3969465648856,5138.931297709924
489564,0,0,0,4898125700,4879.928106,0.010005,348,16578,542,-2094,-1228,-83,185,0.20829554443359374,9.922768780517577,0.32441432495117184,30.371176470588235,-33746.564885496184,-2280.916030534351,5083.9694656488555
489565,0,0,0,4898135705,4879.938111,0.010005,356,16528,478,-2096,-1231,-76,191,0.21308394775390624,9.892841259765625,0.2861070983886719,30.36529411764706,-33829.00763358779,-2088.549618320611,5248.854961832061
489566,0,0,0,4898145710,4879.948116,0.010005,360,16574,524,-2094,-1224,-74,183,0.2154781494140625,9.920374578857421,0.3136404174804687,30.371176470588235,-33636.64122137405,-2033.587786259542,5029.007633587787
489567,0,0,0,4898155715,4879.958121,0.010005,330,16562,528,-2093,-1235,-85,181,0.1975216369628906,9.913191973876952,0.316034619140625,30.374117647058824,-33938.931297709925,-2335.87786259542,4974.045801526718
489568,0,0,0,4898165720,4879.968126,0.010005,388,16578,436,-2093,-1231,-89,181,0.23223756103515625,9.922768780517577,0.2609679809570312,30.374117647058824,-33829.00763358779,-2445.8015267175574,4974.045801526718
489569,0,0,0,4898175726,4879.978132,0.010006,384,16532,500,-2092,-1232,-81,190,0.229843359375,9.89523546142578,0.29927520751953124,30.377058823529413,-33856.48854961832,-2225.9541984732828,5221.374045801527
489570,0,0,0,4898185731,4879.988137,0.010005,354,16550,418,-2092,-1230,-78,189,0.21188684692382811,9.906009368896484,0.2501940734863281,30.377058823529413,-33801.52671755725,-2143.5114503816794,5193.893129770992
489571,0,0,0,4898195736,4879.998142,0.010005,398,16532,508,-2087,-1233,-83,185,0.23822306518554687,9.89523546142578,0.30406361083984373,30.391764705882352,-33883.96946564886,-2280.916030534351,5083.9694656488555
489572,0,0,0,4898205741,4880.008147,0.010005,372,16528,444,-2089,-1230,-84,180,0.22266075439453123,9.892841259765625,0.2657563842773437,30.385882352941177,-33801.52671755725,-2308.3969465648856,4946.564885496184
489573,0,0,0,4898215746,4880.018152,0.010005,400,16522,434,-2093,-1232,-83,188,0.239420166015625,9.889249957275391,0.2597708801269531,30.374117647058824,-33856.48854961832,-2280.916030534351,5166.412213740458
489574,0,0,0,4898225752,4880.028158,0.010006,358,16544,478,-2091,-1229,-87,189,0.21428104858398436,9.90241806640625,0.2861070983886719,30.380000000000003,-33774.04580152672,-2390.8396946564885,5193.893129770992
489575,0,0,0,4898235757,4880.038163,0.010005,384,16510,510,-2091,-1231,-91,193,0.229843359375,9.882067352294921,0.30526071166992186,30.380000000000003,-33829.00763358779,-2500.7633587786263,5303.81679389313
489576,0,0,0,4898245762,4880.048168,0.010005,372,16528,502,-2091,-1230,-80,189,0.22266075439453123,9.892841259765625,0.30047230834960936,30.380000000000003,-33801.52671755725,-2198.4732824427483,5193.893129770992
489577,0,0,0,4898255767,4880.058173,0.010005,362,16496,424,-2094,-1228,-83,181,0.2166752502441406,9.873687646484374,0.2537853759765625,30.371176470588235,-33746.564885496184,-2280.916030534351,4974.045801526718
489578,0,0,0,4898265772,4880.068178,0.010005,380,16508,454,-2092,-1230,-82,180,0.22744915771484372,9.880870251464843,0.27174188842773433,30.377058823529413,-33801.52671755725,-2253.4351145038167,4946.564885496184
489579,0,0,0,4898275777,4880.078183,0.010005,350,16514,470,-2088,-1228,-88,177,0.20949264526367187,9.884461553955077,0.2813186950683594,30.388823529411766,-33746.564885496184,-2418.320610687023,4864.122137404581
489580,0,0,0,4898285783,4880.088189,0.010006,364,16520,508,-2086,-1234,-86,182,0.21787235107421873,9.888052856445311,0.30406361083984373,30.39470588235294,-33911.45038167939,-2363.3587786259545,5001.526717557253
489581,0,0,0,4898295788,4880.098194,0.010005,354,16532,476,-2094,-1235,-91,185,0.21188684692382811,9.89523546142578,0.28490999755859375,30.371176470588235,-33938.931297709925,-2500.7633587786263,5083.9694656488555
489582,0,0,0,4898305793,4880.108199,0.010005,360,16556,502,-2095,-1230,-78,179,0.2154781494140625,9.909600671386718,0.30047230834960936,30.368235294117646,-33801.52671755725,-2143.5114503816794,4919.083969465649
489583,0,0,0,4898315798,4880.118204,0.010005,358,16524,516,-2094,-1226,-94,186,0.21428104858398436,9.890447058105469,0.30885201416015623,30.371176470588235,-33691.603053435116,-2583.206106870229,5111.4503816793895
489584,0,0,0,4898325803,4880.128209,0.010005,344,16562,476,-2094,-1231,-89,194,0.2059013427734375,9.913191973876952,0.28490999755859375,30.371176470588235,-33829.00763358779,-2445.8015267175574,5331.297709923664
489585,0,0,0,4898335809,4880.138215,0.010006,356,16588,406,-2092,-1225,-85,186,0.21308394775390624,9.928754284667969,0.24301146850585936,30.377058823529413,-33664.122137404585,-2335.87786259542,5111.4503816793895
489586,0,0,0,4898345814,4880.14822,0.010005,336,16574,466,-2096,-1227,-88,188,0.201112939453125,9.920374578857421,0.27892449340820313,30.36529411764706,-33719.08396946565,-2418.320610687023,5166.412213740458
489587,0,0,0,4898355819,4880.158225,0.010005,364,16500,472,-2091,-1235,-85,183,0.21787235107421873,9.87608184814453,0.2825157958984375,30.380000000000003,-33938.931297709925,-2335.87786259542,5029.007633587787
489588,0,0,0,4898365824,4880.16823,0.010005,366,16524,452,-2094,-1233,-88,189,0.21906945190429686,9.890447058105469,0.2705447875976562,30.371176470588235,-33883.96946564886,-2418.320610687023,5193.893129770992
489589,0,0,0,4898375829,4880.178235,0.010005,382,16552,434,-2096,-1238,-93,191,0.22864625854492185,9.907206469726562,0.2597708801269531,30.36529411764706,-34021.37404580153,-2555.7251908396947,5248.854961832061
489590,0,0,0,4898385835,4880.188241,0.010006,414,16540,408,-2092,-1232,-85,186,0.24779987182617186,9.900023864746093,0.2442085693359375,30.377058823529413,-33856.48854961832,-2335.87786259542,5111.4503816793895
489591,0,0,0,4898395840,4880.198246,0.010005,348,16556,416,-2092,-1229,-85,184,0.20829554443359374,9.909600671386718,0.24899697265624998,30.377058823529413,-33774.04580152672,-2335.87786259542,5056.488549618321
489592,0,0,0,4898405845,4880.208251,0.010005,334,16540,474,-2092,-1237,-89,185,0.19991583862304688,9.900023864746093,0.28371289672851563,30.377058823529413,-33993.89312977099,-2445.8015267175574,5083.9694656488555
489593,0,0,0,4898415850,4880.218256,0.010005,348,16526,472,-2090,-1229,-87,184,0.20829554443359374,9.891644158935547,0.2825157958984375,30.382941176470588,-33774.04580152672,-2390.8396946564885,5056.488549618321
489594,0,0,0,4898425855,4880.228261,0.010005,388,16548,426,-2092,-1230,-90,192,0.23223756103515625,9.904812268066406,0.2549824768066406,30.377058823529413,-33801.52671755725,-2473.282442748092,5276.335877862595
489595,0,0,0,4898435861,4880.238267,0.010006,350,16568,456,-2092,-1229,-85,182,0.20949264526367187,9.916783276367187,0.27293898925781246,30.377058823529413,-33774.04580152672,-2335.87786259542,5001.526717557253
489596,0,0,0,4898445866,4880.248272,0.010005,354,16516,396,-2095,-1228,-88,187,0.21188684692382811,9.885658654785155,0.23702596435546874,30.368235294117646,-33746.564885496184,-2418.320610687023,5138.931297709924
489597,0,0,0,4898455871,4880.258277,0.010005,366,16556,458,-2090,-1232,-90,190,0.21906945190429686,9.909600671386718,0.2741360900878906,30.382941176470588,-33856.48854961832,-2473.282442748092,5221.374045801527
489598,0,0,0,4898465876,4880.268282,0.010005,408,16562,530,-2087,-1233,-81,184,0.2442085693359375,9.913191973876952,0.3172317199707031,30.391764705882352,-33883.96946564886,-2225.9541984732828,5056.488549618321
489599,0,0,0,4898475881,4880.278287,0.010005,380,16538,494,-2091,-1232,-86,187,0.22744915771484372,9.898826763916015,0.29568390502929687,30.380000000000003,-33856.48854961832,-2363.3587786259545,5138.931297709924
489600,0,0,0,4898485886,4880.288292,0.010005,374,16510,454,-2095,-1231,-84,193,0.22385785522460935,9.882067352294921,0.27174188842773433,30.368235294117646,-33829.00763358779,-2308.3969465648856,5303.81679389313
489601,0,0,0,4898495892,4880.298298,0.010006,338,16524,450,-2092,-1230,-89,181,0.20231004028320312,9.890447058105469,0.2693476867675781,30.377058823529413,-33801.52671755725,-2445.8015267175574,4974.045801526718
489602,0,0,0,4898505897,4880.308303,0.010005,384,16538,472,-2096,-1227,-92,188,0.229843359375,9.898826763916015,0.2825157958984375,30.36529411764706,-33719.08396946565,-2528.2442748091603,5166.412213740458
489603,0,0,0,4898515902,4880.318308,0.010005,342,16534,496,-2095,-1229,-86,197,0.20470424194335937,9.896432562255859,0.296881005859375,30.368235294117646,-33774.04580152672,-2363.3587786259545,5413.740458015267
489604,0,0,0,4898525907,4880.328313,0.010005,394,16538,490,-2094,-1229,-89,190,0.23582886352539062,9.898826763916015,0.2932897033691406,30.371176470588235,-33774.04580152672,-2445.8015267175574,5221.374045801527
489605,0,0,0,4898535912,4880.338318,0.010005,394,16538,438,-2095,-1232,-87,184,0.23582886352539062,9.898826763916015,0.26216508178710934,30.368235294117646,-33856.48854961832,-2390.8396946564885,5056.488549618321
489606,0,0,0,4898545918,4880.348324,0.010006,398,16508,414,-2092,-1236,-82,191,0.23822306518554687,9.880870251464843,0.24779987182617186,30.377058823529413,-33966.41221374046,-2253.4351145038167,5248.854961832061
489607,0,0,0,4898555923,4880.358329,0.010005,370,16564,486,-2090,-1235,-86,187,0.2214636535644531,9.91438907470703,0.29089550170898437,30.382941176470588,-33938.931297709925,-2363.3587786259545,5138.931297709924
489608,0,0,0,4898565928,4880.368334,0.010005,380,16554,480,-2096,-1236,-82,191,0.22744915771484372,9.90840357055664,0.28730419921875,30.36529411764706,-33966.41221374046,-2253.4351145038167,5248.854961832061
489609,0,0,0,4898575933,4880.378339,0.010005,364,16558,450,-2096,-1230,-83,188,0.21787235107421873,9.910797772216796,0.2693476867675781,30.36529411764706,-33801.52671755725,-2280.916030534351,5166.412213740458
489610,0,0,0,4898585938,4880.388344,0.010005,394,16550,478,-2095,-1227,-87,184,0.23582886352539062,9.906009368896484,0.2861070983886719,30.368235294117646,-33719.08396946565,-2390.8396946564885,5056.488549618321
489611,0,0,0,4898595943,4880.398349,0.010005,352,16536,494,-2090,-1227,-85,187,0.21068974609375,9.897629663085937,0.29568390502929687,30.382941176470588,-33719.08396946565,-2335.87786259542,5138.931297709924
489612,0,0,0,4898605949,4880.408355,0.010006,348,16510,482,-2089,-1234,-89,185,0.20829554443359374,9.882067352294921,0.2885013000488281,30.385882352941177,-33911.45038167939,-2445.8015267175574,5083.9694656488555
489613,0,0,0,4898615954,4880.41836,0.010005,380,16586,452,-2095,-1235,-82,187,0.22744915771484372,9.92755718383789,0.2705447875976562,30.368235294117646,-33938.931297709925,-2253.4351145038167,5138.931297709924
489614,0,0,0,4898625959,4880.428365,0.010005,370,16546,494,-2093,-1227,-80,182,0.2214636535644531,9.903615167236328,0.29568390502929687,30.374117647058824,-33719.08396946565,-2198.4732824427483,5001.526717557253
489615,0,0,0,4898635964,4880.43837,0.010005,332,16556,516,-2093,-1226,-85,188,0.19871873779296872,9.909600671386718,0.30885201416015623,30.374117647058824,-33691.603053435116,-2335.87786259542,5166.412213740458
489616,0,0,0,4898645969,4880.448375,0.010005,402,16526,474,-2099,-1232,-82,188,0.24061726684570311,9.891644158935547,0.28371289672851563,30.356470588235297,-33856.48854961832,-2253.4351145038167,5166.412213740458
489617,0,0,0,4898655975,4880.458381,0.010006,332,16530,420,-2097,-1230,-90,183,0.19871873779296872,9.894038360595703,0.25139117431640623,30.36235294117647,-33801.52671755725,-2473.282442748092,5029.007633587787
489618,0,0,0,4898665980,4880.468386,0.010005,312,16518,448,-2091,-1235,-85,188,0.1867477294921875,9.886855755615233,0.26815058593749996,30.380000000000003,-33938.931297709925,-2335.87786259542,5166.412213740458
489619,0,0,0,4898675985,4880.478391,0.010005,358,16546,480,-2089,-1240,-84,191,0.21428104858398436,9.903615167236328,0.28730419921875,30.385882352941177,-34076.3358778626,-2308.3969465648856,5248.854961832061
489620,0,0,0,4898685990,4880.488396,0.010005,350,16518,494,-2092,-1233,-89,191,0.20949264526367187,9.886855755615233,0.29568390502929687,30.377058823529413,-33883.96946564886,-2445.8015267175574,5248.854961832061
489621,0,0,0,4898695995,4880.498401,0.010005,340,16500,476,-2095,-1228,-86,184,0.20350714111328125,9.87608184814453,0.28490999755859375,30.368235294117646,-33746.564885496184,-2363.3587786259545,5056.488549618321
489622,0,0,0,4898706001,4880.508407,0.010006,384,16552,458,-2093,-1235,-80,183,0.229843359375,9.907206469726562,0.2741360900878906,30.374117647058824,-33938.931297709925,-2198.4732824427483,5029.007633587787
489623,0,0,0,4898716006,4880.518412,0.010005,346,16514,522,-2089,-1237,-84,179,0.20709844360351562,9.884461553955077,0.3124433166503906,30.385882352941177,-33993.89312977099,-2308.3969465648856,4919.083969465649
489624,0,0,0,4898726011,4880.528417,0.010005,372,16552,496,-2095,-1226,-80,186,0.22266075439453123,9.907206469726562,0.296881005859375,30.368235294117646,-33691.603053435116,-2198.4732824427483,5111.4503816793895
489625,0,0,0,4898736016,4880.538422,0.010005,384,16524,452,-2093,-1226,-90,185,0.229843359375,9.890447058105469,0.2705447875976562,30.374117647058824,-33691.603053435116,-2473.282442748092,5083.9694656488555
489626,0,0,0,4898746021,4880.548427,0.010005,368,16534,472,-2092,-1226,-85,187,0.22026655273437498,9.896432562255859,0.2825157958984375,30.377058823529413,-33691.603053435116,-2335.87786259542,5138.931297709924
489627,0,0,0,4898756026,4880.558432,0.010005,376,16544,456,-2096,-1230,-84,176,0.22505495605468748,9.90241806640625,0.27293898925781246,30.36529411764706,-33801.52671755725,-2308.3969465648856,4836.641221374046
489628,0,0,0,4898766032,4880.568438,0.010006,386,16542,518,-2093,-1228,-85,190,0.23104046020507812,9.90122096557617,0.31004911499023435,30.374117647058824,-33746.564885496184,-2335.87786259542,5221.374045801527
489629,0,0,0,4898776037,4880.578443,0.010005,400,16546,530,-2090,-1231,-82,185,0.239420166015625,9.903615167236328,0.3172317199707031,30.382941176470588,-33829.00763358779,-2253.4351145038167,5083.9694656488555
489630,0,0,0,4898786042,4880.588448,0.010005,390,16518,444,-2089,-1229,-87,186,0.23343466186523437,9.886855755615233,0.2657563842773437,30.385882352941177,-33774.04580152672,-2390.8396946564885,5111.4503816793895
489631,0,0,0,4898796047,4880.598453,0.010005,370,16554,490,-2091,-1231,-89,182,0.2214636535644531,9.90840357055664,0.2932897033691406,30.380000000000003,-33829.00763358779,-2445.8015267175574,5001.526717557253
489632,0,0,0,4898806052,4880.608458,0.010005,354,16574,458,-2090,-1224,-83,194,0.21188684692382811,9.920374578857421,0.2741360900878906,30.382941176470588,-33636.64122137405,-2280.916030534351,5331.297709923664
489633,0,0,0,4898816058,4880.618464,0.010006,360,16546,504,-2097,-1228,-88,191,0.2154781494140625,9.903615167236328,0.3016694091796875,30.36235294117647,-33746.564885496184,-2418.320610687023,5248.854961832061
489634,0,0,0,4898826063,4880.628469,0.010005,356,16522,460,-2094,-1233,-78,182,0.21308394775390624,9.889249957275391,0.2753331909179687,30.371176470588235,-33883.96946564886,-2143.5114503816794,5001.526717557253
489635,0,0,0,4898836068,4880.638474,0.010005,360,16528,468,-2093,-1232,-80,185,0.2154781494140625,9.892841259765625,0.28012159423828126,30.374117647058824,-33856.48854961832,-2198.4732824427483,5083.9694656488555
489636,0,0,0,4898846073,4880.648479,0.010005,354,16508,424,-2094,-1232,-79,182,0.21188684692382811,9.880870251464843,0.2537853759765625,30.371176470588235,-33856.48854961832,-2170.992366412214,5001.526717557253
489637,0,0,0,4898856078,4880.658484,0.010005,368,16524,472,-2088,-1228,-84,185,0.22026655273437498,9.890447058105469,0.2825157958984375,30.388823529411766,-33746.564885496184,-2308.3969465648856,5083.9694656488555
489638,0,0,0,4898866084,4880.66849,0.010006,362,16546,444,-2088,-1234,-92,184,0.2166752502441406,9.903615167236328,0.2657563842773437,30.388823529411766,-33911.45038167939,-2528.2442748091603,5056.488549618321
489639,0,0,0,4898876089,4880.678495,0.010005,370,16540,450,-2093,-1231,-81,195,0.2214636535644531,9.900023864746093,0.2693476867675781,30.374117647058824,-33829.00763358779,-2225.9541984732828,5358.778625954199
489640,0,0,0,4898886094,4880.6885,0.010005,346,16530,492,-2097,-1236,-79,184,0.20709844360351562,9.894038360595703,0.29448680419921874,30.36235294117647,-33966.41221374046,-2170.992366412214,5056.488549618321
489641,0,0,0,4898896099,4880.698505,0.010005,346,16520,492,-2095,-1228,-85,182,0.20709844360351562,9.888052856445311,0.29448680419921874,30.368235294117646,-33746.564885496184,-2335.87786259542,5001.526717557253
489642,0,0,0,4898906104,4880.70851,0.010005,380,16556,502,-2094,-1233,-82,182,0.22744915771484372,9.909600671386718,0.30047230834960936,30.371176470588235,-33883.96946564886,-2253.4351145038167,5001.526717557253
489643,0,0,0,4898916109,4880.718515,0.010005,374,16540,480,-2095,-1233,-80,193,0.22385785522460935,9.900023864746093,0.28730419921875,30.368235294117646,-33883.96946564886,-2198.4732824427483,5303.81679389313
489644,0,0,0,4898926115,4880.728521,0.010006,360,16536,468,-2092,-1232,-76,193,0.2154781494140625,9.897629663085937,0.28012159423828126,30.377058823529413,-33856.48854961832,-2088.549618320611,5303.81679389313
489645,0,0,0,4898936120,4880.738526,0.010005,372,16594,442,-2097,-1229,-84,186,0.22266075439453123,9.932345587158203,0.2645592834472656,30.36235294117647,-33774.04580152672,-2308.3969465648856,5111.4503816793895
489646,0,0,0,4898946125,4880.748531,0.010005,372,16588,384,-2097,-1230,-86,187,0.22266075439453123,9.928754284667969,0.229843359375,30.36235294117647,-33801.52671755725,-2363.3587786259545,5138.931297709924
489647,0,0,0,4898956130,4880.758536,0.010005,392,16576,510,-2090,-1233,-82,181,0.2346317626953125,9.9215716796875,0.30526071166992186,30.382941176470588,-33883.96946564886,-2253.4351145038167,4974.045801526718
489648,0,0,0,4898966135,4880.768541,0.010005,364,16550,494,-2091,-1230,-87,181,0.21787235107421873,9.906009368896484,0.29568390502929687,30.380000000000003,-33801.52671755725,-2390.8396946564885,4974.045801526718
489649,0,0,0,4898976141,4880.778547,0.010006,372,16566,472,-2090,-1231,-88,177,0.22266075439453123,9.91558617553711,0.2825157958984375,30.382941176470588,-33829.00763358779,-2418.320610687023,4864.122137404581
489650,0,0,0,4898986146,4880.788552,0.010005,374,16524,448,-2094,-1234,-81,176,0.22385785522460935,9.890447058105469,0.26815058593749996,30.371176470588235,-33911.45038167939,-2225.9541984732828,4836.641221374046
489651,0,0,0,4898996151,4880.798557,0.010005,384,16534,462,-2093,-1240,-94,183,0.229843359375,9.896432562255859,0.2765302917480469,30.374117647058824,-34076.3358778626,-2583.206106870229,5029.007633587787
489652,0,0,0,4899006156,4880.808562,0.010005,400,16574,462,-2089,-1231,-90,184,0.239420166015625,9.920374578857421,0.2765302917480469,30.385882352941177,-33829.00763358779,-2473.282442748092,5056.488549618321
489653,0,0,0,4899016161,4880.818567,0.010005,342,16538,484,-2091,-1234,-80,183,0.20470424194335937,9.898826763916015,0.28969840087890625,30.380000000000003,-33911.45038167939,-2198.4732824427483,5029.007633587787
489654,0,0,0,4899026167,4880.828573,0.010006,338,16560,492,-2094,-1228,-91,187,0.20231004028320312,9.911994873046874,0.29448680419921874,30.371176470588235,-33746.564885496184,-2500.7633587786263,5138.931297709924
489655,0,0,0,4899036172,4880.838578,0.010005,392,16544,438,-2093,-1231,-94,175,0.2346317626953125,9.90241806640625,0.26216508178710934,30.374117647058824,-33829.00763358779,-2583.206106870229,4809.160305343512
489656,0,0,0,4899046177,4880.848583,0.010005,370,16536,436,-2095,-1232,-78,182,0.2214636535644531,9.897629663085937,0.2609679809570312,30.368235294117646,-33856.48854961832,-2143.5114503816794,5001.526717557253
489657,0,0,0,4899056182,4880.858588,0.010005,388,16532,438,-2096,-1226,-83,183,0.23223756103515625,9.89523546142578,0.26216508178710934,30.36529411764706,-33691.603053435116,-2280.916030534351,5029.007633587787
489658,0,0,0,4899066187,4880.868593,0.010005,406,16554,464,-2099,-1236,-79,183,0.24301146850585936,9.90840357055664,0.277727392578125,30.356470588235297,-33966.41221374046,-2170.992366412214,5029.007633587787
489659,0,0,0,4899076192,4880.878598,0.010005,380,16592,446,-2095,-1232,-80,183,0.22744915771484372,9.931148486328125,0.26695348510742184,30.368235294117646,-33856.48854961832,-2198.4732824427483,5029.007633587787
489660,0,0,0,4899086198,4880.888604,0.010006,358,16582,524,-2095,-1229,-80,180,0.21428104858398436,9.925162982177733,0.3136404174804687,30.368235294117646,-33774.04580152672,-2198.4732824427483,4946.564885496184
489661,0,0,0,4899096203,4880.898609,0.010005,368,16566,506,-2095,-1228,-79,184,0.22026655273437498,9.91558617553711,0.3028665100097656,30.368235294117646,-33746.564885496184,-2170.992366412214,5056.488549618321
489662,0,0,0,4899106208,4880.908614,0.010005,346,16544,448,-2091,-1233,-77,191,0.20709844360351562,9.90241806640625,0.26815058593749996,30.380000000000003,-33883.96946564886,-2116.030534351145,5248.854961832061
489663,0,0,0,4899116213,4880.918619,0.010005,402,16542,414,-2088,-1227,-88,187,0.24061726684570311,9.90122096557617,0.24779987182617186,30.388823529411766,-33719.08396946565,-2418.320610687023,5138.931297709924
489664,0,0,0,4899126218,4880.928624,0.010005,332,16522,474,-2088,-1233,-87,181,0.19871873779296872,9.889249957275391,0.28371289672851563,30.388823529411766,-33883.96946564886,-2390.8396946564885,4974.045801526718
489665,0,0,0,4899136224,4880.93863,0.010006,368,16570,444,-2092,-1233,-89,181,0.22026655273437498,9.917980377197265,0.2657563842773437,30.377058823529413,-33883.96946564886,-2445.8015267175574,4974.045801526718
489666,0,0,0,4899146229,4880.948635,0.010005,410,16548,432,-2094,-1230,-83,187,0.2454056701660156,9.904812268066406,0.258573779296875,30.371176470588235,-33801.52671755725,-2280.916030534351,5138.931297709924
489667,0,0,0,4899156234,4880.95864,0.010005,356,16528,456,-2097,-1228,-89,190,0.21308394775390624,9.892841259765625,0.27293898925781246,30.36235294117647,-33746.564885496184,-2445.8015267175574,5221.374045801527
489668,0,0,0,4899166239,4880.968645,0.010005,356,16544,466,-2093,-1236,-85,190,0.21308394775390624,9.90241806640625,0.27892449340820313,30.374117647058824,-33966.41221374046,-2335.87786259542,5221.374045801527
489669,0,0,0,4899176244,4880.97865,0.010005,386,16520,508,-2090,-1237,-83,185,0.23104046020507812,9.888052856445311,0.30406361083984373,30.382941176470588,-33993.89312977099,-2280.916030534351,5083.9694656488555
489670,0,0,0,4899186250,4880.988656,0.010006,430,16552,426,-2090,-1231,-85,194,0.25737667846679685,9.907206469726562,0.2549824768066406,30.382941176470588,-33829.00763358779,-2335.87786259542,5331.297709923664
489671,0,0,0,4899196255,4880.998661,0.010005,358,16544,454,-2088,-1231,-88,185,0.21428104858398436,9.90241806640625,0.27174188842773433,30.388823529411766,-33829.00763358779,-2418.320610687023,5083.9694656488555
489672,0,0,0,4899206260,4881.008666,0.010005,356,16532,494,-2092,-1231,-84,184,0.21308394775390624,9.89523546142578,0.29568390502929687,30.377058823529413,-33829.00763358779,-2308.3969465648856,5056.488549618321
489673,0,0,0,4899216265,4881.018671,0.010005,368,16540,426,-2095,-1234,-82,179,0.22026655273437498,9.900023864746093,0.2549824768066406,30.368235294117646,-33911.45038167939,-2253.4351145038167,4919.083969465649
489674,0,0,0,4899226270,4881.028676,0.010005,368,16540,496,-2102,-1238,-87,181,0.22026655273437498,9.900023864746093,0.296881005859375,30.34764705882353,-34021.37404580153,-2390.8396946564885,4974.045801526718
489675,0,0,0,4899236275,4881.038681,0.010005,364,16552,478,-2095,-1235,-82,181,0.21787235107421873,9.907206469726562,0.2861070983886719,30.368235294117646,-33938.931297709925,-2253.4351145038167,4974.045801526718
489676,0,0,0,4899246281,4881.048687,0.010006,382,16542,412,-2091,-1233,-80,184,0.22864625854492185,9.90122096557617,0.24660277099609373,30.380000000000003,-33883.96946564886,-2198.4732824427483,5056.488549618321
489677,0,0,0,4899256286,4881.058692,0.010005,382,16540,398,-2094,-1228,-87,183,0.22864625854492185,9.900023864746093,0.23822306518554687,30.371176470588235,-33746.564885496184,-2390.8396946564885,5029.007633587787
489678,0,0,0,4899266291,4881.068697,0.010005,388,16540,490,-2092,-1230,-84,180,0.23223756103515625,9.900023864746093,0.2932897033691406,30.377058823529413,-33801.52671755725,-2308.3969465648856,4946.564885496184
489679,0,0,0,4899276296,4881.078702,0.010005,378,16552,496,-2094,-1226,-81,186,0.2262520568847656,9.907206469726562,0.296881005859375,30.371176470588235,-33691.603053435116,-2225.9541984732828,5111.4503816793895
489680,0,0,0,4899286301,4881.088707,0.010005,382,16532,466,-2086,-1240,-81,190,0.22864625854492185,9.89523546142578,0.27892449340820313,30.39470588235294,-34076.3358778626,-2225.9541984732828,5221.374045801527
489681,0,0,0,4899296307,4881.098713,0.010006,342,16546,476,-2092,-1233,-83,186,0.20470424194335937,9.903615167236328,0.28490999755859375,30.377058823529413,-33883.96946564886,-2280.916030534351,5111.4503816793895
489682,0,0,0,4899306312,4881.108718,0.010005,330,16540,442,-2091,-1229,-87,184,0.1975216369628906,9.900023864746093,0.2645592834472656,30.380000000000003,-33774.04580152672,-2390.8396946564885,5056.488549618321
489683,0,0,0,4899316317,4881.118723,0.010005,380,16576,508,-2091,-1229,-91,189,0.22744915771484372,9.9215716796875,0.30406361083984373,30.380000000000003,-33774.04580152672,-2500.7633587786263,5193.893129770992
489684,0,0,0,4899326322,4881.128728,0.010005,388,16528,498,-2094,-1233,-87,187,0.23223756103515625,9.892841259765625,0.2980781066894531,30.371176470588235,-33883.96946564886,-2390.8396946564885,5138.931297709924
489685,0,0,0,4899336327,4881.138733,0.010005,360,16554,520,-2084,-1234,-93,187,0.2154781494140625,9.90840357055664,0.3112462158203125,30.40058823529412,-33911.45038167939,-2555.7251908396947,5138.931297709924
489686,0,0,0,4899346333,4881.148739,0.010006,374,16578,472,-2088,-1234,-88,188,0.22385785522460935,9.922768780517577,0.2825157958984375,30.388823529411766,-33911.45038167939,-2418.320610687023,5166.412213740458
489687,0,0,0,4899356338,4881.158744,0.010005,384,16540,480,-2091,-1232,-86,184,0.229843359375,9.900023864746093,0.28730419921875,30.380000000000003,-33856.48854961832,-2363.3587786259545,5056.488549618321
489688,0,0,0,4899366343,4881.168749,0.010005,350,16564,472,-2090,-1235,-84,182,0.20949264526367187,9.91438907470703,0.2825157958984375,30.382941176470588,-33938.931297709925,-2308.3969465648856,5001.526717557253
489689,0,0,0,4899376348,4881.178754,0.010005,392,16546,450,-2094,-1233,-85,181,0.2346317626953125,9.903615167236328,0.2693476867675781,30.371176470588235,-33883.96946564886,-2335.87786259542,4974.045801526718
489690,0,0,0,4899386353,4881.188759,0.010005,374,16570,458,-2091,-1241,-87,188,0.22385785522460935,9.917980377197265,0.2741360900878906,30.380000000000003,-34103.81679389313,-2390.8396946564885,5166.412213740458
489691,0,0,0,4899396358,4881.198764,0.010005,424,16584,446,-2092,-1234,-87,194,0.2537853759765625,9.926360083007811,0.26695348510742184,30.377058823529413,-33911.45038167939,-2390.8396946564885,5331.297709923664
489692,0,0,0,4899406364,4881.20877,0.010006,358,16532,414,-2090,-1232,-86,186,0.21428104858398436,9.89523546142578,0.24779987182617186,30.382941176470588,-33856.48854961832,-2363.3587786259545,5111.4503816793895
489693,0,0,0,4899416369,4881.218775,0.010005,374,16550,524,-2094,-1241,-82,185,0.22385785522460935,9.906009368896484,0.3136404174804687,30.371176470588235,-34103.81679389313,-2253.4351145038167,5083.9694656488555
489694,0,0,0,4899426374,4881.22878,0.010005,330,16556,468,-2089,-1225,-85,185,0.1975216369628906,9.909600671386718,0.28012159423828126,30.385882352941177,-33664.122137404585,-2335.87786259542,5083.9694656488555
489695,0,0,0,4899436379,4881.238785,0.010005,354,16564,452,-2092,-1231,-80,191,0.21188684692382811,9.91438907470703,0.2705447875976562,30.377058823529413,-33829.00763358779,-2198.4732824427483,5248.854961832061
489696,0,0,0,4899446384,4881.24879,0.010005,344,16554,472,-2093,-1234,-85,183,0.2059013427734375,9.90840357055664,0.2825157958984375,30.374117647058824,-33911.45038167939,-2335.87786259542,5029.007633587787
489697,0,0,0,4899456390,4881.258796,0.010006,384,16524,516,-2091,-1237,-87,183,0.229843359375,9.890447058105469,0.30885201416015623,30.380000000000003,-33993.89312977099,-2390.8396946564885,5029.007633587787
489698,0,0,0,4899466395,4881.268801,0.010005,370,16540,410,-2088,-1233,-82,196,0.2214636535644531,9.900023864746093,0.2454056701660156,30.388823529411766,-33883.96946564886,-2253.4351145038167,5386.259541984733
489699,0,0,0,4899476400,4881.278806,0.010005,372,16564,408,-2095,-1235,-89,187,0.22266075439453123,9.91438907470703,0.2442085693359375,30.368235294117646,-33938.931297709925,-2445.8015267175574,5138.931297709924
489700,0,0,0,4899486405,4881.288811,0.010005,350,16548,452,-2093,-1233,-77,185,0.20949264526367187,9.904812268066406,0.2705447875976562,30.374117647058824,-33883.96946564886,-2116.030534351145,5083.9694656488555
489701,0,0,0,4899496410,4881.298816,0.010005,362,16520,396,-2093,-1232,-78,188,0.2166752502441406,9.888052856445311,0.23702596435546874,30.374117647058824,-33856.48854961832,-2143.5114503816794,5166.412213740458
489702,0,0,0,4899506416,4881.308822,0.010006,340,16506,470,-2093,-1231,-83,179,0.20350714111328125,9.879673150634765,0.2813186950683594,30.374117647058824,-33829.00763358779,-2280.916030534351,4919.083969465649
489703,0,0,0,4899516421,4881.318827,0.010005,356,16528,502,-2093,-1228,-90,184,0.21308394775390624,9.892841259765625,0.30047230834960936,30.374117647058824,-33746.564885496184,-2473.282442748092,5056.488549618321
489704,0,0,0,4899526426,4881.328832,0.010005,358,16552,526,-2095,-1233,-89,193,0.21428104858398436,9.907206469726562,0.31483751831054685,30.368235294117646,-33883.96946564886,-2445.8015267175574,5303.81679389313
489705,0,0,0,4899536431,4881.338837,0.010005,358,16548,466,-2094,-1233,-87,177,0.21428104858398436,9.904812268066406,0.27892449340820313,30.371176470588235,-33883.96946564886,-2390.8396946564885,4864.122137404581
489706,0,0,0,4899546436,4881.348842,0.010005,358,16546,470,-2097,-1233,-85,184,0.21428104858398436,9.903615167236328,0.2813186950683594,30.36235294117647,-33883.96946564886,-2335.87786259542,5056.488549618321
489707,0,0,0,4899556442,4881.358848,0.010006,356,16544,484,-2093,-1231,-88,194,0.21308394775390624,9.90241806640625,0.28969840087890625,30.374117647058824,-33829.00763358779,-2418.320610687023,5331.297709923664
489708,0,0,0,4899566447,4881.368853,0.010005,378,16506,480,-2092,-1229,-85,190,0.2262520568847656,9.879673150634765,0.28730419921875,30.377058823529413,-33774.04580152672,-2335.87786259542,5221.374045801527
489709,0,0,0,4899576452,4881.378858,0.010005,360,16542,454,-2099,-1232,-82,189,0.2154781494140625,9.90122096557617,0.27174188842773433,30.356470588235297,-33856.48854961832,-2253.4351145038167,5193.893129770992
489710,0,0,0,4899586457,4881.388863,0.010005,358,16548,488,-2092,-1236,-80,189,0.21428104858398436,9.904812268066406,0.2920926025390625,30.377058823529413,-33966.41221374046,-2198.4732824427483,5193.893129770992
489711,0,0,0,4899596462,4881.398868,0.010005,386,16524,488,-2095,-1232,-84,187,0.23104046020507812,9.890447058105469,0.2920926025390625,30.368235294117646,-33856.48854961832,-2308.3969465648856,5138.931297709924
489712,0,0,0,4899606467,4881.408873,0.010005,394,16598,436,-2095,-1232,-87,187,0.23582886352539062,9.934739788818359,0.2609679809570312,30.368235294117646,-33856.48854961832,-2390.8396946564885,5138.931297709924
489713,0,0,0,4899616473,4881.418879,0.010006,376,16554,490,-2095,-1233,-87,184,0.22505495605468748,9.90840357055664,0.2932897033691406,30.368235294117646,-33883.96946564886,-2390.8396946564885,5056.488549618321
489714,0,0,0,4899626478,4881.428884,0.010005,402,16546,498,-2090,-1231,-84,187,0.24061726684570311,9.903615167236328,0.2980781066894531,30.382941176470588,-33829.00763358779,-2308.3969465648856,5138.931297709924
489715,0,0,0,4899636483,4881.438889,0.010005,368,16526,490,-2090,-1230,-90,188,0.22026655273437498,9.891644158935547,0.2932897033691406,30.382941176470588,-33801.52671755725,-2473.282442748092,5166.412213740458
489716,0,0,0,4899646488,4881.448894,0.010005,356,16528,450,-2091,-1229,-80,187,0.21308394775390624,9.892841259765625,0.2693476867675781,30.380000000000003,-33774.04580152672,-2198.4732824427483,5138.931297709924
489717,0,0,0,4899656493,4881.458899,0.010005,386,16594,490,-2097,-1227,-86,189,0.23104046020507812,9.932345587158203,0.2932897033691406,30.36235294117647,-33719.08396946565,-2363.3587786259545,5193.893129770992
489718,0,0,0,4899666499,4881.468905,0.010006,368,16586,506,-2094,-1228,-87,187,0.22026655273437498,9.92755718383789,0.3028665100097656,30.371176470588235,-33746.564885496184,-2390.8396946564885,5138.931297709924
489719,0,0,0,4899676504,4881.47891,0.010005,384,16532,498,-2094,-1231,-93,186,0.229843359375,9.89523546142578,0.2980781066894531,30.371176470588235,-33829.00763358779,-2555.7251908396947,5111.4503816793895
489720,0,0,0,4899686509,4881.488915,0.010005,326,16570,432,-2090,-1230,-89,188,0.19512743530273435,9.917980377197265,0.258573779296875,30.382941176470588,-33801.52671755725,-2445.8015267175574,5166.412213740458
489721,0,0,0,4899696514,4881.49892,0.010005,358,16528,450,-2091,-1237,-87,186,0.21428104858398436,9.892841259765625,0.2693476867675781,30.380000000000003,-33993.89312977099,-2390.8396946564885,5111.4503816793895
489722,0,0,0,4899706519,4881.508925,0.010005,396,16582,482,-2091,-1232,-90,181,0.23702596435546874,9.925162982177733,0.2885013000488281,30.380000000000003,-33856.48854961832,-2473.282442748092,4974.045801526718
489723,0,0,0,4899716525,4881.518931,0.010006,324,16532,584,-2092,-1234,-89,184,0.19393033447265623,9.89523546142578,0.3495534423828125,30.377058823529413,-33911.45038167939,-2445.8015267175574,5056.488549618321
489724,0,0,0,4899726530,4881.528936,0.010005,384,16552,492,-2093,-1235,-87,182,0.229843359375,9.907206469726562,0.29448680419921874,30.374117647058824,-33938.931297709925,-2390.8396946564885,5001.526717557253
489725,0,0,0,4899736535,4881.538941,0.010005,368,16524,440,-2092,-1229,-86,184,0.22026655273437498,9.890447058105469,0.26336218261718747,30.377058823529413,-33774.04580152672,-2363.3587786259545,5056.488549618321
489726,0,0,0,4899746540,4881.548946,0.010005,350,16566,466,-2091,-1236,-89,183,0.20949264526367187,9.91558617553711,0.27892449340820313,30.380000000000003,-33966.41221374046,-2445.8015267175574,5029.007633587787
489727,0,0,0,4899756545,4881.558951,0.010005,384,16582,488,-2092,-1227,-86,185,0.229843359375,9.925162982177733,0.2920926025390625,30.377058823529413,-33719.08396946565,-2363.3587786259545,5083.9694656488555
489728,0,0,0,4899766550,4881.568956,0.010005,342,16536,464,-2094,-1233,-91,185,0.20470424194335937,9.897629663085937,0.277727392578125,30.371176470588235,-33883.96946564886,-2500.7633587786263,5083.9694656488555
489729,0,0,0,4899776556,4881.578962,0.010006,346,16518,480,-2090,-1230,-86,181,0.20709844360351562,9.886855755615233,0.28730419921875,30.382941176470588,-33801.52671755725,-2363.3587786259545,4974.045801526718
489730,0,0,0,4899786561,4881.588967,0.010005,344,16544,476,-2094,-1226,-91,183,0.2059013427734375,9.90241806640625,0.28490999755859375,30.371176470588235,-33691.603053435116,-2500.7633587786263,5029.007633587787
489731,0,0,0,4899796566,4881.598972,0.010005,368,16574,496,-2093,-1235,-81,182,0.22026655273437498,9.920374578857421,0.296881005859375,30.374117647058824,-33938.931297709925,-2225.9541984732828,5001.526717557253
489732,0,0,0,4899806571,4881.608977,0.010005,388,16564,460,-2089,-1232,-86,181,0.23223756103515625,9.91438907470703,0.2753331909179687,30.385882352941177,-33856.48854961832,-2363.3587786259545,4974.045801526718
489733,0,0,0,4899816576,4881.618982,0.010005,380,16574,472,-2088,-1240,-84,188,0.22744915771484372,9.920374578857421,0.2825157958984375,30.388823529411766,-34076.3358778626,-2308.3969465648856,5166.412213740458
489734,0,0,0,4899826582,4881.628988,0.010006,402,16544,516,-2090,-1232,-87,187,0.24061726684570311,9.90241806640625,0.30885201416015623,30.382941176470588,-33856.48854961832,-2390.8396946564885,5138.931297709924
489735,0,0,0,4899836587,4881.638993,0.010005,360,16574,462,-2091,-1235,-81,188,0.2154781494140625,9.920374578857421,0.2765302917480469,30.380000000000003,-33938.931297709925,-2225.9541984732828,5166.412213740458
489736,0,0,0,4899846592,4881.648998,0.010005,354,16594,518,-2092,-1233,-80,188,0.21188684692382811,9.932345587158203,0.31004911499023435,30.377058823529413,-33883.96946564886,-2198.4732824427483,5166.412213740458
489737,0,0,0,4899856597,4881.659003,0.010005,372,16540,434,-2096,-1231,-80,187,0.22266075439453123,9.900023864746093,0.2597708801269531,30.36529411764706,-33829.00763358779,-2198.4732824427483,5138.931297709924
489738,0,0,0,4899866602,4881.669008,0.010005,336,16562,500,-2094,-1233,-85,185,0.201112939453125,9.913191973876952,0.29927520751953124,30.371176470588235,-33883.96946564886,-2335.87786259542,5083.9694656488555
489739,0,0,0,4899876608,4881.679014,0.010006,366,16566,422,-2095,-1229,-79,183,0.21906945190429686,9.91558617553711,0.25258827514648435,30.368235294117646,-33774.04580152672,-2170.992366412214,5029.007633587787
489740,0,0,0,4899886613,4881.689019,0.010005,358,16508,520,-2097,-1232,-85,182,0.21428104858398436,9.880870251464843,0.3112462158203125,30.36235294117647,-33856.48854961832,-2335.87786259542,5001.526717557253
489741,0,0,0,4899896618,4881.699024,0.010005,338,16572,488,-2093,-1236,-80,192,0.20231004028320312,9.919177478027343,0.2920926025390625,30.374117647058824,-33966.41221374046,-2198.4732824427483,5276.335877862595
489742,0,0,0,4899906623,4881.709029,0.010005,338,16536,506,-2094,-1230,-84,185,0.20231004028320312,9.897629663085937,0.3028665100097656,30.371176470588235,-33801.52671755725,-2308.3969465648856,5083.9694656488555
489743,0,0,0,4899916628,4881.719034,0.010005,360,16538,428,-2092,-1233,-83,179,0.2154781494140625,9.898826763916015,0.2561795776367187,30.377058823529413,-33883.96946564886,-2280.916030534351,4919.083969465649
489744,0,0,0,4899926633,4881.729039,0.010005,350,16518,454,-2096,-1231,-83,189,0.20949264526367187,9.886855755615233,0.27174188842773433,30.36529411764706,-33829.00763358779,-2280.916030534351,5193.893129770992
489745,0,0,0,4899936639,4881.739045,0.010006,346,16524,460,-2098,-1225,-85,180,0.20709844360351562,9.890447058105469,0.2753331909179687,30.359411764705882,-33664.122137404585,-2335.87786259542,4946.564885496184
489746,0,0,0,4899946644,4881.74905,0.010005,370,16518,470,-2089,-1227,-85,183,0.2214636535644531,9.886855755615233,0.2813186950683594,30.385882352941177,-33719.08396946565,-2335.87786259542,5029.007633587787
489747,0,0,0,4899956649,4881.759055,0.010005,354,16516,504,-2090,-1234,-86,191,0.21188684692382811,9.885658654785155,0.3016694091796875,30.382941176470588,-33911.45038167939,-2363.3587786259545,5248.854961832061
489748,0,0,0,4899966654,4881.76906,0.010005,346,16572,464,-2090,-1227,-92,196,0.20709844360351562,9.919177478027343,0.277727392578125,30.382941176470588,-33719.08396946565,-2528.2442748091603,5386.259541984733
489749,0,0,0,4899976659,4881.779065,0.010005,334,16524,466,-2089,-1229,-87,194,0.19991583862304688,9.890447058105469,0.27892449340820313,30.385882352941177,-33774.04580152672,-2390.8396946564885,5331.297709923664
489750,0,0,0,4899986665,4881.789071,0.010006,352,16568,476,-2091,-1233,-91,183,0.21068974609375,9.916783276367187,0.28490999755859375,30.380000000000003,-33883.96946564886,-2500.7633587786263,5029.007633587787
489751,0,0,0,4899996670,4881.799076,0.010005,354,16558,448,-2096,-1232,-86,183,0.21188684692382811,9.910797772216796,0.26815058593749996,30.36529411764706,-33856.48854961832,-2363.3587786259545,5029.007633587787
489752,0,0,0,4900006675,4881.809081,0.010005,376,16568,512,-2094,-1225,-92,192,0.22505495605468748,9.916783276367187,0.3064578125,30.371176470588235,-33664.122137404585,-2528.2442748091603,5276.335877862595
489753,0,0,0,4900016680,4881.819086,0.010005,384,16550,500,-2092,-1232,-84,195,0.229843359375,9.906009368896484,0.29927520751953124,30.377058823529413,-33856.48854961832,-2308.3969465648856,5358.778625954199
489754,0,0,0,4900026685,4881.829091,0.010005,382,16550,462,-2091,-1237,-87,184,0.22864625854492185,9.906009368896484,0.2765302917480469,30.380000000000003,-33993.89312977099,-2390.8396946564885,5056.488549618321
489755,0,0,0,4900036691,4881.839097,0.010006,388,16512,456,-2093,-1232,-89,186,0.23223756103515625,9.883264453125,0.27293898925781246,30.374117647058824,-33856.48854961832,-2445.8015267175574,5111.4503816793895
489756,0,0,0,4900046696,4881.849102,0.010005,376,16548,476,-2087,-1233,-92,193,0.22505495605468748,9.904812268066406,0.28490999755859375,30.391764705882352,-33883.96946564886,-2528.2442748091603,5303.81679389313
489757,0,0,0,4900056701,4881.859107,0.010005,392,16518,542,-2089,-1235,-87,190,0.2346317626953125,9.886855755615233,0.32441432495117184,30.385882352941177,-33938.931297709925,-2390.8396946564885,5221.374045801527
489758,0,0,0,4900066706,4881.869112,0.010005,340,16556,538,-2094,-1235,-82,189,0.20350714111328125,9.909600671386718,0.3220201232910156,30.371176470588235,-33938.931297709925,-2253.4351145038167,5193.893129770992
489759,0,0,0,4900076711,4881.879117,0.010005,360,16518,536,-2093,-1234,-81,192,0.2154781494140625,9.886855755615233,0.32082302246093747,30.374117647058824,-33911.45038167939,-2225.9541984732828,5276.335877862595
489760,0,0,0,4900086717,4881.889123,0.010006,394,16532,426,-2093,-1235,-79,182,0.23582886352539062,9.89523546142578,0.2549824768066406,30.374117647058824,-33938.931297709925,-2170.992366412214,5001.526717557253
489761,0,0,0,4900096722,4881.899128,0.010005,390,16570,486,-2096,-1225,-76,189,0.23343466186523437,9.917980377197265,0.29089550170898437,30.36529411764706,-33664.122137404585,-2088.549618320611,5193.893129770992
489762,0,0,0,4900106727,4881.909133,0.010005,360,16528,482,-2092,-1230,-82,189,0.2154781494140625,9.892841259765625,0.2885013000488281,30.377058823529413,-33801.52671755725,-2253.4351145038167,5193.893129770992
489763,0,0,0,4900116732,4881.919138,0.010005,392,16556,432,-2092,-1231,-84,184,0.2346317626953125,9.909600671386718,0.258573779296875,30.377058823529413,-33829.00763358779,-2308.3969465648856,5056.488549618321
489764,0,0,0,4900126737,4881.929143,0.010005,404,16564,420,-2091,-1228,-88,184,0.24181436767578124,9.91438907470703,0.25139117431640623,30.380000000000003,-33746.564885496184,-2418.320610687023,5056.488549618321
489765,0,0,0,4900136742,4881.939148,0.010005,408,16530,450,-2093,-1230,-85,190,0.2442085693359375,9.894038360595703,0.2693476867675781,30.374117647058824,-33801.52671755725,-2335.87786259542,5221.374045801527
489766,0,0,0,4900146748,4881.949154,0.010006,378,16512,444,-2091,-1232,-82,188,0.2262520568847656,9.883264453125,0.2657563842773437,30.380000000000003,-33856.48854961832,-2253.4351145038167,5166.412213740458
489767,0,0,0,4900156753,4881.959159,0.010005,386,16548,498,-2093,-1225,-86,181,0.23104046020507812,9.904812268066406,0.2980781066894531,30.374117647058824,-33664.122137404585,-2363.3587786259545,4974.045801526718
489768,0,0,0,4900166758,4881.969164,0.010005,358,16542,506,-2095,-1234,-78,185,0.21428104858398436,9.90122096557617,0.3028665100097656,30.368235294117646,-33911.45038167939,-2143.5114503816794,5083.9694656488555
489769,0,0,0,4900176763,4881.979169,0.010005,322,16570,484,-2089,-1232,-83,180,0.1927332336425781,9.917980377197265,0.28969840087890625,30.385882352941177,-33856.48854961832,-2280.916030534351,4946.564885496184
489770,0,0,0,4900186768,4881.989174,0.010005,366,16564,446,-2088,-1232,-88,189,0.21906945190429686,9.91438907470703,0.26695348510742184,30.388823529411766,-33856.48854961832,-2418.320610687023,5193.893129770992
489771,0,0,0,4900196774,4881.99918,0.010006,394,16540,524,-2091,-1233,-82,182,0.23582886352539062,9.900023864746093,0.3136404174804687,30.380000000000003,-33883.96946564886,-2253.4351145038167,5001.526717557253
489772,0,0,0,4900206779,4882.009185,0.010005,396,16518,438,-2088,-1235,-86,182,0.23702596435546874,9.886855755615233,0.26216508178710934,30.388823529411766,-33938.931297709925,-2363.3587786259545,5001.526717557253
489773,0,0,0,4900216784,4882.01919,0.010005,382,16586,458,-2091,-1233,-88,183,0.22864625854492185,9.92755718383789,0.2741360900878906,30.380000000000003,-33883.96946564886,-2418.320610687023,5029.007633587787
489774,0,0,0,4900226789,4882.029195,0.010005,384,16552,414,-2090,-1233,-87,185,0.229843359375,9.907206469726562,0.24779987182617186,30.382941176470588,-33883.96946564886,-2390.8396946564885,5083.9694656488555
489775,0,0,0,4900236794,4882.0392,0.010005,374,16528,532,-2090,-1226,-89,189,0.22385785522460935,9.892841259765625,0.3184288208007812,30.382941176470588,-33691.603053435116,-2445.8015267175574,5193.893129770992
489776,0,0,0,4900246800,4882.049206,0.010006,352,16532,480,-2091,-1234,-90,193,0.21068974609375,9.89523546142578,0.28730419921875,30.380000000000003,-33911.45038167939,-2473.282442748092,5303.81679389313
489777,0,0,0,4900256805,4882.059211,0.010005,346,16518,448,-2094,-1225,-84,188,0.20709844360351562,9.886855755615233,0.26815058593749996,30.371176470588235,-33664.122137404585,-2308.3969465648856,5166.412213740458
489778,0,0,0,4900266810,4882.069216,0.010005,356,16586,412,-2098,-1221,-80,183,0.21308394775390624,9.92755718383789,0.24660277099609373,30.359411764705882,-33554.19847328244,-2198.4732824427483,5029.007633587787
489779,0,0,0,4900276815,4882.079221,0.010005,392,16540,438,-2101,-1232,-84,180,0.2346317626953125,9.900023864746093,0.26216508178710934,30.35058823529412,-33856.48854961832,-2308.3969465648856,4946.564885496184
489780,0,0,0,4900286820,4882.089226,0.010005,332,16534,438,-2102,-1230,-86,185,0.19871873779296872,9.896432562255859,0.26216508178710934,30.34764705882353,-33801.52671755725,-2363.3587786259545,5083.9694656488555
489781,0,0,0,4900296825,4882.099231,0.010005,354,16544,424,-2091,-1233,-84,175,0.21188684692382811,9.90241806640625,0.2537853759765625,30.380000000000003,-33883.96946564886,-2308.3969465648856,4809.160305343512
489782,0,0,0,4900306831,4882.109237,0.010006,382,16514,518,-2093,-1226,-84,175,0.22864625854492185,9.884461553955077,0.31004911499023435,30.374117647058824,-33691.603053435116,-2308.3969465648856,4809.160305343512
489783,0,0,0,4900316836,4882.119242,0.010005,330,16530,460,-2090,-1224,-86,187,0.1975216369628906,9.894038360595703,0.2753331909179687,30.382941176470588,-33636.64122137405,-2363.3587786259545,5138.931297709924
489784,0,0,0,4900326841,4882.129247,0.010005,374,16578,486,-2090,-1231,-80,187,0.22385785522460935,9.922768780517577,0.29089550170898437,30.382941176470588,-33829.00763358779,-2198.4732824427483,5138.931297709924
489785,0,0,0,4900336846,4882.139252,0.010005,382,16548,414,-2093,-1230,-85,183,0.22864625854492185,9.904812268066406,0.24779987182617186,30.374117647058824,-33801.52671755725,-2335.87786259542,5029.007633587787
489786,0,0,0,4900346851,4882.149257,0.010005,364,16528,410,-2088,-1229,-86,182,0.21787235107421873,9.892841259765625,0.2454056701660156,30.388823529411766,-33774.04580152672,-2363.3587786259545,5001.526717557253
489787,0,0,0,4900356857,4882.159263,0.010006,356,16566,394,-2090,-1235,-85,187,0.21308394775390624,9.91558617553711,0.23582886352539062,30.382941176470588,-33938.931297709925,-2335.87786259542,5138.931297709924
489788,0,0,0,4900366862,4882.169268,0.010005,344,16550,408,-2092,-1232,-81,185,0.2059013427734375,9.906009368896484,0.2442085693359375,30.377058823529413,-33856.48854961832,-2225.9541984732828,5083.9694656488555
489789,0,0,0,4900376867,4882.179273,0.010005,356,16532,406,-2094,-1235,-82,184,0.21308394775390624,9.89523546142578,0.24301146850585936,30.371176470588235,-33938.931297709925,-2253.4351145038167,5056.488549618321
489790,0,0,0,4900386872,4882.189278,0.010005,372,16556,436,-2088,-1234,-82,187,0.22266075439453123,9.909600671386718,0.2609679809570312,30.388823529411766,-33911.45038167939,-2253.4351145038167,5138.931297709924
489791,0,0,0,4900396877,4882.199283,0.010005,358,16526,472,-2092,-1233,-79,192,0.21428104858398436,9.891644158935547,0.2825157958984375,30.377058823529413,-33883.96946564886,-2170.992366412214,5276.335877862595
489792,0,0,0,4900406883,4882.209289,0.010006,390,16548,484,-2090,-1234,-83,188,0.23343466186523437,9.904812268066406,0.28969840087890625,30.382941176470588,-33911.45038167939,-2280.916030534351,5166.412213740458
489793,0,0,0,4900416888,4882.219294,0.010005,418,16544,488,-2094,-1231,-80,194,0.2501940734863281,9.90241806640625,0.2920926025390625,30.371176470588235,-33829.00763358779,-2198.4732824427483,5331.297709923664
489794,0,0,0,4900426893,4882.229299,0.010005,352,16560,494,-2094,-1234,-82,185,0.21068974609375,9.911994873046874,0.29568390502929687,30.371176470588235,-33911.45038167939,-2253.4351145038167,5083.9694656488555
489795,0,0,0,4900436898,4882.239304,0.010005,374,16524,428,-2090,-1231,-88,180,0.22385785522460935,9.890447058105469,0.2561795776367187,30.382941176470588,-33829.00763358779,-2418.320610687023,4946.564885496184
489796,0,0,0,4900446903,4882.249309,0.010005,342,16552,458,-2091,-1238,-86,192,0.20470424194335937,9.907206469726562,0.2741360900878906,30.380000000000003,-34021.37404580153,-2363.3587786259545,5276.335877862595
489797,0,0,0,4900456908,4882.259314,0.010005,396,16544,456,-2089,-1235,-90,186,0.23702596435546874,9.90241806640625,0.27293898925781246,30.385882352941177,-33938.931297709925,-2473.282442748092,5111.4503816793895
489798,0,0,0,4900466914,4882.26932,0.010006,324,16552,400,-2094,-1236,-84,190,0.19393033447265623,9.907206469726562,0.239420166015625,30.371176470588235,-33966.41221374046,-2308.3969465648856,5221.374045801527
489799,0,0,0,4900476919,4882.279325,0.010005,390,16544,494,-2097,-1231,-89,182,0.23343466186523437,9.90241806640625,0.29568390502929687,30.36235294117647,-33829.00763358779,-2445.8015267175574,5001.526717557253
489800,0,0,0,4900486924,4882.28933,0.010005,386,16560,498,-2090,-1232,-88,182,0.23104046020507812,9.911994873046874,0.2980781066894531,30.382941176470588,-33856.48854961832,-2418.320610687023,5001.526717557253
489801,0,0,0,4900496929,4882.299335,0.010005,390,16528,482,-2091,-1234,-87,194,0.23343466186523437,9.892841259765625,0.2885013000488281,30.380000000000003,-33911.45038167939,-2390.8396946564885,5331.297709923664
489802,0,0,0,4900506934,4882.30934,0.010005,386,16544,444,-2089,-1232,-87,188,0.23104046020507812,9.90241806640625,0.2657563842773437,30.385882352941177,-33856.48854961832,-2390.8396946564885,5166.412213740458
489803,0,0,0,4900516940,4882.319346,0.010006,390,16518,428,-2094,-1239,-78,187,0.23343466186523437,9.886855755615233,0.2561795776367187,30.371176470588235,-34048.85496183206,-2143.5114503816794,5138.931297709924
489804,0,0,0,4900526945,4882.329351,0.010005,358,16488,448,-2094,-1238,-77,187,0.21428104858398436,9.868899243164062,0.26815058593749996,30.371176470588235,-34021.37404580153,-2116.030534351145,5138.931297709924
489805,0,0,0,4900536950,4882.339356,0.010005,362,16570,384,-2085,-1229,-79,184,0.2166752502441406,9.917980377197265,0.229843359375,30.39764705882353,-33774.04580152672,-2170.992366412214,5056.488549618321
489806,0,0,0,4900546955,4882.349361,0.010005,386,16574,470,-2089,-1227,-86,186,0.23104046020507812,9.920374578857421,0.2813186950683594,30.385882352941177,-33719.08396946565,-2363.3587786259545,5111.4503816793895
489807,0,0,0,4900556960,4882.359366,0.010005,396,16572,526,-2093,-1231,-88,183,0.23702596435546874,9.919177478027343,0.31483751831054685,30.374117647058824,-33829.00763358779,-2418.320610687023,5029.007633587787
489808,0,0,0,4900566966,4882.369372,0.010006,406,16554,492,-2091,-1230,-82,189,0.24301146850585936,9.90840357055664,0.29448680419921874,30.380000000000003,-33801.52671755725,-2253.4351145038167,5193.893129770992
489809,0,0,0,4900576971,4882.379377,0.010005,350,16526,498,-2088,-1229,-79,184,0.20949264526367187,9.891644158935547,0.2980781066894531,30.388823529411766,-33774.04580152672,-2170.992366412214,5056.488549618321
489810,0,0,0,4900586976,4882.389382,0.010005,380,16564,490,-2091,-1226,-84,185,0.22744915771484372,9.91438907470703,0.2932897033691406,30.380000000000003,-33691.603053435116,-2308.3969465648856,5083.9694656488555
489811,0,0,0,4900596981,4882.399387,0.010005,368,16552,512,-2092,-1226,-81,183,0.22026655273437498,9.907206469726562,0.3064578125,30.377058823529413,-33691.603053435116,-2225.9541984732828,5029.007633587787
489812,0,0,0,4900606986,4882.409392,0.010005,376,16522,486,-2089,-1232,-81,185,0.22505495605468748,9.889249957275391,0.29089550170898437,30.385882352941177,-33856.48854961832,-2225.9541984732828,5083.9694656488555
489813,0,0,0,4900616992,4882.419398,0.010006,372,16580,438,-2091,-1231,-90,185,0.22266075439453123,9.923965881347655,0.26216508178710934,30.380000000000003,-33829.00763358779,-2473.282442748092,5083.9694656488555
489814,0,0,0,4900626997,4882.429403,0.010005,394,16596,440,-2094,-1227,-89,186,0.23582886352539062,9.93354268798828,0.26336218261718747,30.371176470588235,-33719.08396946565,-2445.8015267175574,5111.4503816793895
489815,0,0,0,4900637002,4882.439408,0.010005,384,16554,402,-2093,-1231,-80,187,0.229843359375,9.90840357055664,0.24061726684570311,30.374117647058824,-33829.00763358779,-2198.4732824427483,5138.931297709924
489816,0,0,0,4900647007,4882.449413,0.010005,422,16552,464,-2092,-1232,-81,185,0.25258827514648435,9.907206469726562,0.277727392578125,30.377058823529413,-33856.48854961832,-2225.9541984732828,5083.9694656488555
489817,0,0,0,4900657012,4882.459418,0.010005,368,16480,446,-2093,-1235,-83,184,0.22026655273437498,9.86411083984375,0.26695348510742184,30.374117647058824,-33938.931297709925,-2280.916030534351,5056.488549618321
489818,0,0,0,4900667017,4882.469423,0.010005,386,16502,466,-2088,-1233,-86,192,0.23104046020507812,9.87727894897461,0.27892449340820313,30.388823529411766,-33883.96946564886,-2363.3587786259545,5276.335877862595
489819,0,0,0,4900677023,4882.479429,0.010006,428,16584,510,-2090,-1231,-86,190,0.2561795776367187,9.926360083007811,0.30526071166992186,30.382941176470588,-33829.00763358779,-2363.3587786259545,5221.374045801527
489820,0,0,0,4900687028,4882.489434,0.010005,360,16568,464,-2088,-1227,-90,187,0.2154781494140625,9.916783276367187,0.277727392578125,30.388823529411766,-33719.08396946565,-2473.282442748092,5138.931297709924
489821,0,0,0,4900697033,4882.499439,0.010005,356,16514,408,-2092,-1232,-88,184,0.21308394775390624,9.884461553955077,0.2442085693359375,30.377058823529413,-33856.48854961832,-2418.320610687023,5056.488549618321
489822,0,0,0,4900707038,4882.509444,0.010005,394,16550,422,-2092,-1229,-88,187,0.23582886352539062,9.906009368896484,0.25258827514648435,30.377058823529413,-33774.04580152672,-2418.320610687023,5138.931297709924
489823,0,0,0,4900717043,4882.519449,0.010005,382,16572,436,-2091,-1227,-93,184,0.22864625854492185,9.919177478027343,0.2609679809570312,30.380000000000003,-33719.08396946565,-2555.7251908396947,5056.488549618321
489824,0,0,0,4900727049,4882.529455,0.010006,356,16544,438,-2092,-1232,-91,187,0.21308394775390624,9.90241806640625,0.26216508178710934,30.377058823529413,-33856.48854961832,-2500.7633587786263,5138.931297709924
489825,0,0,0,4900737054,4882.53946,0.010005,356,16560,452,-2088,-1233,-89,190,0.21308394775390624,9.911994873046874,0.2705447875976562,30.388823529411766,-33883.96946564886,-2445.8015267175574,5221.374045801527
489826,0,0,0,4900747059,4882.549465,0.010005,360,16498,500,-2086,-1235,-82,185,0.2154781494140625,9.874884747314452,0.29927520751953124,30.39470588235294,-33938.931297709925,-2253.4351145038167,5083.9694656488555
489827,0,0,0,4900757064,4882.55947,0.010005,378,16522,460,-2082,-1236,-85,183,0.2262520568847656,9.889249957275391,0.2753331909179687,30.406470588235294,-33966.41221374046,-2335.87786259542,5029.007633587787
489828,0,0,0,4900767069,4882.569475,0.010005,408,16508,492,-2089,-1230,-86,186,0.2442085693359375,9.880870251464843,0.29448680419921874,30.385882352941177,-33801.52671755725,-2363.3587786259545,5111.4503816793895
489829,0,0,0,4900777075,4882.579481,0.010006,374,16580,510,-2091,-1231,-94,181,0.22385785522460935,9.923965881347655,0.30526071166992186,30.380000000000003,-33829.00763358779,-2583.206106870229,4974.045801526718
489830,0,0,0,4900787080,4882.589486,0.010005,370,16534,480,-2089,-1228,-84,189,0.2214636535644531,9.896432562255859,0.28730419921875,30.385882352941177,-33746.564885496184,-2308.3969465648856,5193.893129770992
489831,0,0,0,4900797085,4882.599491,0.010005,352,16482,514,-2090,-1228,-78,195,0.21068974609375,9.865307940673828,0.3076549133300781,30.382941176470588,-33746.564885496184,-2143.5114503816794,5358.778625954199
489832,0,0,0,4900807090,4882.609496,0.010005,366,16492,506,-2088,-1236,-87,192,0.21906945190429686,9.871293444824218,0.3028665100097656,30.388823529411766,-33966.41221374046,-2390.8396946564885,5276.335877862595
489833,0,0,0,4900817095,4882.619501,0.010005,408,16514,506,-2092,-1229,-90,189,0.2442085693359375,9.884461553955077,0.3028665100097656,30.377058823529413,-33774.04580152672,-2473.282442748092,5193.893129770992
489834,0,0,0,4900827101,4882.629507,0.010006,352,16502,490,-2088,-1237,-89,185,0.21068974609375,9.87727894897461,0.2932897033691406,30.388823529411766,-33993.89312977099,-2445.8015267175574,5083.9694656488555
489835,0,0,0,4900837106,4882.639512,0.010005,408,16502,458,-2092,-1234,-84,191,0.2442085693359375,9.87727894897461,0.2741360900878906,30.377058823529413,-33911.45038167939,-2308.3969465648856,5248.854961832061
489836,0,0,0,4900847111,4882.649517,0.010005,326,16540,510,-2095,-1234,-79,179,0.19512743530273435,9.900023864746093,0.30526071166992186,30.368235294117646,-33911.45038167939,-2170.992366412214,4919.083969465649
489837,0,0,0,4900857116,4882.659522,0.010005,382,16536,484,-2089,-1235,-80,184,0.22864625854492185,9.897629663085937,0.28969840087890625,30.385882352941177,-33938.931297709925,-2198.4732824427483,5056.488549618321
489838,0,0,0,4900867121,4882.669527,0.010005,382,16560,470,-2088,-1235,-90,198,0.22864625854492185,9.911994873046874,0.2813186950683594,30.388823529411766,-33938.931297709925,-2473.282442748092,5441.221374045802
489839,0,0,0,4900877126,4882.679532,0.010005,380,16578,488,-2082,-1231,-93,185,0.22744915771484372,9.922768780517577,0.2920926025390625,30.406470588235294,-33829.00763358779,-2555.7251908396947,5083.9694656488555
489840,0,0,0,4900887132,4882.689538,0.010006,396,16580,490,-2081,-1237,-81,189,0.23702596435546874,9.923965881347655,0.2932897033691406,30.409411764705883,-33993.89312977099,-2225.9541984732828,5193.893129770992
489841,0,0,0,4900897137,4882.699543,0.010005,408,16538,462,-2083,-1239,-80,187,0.2442085693359375,9.898826763916015,0.2765302917480469,30.40352941176471,-34048.85496183206,-2198.4732824427483,5138.931297709924
489842,0,0,0,4900907142,4882.709548,0.010005,364,16580,428,-2088,-1232,-85,194,0.21787235107421873,9.923965881347655,0.2561795776367187,30.388823529411766,-33856.48854961832,-2335.87786259542,5331.297709923664
489843,0,0,0,4900917147,4882.719553,0.010005,360,16524,500,-2090,-1230,-87,196,0.2154781494140625,9.890447058105469,0.29927520751953124,30.382941176470588,-33801.52671755725,-2390.8396946564885,5386.259541984733
489844,0,0,0,4900927152,4882.729558,0.010005,370,16540,488,-2090,-1233,-79,192,0.2214636535644531,9.900023864746093,0.2920926025390625,30.382941176470588,-33883.96946564886,-2170.992366412214,5276.335877862595
489845,0,0,0,4900937158,4882.739564,0.010006,370,16528,506,-2091,-1229,-88,183,0.2214636535644531,9.892841259765625,0.3028665100097656,30.380000000000003,-33774.04580152672,-2418.320610687023,5029.007633587787
489846,0,0,0,4900947163,4882.749569,0.010005,344,16550,462,-2099,-1229,-85,184,0.2059013427734375,9.906009368896484,0.2765302917480469,30.356470588235297,-33774.04580152672,-2335.87786259542,5056.488549618321
489847,0,0,0,4900957168,4882.759574,0.010005,372,16542,524,-2091,-1233,-87,176,0.22266075439453123,9.90122096557617,0.3136404174804687,30.380000000000003,-33883.96946564886,-2390.8396946564885,4836.641221374046
489848,0,0,0,4900967173,4882.769579,0.010005,370,16538,498,-2090,-1229,-82,187,0.2214636535644531,9.898826763916015,0.2980781066894531,30.382941176470588,-33774.04580152672,-2253.4351145038167,5138.931297709924
489849,0,0,0,4900977178,4882.779584,0.010005,366,16580,464,-2089,-1232,-87,184,0.21906945190429686,9.923965881347655,0.277727392578125,30.385882352941177,-33856.48854961832,-2390.8396946564885,5056.488549618321
489850,0,0,0,4900987184,4882.78959,0.010006,376,16554,468,-2086,-1231,-83,186,0.22505495605468748,9.90840357055664,0.28012159423828126,30.39470588235294,-33829.00763358779,-2280.916030534351,5111.4503816793895
489851,0,0,0,4900997189,4882.799595,0.010005,350,16512,446,-2085,-1234,-84,186,0.20949264526367187,9.883264453125,0.26695348510742184,30.39764705882353,-33911.45038167939,-2308.3969465648856,5111.4503816793895
489852,0,0,0,4901007194,4882.8096,0.010005,392,16536,484,-2088,-1229,-86,185,0.2346317626953125,9.897629663085937,0.28969840087890625,30.388823529411766,-33774.04580152672,-2363.3587786259545,5083.9694656488555
489853,0,0,0,4901017199,4882.819605,0.010005,372,16536,484,-2088,-1230,-84,192,0.22266075439453123,9.897629663085937,0.28969840087890625,30.388823529411766,-33801.52671755725,-2308.3969465648856,5276.335877862595
489854,0,0,0,4901027204,4882.82961,0.010005,358,16576,520,-2093,-1231,-81,190,0.21428104858398436,9.9215716796875,0.3112462158203125,30.374117647058824,-33829.00763358779,-2225.9541984732828,5221.374045801527
489855,0,0,0,4901037209,4882.839615,0.010005,336,16598,450,-2089,-1236,-79,185,0.201112939453125,9.934739788818359,0.2693476867675781,30.385882352941177,-33966.41221374046,-2170.992366412214,5083.9694656488555
489856,0,0,0,4901047215,4882.849621,0.010006,352,16554,468,-2087,-1233,-85,183,0.21068974609375,9.90840357055664,0.28012159423828126,30.391764705882352,-33883.96946564886,-2335.87786259542,5029.007633587787
489857,0,0,0,4901057220,4882.859626,0.010005,400,16498,430,-2087,-1232,-86,184,0.239420166015625,9.874884747314452,0.25737667846679685,30.391764705882352,-33856.48854961832,-2363.3587786259545,5056.488549618321
489858,0,0,0,4901067225,4882.869631,0.010005,360,16510,514,-2088,-1227,-87,187,0.2154781494140625,9.882067352294921,0.3076549133300781,30.388823529411766,-33719.08396946565,-2390.8396946564885,5138.931297709924
489859,0,0,0,4901077230,4882.879636,0.010005,350,16544,464,-2087,-1228,-82,185,0.20949264526367187,9.90241806640625,0.277727392578125,30.391764705882352,-33746.564885496184,-2253.4351145038167,5083.9694656488555
489860,0,0,0,4901087235,4882.889641,0.010005,352,16520,522,-2088,-1233,-85,185,0.21068974609375,9.888052856445311,0.3124433166503906,30.388823529411766,-33883.96946564886,-2335.87786259542,5083.9694656488555
489861,0,0,0,4901097241,4882.899647,0.010006,374,16586,548,-2091,-1231,-92,181,0.22385785522460935,9.92755718383789,0.3280056274414062,30.380000000000003,-33829.00763358779,-2528.2442748091603,4974.045801526718
489862,0,0,0,4901107246,4882.909652,0.010005,390,16518,498,-2091,-1229,-89,186,0.23343466186523437,9.886855755615233,0.2980781066894531,30.380000000000003,-33774.04580152672,-2445.8015267175574,5111.4503816793895
489863,0,0,0,4901117251,4882.919657,0.010005,402,16536,432,-2089,-1226,-89,181,0.24061726684570311,9.897629663085937,0.258573779296875,30.385882352941177,-33691.603053435116,-2445.8015267175574,4974.045801526718
489864,0,0,0,4901127256,4882.929662,0.010005,366,16554,466,-2088,-1237,-82,184,0.21906945190429686,9.90840357055664,0.27892449340820313,30.388823529411766,-33993.89312977099,-2253.4351145038167,5056.488549618321
489865,0,0,0,4901137261,4882.939667,0.010005,354,16504,490,-2090,-1231,-89,178,0.21188684692382811,9.878476049804688,0.2932897033691406,30.382941176470588,-33829.00763358779,-2445.8015267175574,4891.603053435115
489866,0,0,0,4901147267,4882.949673,0.010006,336,16544,550,-2091,-1227,-81,188,0.201112939453125,9.90241806640625,0.32920272827148434,30.380000000000003,-33719.08396946565,-2225.9541984732828,5166.412213740458
489867,0,0,0,4901157272,4882.959678,0.010005,376,16532,502,-2098,-1231,-85,179,0.22505495605468748,9.89523546142578,0.30047230834960936,30.359411764705882,-33829.00763358779,-2335.87786259542,4919.083969465649
489868,0,0,0,4901167277,4882.969683,0.010005,396,16556,484,-2089,-1234,-78,180,0.23702596435546874,9.909600671386718,0.28969840087890625,30.385882352941177,-33911.45038167939,-2143.5114503816794,4946.564885496184
489869,0,0,0,4901177282,4882.979688,0.010005,356,16602,516,-2095,-1230,-80,178,0.21308394775390624,9.937133990478515,0.30885201416015623,30.368235294117646,-33801.52671755725,-2198.4732824427483,4891.603053435115
489870,0,0,0,4901187287,4882.989693,0.010005,360,16550,508,-2094,-1231,-85,180,0.2154781494140625,9.906009368896484,0.30406361083984373,30.371176470588235,-33829.00763358779,-2335.87786259542,4946.564885496184
489871,0,0,0,4901197292,4882.999698,0.010005,384,16574,464,-2089,-1231,-93,191,0.229843359375,9.920374578857421,0.277727392578125,30.385882352941177,-33829.00763358779,-2555.7251908396947,5248.854961832061
489872,0,0,0,4901207298,4883.009704,0.010006,378,16550,502,-2084,-1234,-81,181,0.2262520568847656,9.906009368896484,0.30047230834960936,30.40058823529412,-33911.45038167939,-2225.9541984732828,4974.045801526718
489873,0,0,0,4901217303,4883.019709,0.010005,404,16530,446,-2090,-1227,-86,183,0.24181436767578124,9.894038360595703,0.26695348510742184,30.382941176470588,-33719.08396946565,-2363.3587786259545,5029.007633587787
489874,0,0,0,4901227308,4883.029714,0.010005,406,16528,502,-2085,-1236,-84,179,0.24301146850585936,9.892841259765625,0.30047230834960936,30.39764705882353,-33966.41221374046,-2308.3969465648856,4919.083969465649
489875,0,0,0,4901237313,4883.039719,0.010005,358,16516,530,-2088,-1230,-87,183,0.21428104858398436,9.885658654785155,0.3172317199707031,30.388823529411766,-33801.52671755725,-2390.8396946564885,5029.007633587787
489876,0,0,0,4901247318,4883.049724,0.010005,368,16530,500,-2086,-1234,-84,186,0.22026655273437498,9.894038360595703,0.29927520751953124,30.39470588235294,-33911.45038167939,-2308.3969465648856,5111.4503816793895
489877,0,0,0,4901257324,4883.05973,0.010006,412,16530,480,-2091,-1231,-82,186,0.24660277099609373,9.894038360595703,0.28730419921875,30.380000000000003,-33829.00763358779,-2253.4351145038167,5111.4503816793895
489878,0,0,0,4901267329,4883.069735,0.010005,378,16498,492,-2087,-1229,-88,189,0.2262520568847656,9.874884747314452,0.29448680419921874,30.391764705882352,-33774.04580152672,-2418.320610687023,5193.893129770992
489879,0,0,0,4901277334,4883.07974,0.010005,398,16534,454,-2086,-1230,-86,187,0.23822306518554687,9.896432562255859,0.27174188842773433,30.39470588235294,-33801.52671755725,-2363.3587786259545,5138.931297709924
489880,0,0,0,4901287339,4883.089745,0.010005,322,16562,496,-2089,-1229,-83,182,0.1927332336425781,9.913191973876952,0.296881005859375,30.385882352941177,-33774.04580152672,-2280.916030534351,5001.526717557253
489881,0,0,0,4901297344,4883.09975,0.010005,358,16542,562,-2086,-1224,-84,185,0.21428104858398436,9.90122096557617,0.3363853332519531,30.39470588235294,-33636.64122137405,-2308.3969465648856,5083.9694656488555
489882,0,0,0,4901307350,4883.109756,0.010006,354,16536,466,-2087,-1229,-82,188,0.21188684692382811,9.897629663085937,0.27892449340820313,30.391764705882352,-33774.04580152672,-2253.4351145038167,5166.412213740458
489883,0,0,0,4901317355,4883.119761,0.010005,402,16574,426,-2090,-1234,-84,186,0.24061726684570311,9.920374578857421,0.2549824768066406,30.382941176470588,-33911.45038167939,-2308.3969465648856,5111.4503816793895
489884,0,0,0,4901327360,4883.129766,0.010005,380,16536,466,-2085,-1226,-86,183,0.22744915771484372,9.897629663085937,0.27892449340820313,30.39764705882353,-33691.603053435116,-2363.3587786259545,5029.007633587787
489885,0,0,0,4901337365,4883.139771,0.010005,352,16548,454,-2092,-1228,-84,175,0.21068974609375,9.904812268066406,0.27174188842773433,30.377058823529413,-33746.564885496184,-2308.3969465648856,4809.160305343512
489886,0,0,0,4901347370,4883.149776,0.010005,390,16496,502,-2088,-1227,-93,186,0.23343466186523437,9.873687646484374,0.30047230834960936,30.388823529411766,-33719.08396946565,-2555.7251908396947,5111.4503816793895
489887,0,0,0,4901357376,4883.159782,0.010006,358,16540,466,-2087,-1230,-88,180,0.21428104858398436,9.900023864746093,0.27892449340820313,30.391764705882352,-33801.52671755725,-2418.320610687023,4946.564885496184
489888,0,0,0,4901367381,4883.169787,0.010005,354,16564,514,-2090,-1236,-88,185,0.21188684692382811,9.91438907470703,0.3076549133300781,30.382941176470588,-33966.41221374046,-2418.320610687023,5083.9694656488555
489889,0,0,0,4901377386,4883.179792,0.010005,372,16558,472,-2089,-1231,-86,190,0.22266075439453123,9.910797772216796,0.2825157958984375,30.385882352941177,-33829.00763358779,-2363.3587786259545,5221.374045801527
489890,0,0,0,4901387391,4883.189797,0.010005,362,16508,514,-2087,-1231,-92,185,0.2166752502441406,9.880870251464843,0.3076549133300781,30.391764705882352,-33829.00763358779,-2528.2442748091603,5083.9694656488555
489891,0,0,0,4901397396,4883.199802,0.010005,392,16516,510,-2096,-1231,-90,182,0.2346317626953125,9.885658654785155,0.30526071166992186,30.36529411764706,-33829.00763358779,-2473.282442748092,5001.526717557253
489892,0,0,0,4901407401,4883.209807,0.010005,404,16526,500,-2091,-1225,-88,186,0.24181436767578124,9.891644158935547,0.29927520751953124,30.380000000000003,-33664.122137404585,-2418.320610687023,5111.4503816793895
489893,0,0,0,4901417407,4883.219813,0.010006,354,16544,458,-2086,-1220,-84,186,0.21188684692382811,9.90241806640625,0.2741360900878906,30.39470588235294,-33526.71755725191,-2308.3969465648856,5111.4503816793895
489894,0,0,0,4901427412,4883.229818,0.010005,386,16510,464,-2087,-1227,-82,185,0.23104046020507812,9.882067352294921,0.277727392578125,30.391764705882352,-33719.08396946565,-2253.4351145038167,5083.9694656488555
489895,0,0,0,4901437417,4883.239823,0.010005,376,16540,390,-2089,-1232,-87,194,0.22505495605468748,9.900023864746093,0.23343466186523437,30.385882352941177,-33856.48854961832,-2390.8396946564885,5331.297709923664
489896,0,0,0,4901447422,4883.249828,0.010005,390,16556,462,-2087,-1229,-88,183,0.23343466186523437,9.909600671386718,0.2765302917480469,30.391764705882352,-33774.04580152672,-2418.320610687023,5029.007633587787
489897,0,0,0,4901457427,4883.259833,0.010005,362,16586,384,-2088,-1230,-84,191,0.2166752502441406,9.92755718383789,0.229843359375,30.388823529411766,-33801.52671755725,-2308.3969465648856,5248.854961832061
489898,0,0,0,4901467433,4883.269839,0.010006,362,16566,474,-2097,-1233,-83,189,0.2166752502441406,9.91558617553711,0.28371289672851563,30.36235294117647,-33883.96946564886,-2280.916030534351,5193.893129770992
489899,0,0,0,4901477438,4883.279844,0.010005,356,16538,470,-2091,-1229,-83,188,0.21308394775390624,9.898826763916015,0.2813186950683594,30.380000000000003,-33774.04580152672,-2280.916030534351,5166.412213740458
489900,0,0,0,4901487443,4883.289849,0.010005,386,16538,458,-2089,-1232,-81,181,0.23104046020507812,9.898826763916015,0.2741360900878906,30.385882352941177,-33856.48854961832,-2225.9541984732828,4974.045801526718
489901,0,0,0,4901497448,4883.299854,0.010005,348,16516,452,-2086,-1232,-85,192,0.20829554443359374,9.885658654785155,0.2705447875976562,30.39470588235294,-33856.48854961832,-2335.87786259542,5276.335877862595
489902,0,0,0,4901507453,4883.309859,0.010005,348,16544,462,-2090,-1234,-86,193,0.20829554443359374,9.90241806640625,0.2765302917480469,30.382941176470588,-33911.45038167939,-2363.3587786259545,5303.81679389313
489903,0,0,0,4901517459,4883.319865,0.010006,346,16562,496,-2085,-1237,-85,191,0.20709844360351562,9.913191973876952,0.296881005859375,30.39764705882353,-33993.89312977099,-2335.87786259542,5248.854961832061
489904,0,0,0,4901527464,4883.32987,0.010005,356,16482,468,-2083,-1232,-86,183,0.21308394775390624,9.865307940673828,0.28012159423828126,30.40352941176471,-33856.48854961832,-2363.3587786259545,5029.007633587787
489905,0,0,0,4901537469,4883.339875,0.010005,314,16556,500,-2088,-1233,-86,188,0.1879448303222656,9.909600671386718,0.29927520751953124,30.388823529411766,-33883.96946564886,-2363.3587786259545,5166.412213740458
489906,0,0,0,4901547474,4883.34988,0.010005,368,16556,468,-2086,-1234,-89,192,0.22026655273437498,9.909600671386718,0.28012159423828126,30.39470588235294,-33911.45038167939,-2445.8015267175574,5276.335877862595
489907,0,0,0,4901557479,4883.359885,0.010005,398,16548,434,-2089,-1229,-85,192,0.23822306518554687,9.904812268066406,0.2597708801269531,30.385882352941177,-33774.04580152672,-2335.87786259542,5276.335877862595
489908,0,0,0,4901567485,4883.369891,0.010006,378,16566,482,-2086,-1236,-89,183,0.2262520568847656,9.91558617553711,0.2885013000488281,30.39470588235294,-33966.41221374046,-2445.8015267175574,5029.007633587787
489909,0,0,0,4901577490,4883.379896,0.010005,402,16558,494,-2093,-1234,-91,184,0.24061726684570311,9.910797772216796,0.29568390502929687,30.374117647058824,-33911.45038167939,-2500.7633587786263,5056.488549618321
489910,0,0,0,4901587495,4883.389901,0.010005,380,16528,492,-2089,-1234,-89,187,0.22744915771484372,9.892841259765625,0.29448680419921874,30.385882352941177,-33911.45038167939,-2445.8015267175574,5138.931297709924
489911,0,0,0,4901597500,4883.399906,0.010005,372,16540,476,-2090,-1236,-85,188,0.22266075439453123,9.900023864746093,0.28490999755859375,30.382941176470588,-33966.41221374046,-2335.87786259542,5166.412213740458
489912,0,0,0,4901607505,4883.409911,0.010005,334,16524,454,-2091,-1235,-81,188,0.19991583862304688,9.890447058105469,0.27174188842773433,30.380000000000003,-33938.931297709925,-2225.9541984732828,5166.412213740458
489913,0,0,0,4901617510,4883.419916,0.010005,392,16556,552,-2099,-1230,-82,186,0.2346317626953125,9.909600671386718,0.33039982910156246,30.356470588235297,-33801.52671755725,-2253.4351145038167,5111.4503816793895
489914,0,0,0,4901627516,4883.429922,0.010006,362,16548,476,-2095,-1234,-83,189,0.2166752502441406,9.904812268066406,0.28490999755859375,30.368235294117646,-33911.45038167939,-2280.916030534351,5193.893129770992
489915,0,0,0,4901637521,4883.439927,0.010005,374,16564,454,-2088,-1234,-87,182,0.22385785522460935,9.91438907470703,0.27174188842773433,30.388823529411766,-33911.45038167939,-2390.8396946564885,5001.526717557253
489916,0,0,0,4901647526,4883.449932,0.010005,368,16568,488,-2092,-1238,-90,186,0.22026655273437498,9.916783276367187,0.2920926025390625,30.377058823529413,-34021.37404580153,-2473.282442748092,5111.4503816793895
489917,0,0,0,4901657531,4883.459937,0.010005,366,16546,476,-2083,-1227,-85,187,0.21906945190429686,9.903615167236328,0.28490999755859375,30.40352941176471,-33719.08396946565,-2335.87786259542,5138.931297709924
489918,0,0,0,4901667536,4883.469942,0.010005,408,16538,486,-2088,-1233,-86,191,0.2442085693359375,9.898826763916015,0.29089550170898437,30.388823529411766,-33883.96946564886,-2363.3587786259545,5248.854961832061
489919,0,0,0,4901677542,4883.479948,0.010006,374,16552,478,-2092,-1234,-89,195,0.22385785522460935,9.907206469726562,0.2861070983886719,30.377058823529413,-33911.45038167939,-2445.8015267175574,5358.778625954199
489920,0,0,0,4901687547,4883.489953,0.010005,416,16560,556,-2084,-1233,-80,188,0.24899697265624998,9.911994873046874,0.3327940307617187,30.40058823529412,-33883.96946564886,-2198.4732824427483,5166.412213740458
489921,0,0,0,4901697552,4883.499958,0.010005,360,16574,472,-2088,-1233,-82,189,0.2154781494140625,9.920374578857421,0.2825157958984375,30.388823529411766,-33883.96946564886,-2253.4351145038167,5193.893129770992
489922,0,0,0,4901707557,4883.509963,0.010005,386,16536,440,-2094,-1229,-78,170,0.23104046020507812,9.897629663085937,0.26336218261718747,30.371176470588235,-33774.04580152672,-2143.5114503816794,4671.75572519084
489923,0,0,0,4901717562,4883.519968,0.010005,328,16544,506,-2088,-1229,-84,178,0.19632453613281248,9.90241806640625,0.3028665100097656,30.388823529411766,-33774.04580152672,-2308.3969465648856,4891.603053435115
489924,0,0,0,4901727568,4883.529974,0.010006,374,16568,520,-2090,-1235,-84,179,0.22385785522460935,9.916783276367187,0.3112462158203125,30.382941176470588,-33938.931297709925,-2308.3969465648856,4919.083969465649
489925,0,0,0,4901737573,4883.539979,0.010005,366,16540,516,-2087,-1235,-85,181,0.21906945190429686,9.900023864746093,0.30885201416015623,30.391764705882352,-33938.931297709925,-2335.87786259542,4974.045801526718
489926,0,0,0,4901747578,4883.549984,0.010005,370,16536,478,-2094,-1230,-89,191,0.2214636535644531,9.897629663085937,0.2861070983886719,30.371176470588235,-33801.52671755725,-2445.8015267175574,5248.854961832061
489927,0,0,0,4901757583,4883.559989,0.010005,370,16562,550,-2094,-1231,-86,191,0.2214636535644531,9.913191973876952,0.32920272827148434,30.371176470588235,-33829.00763358779,-2363.3587786259545,5248.854961832061
489928,0,0,0,4901767588,4883.569994,0.010005,394,16542,490,-2093,-1234,-90,181,0.23582886352539062,9.90122096557617,0.2932897033691406,30.374117647058824,-33911.45038167939,-2473.282442748092,4974.045801526718
489929,0,0,0,4901777593,4883.579999,0.010005,400,16536,466,-2086,-1233,-86,184,0.239420166015625,9.897629663085937,0.27892449340820313,30.39470588235294,-33883.96946564886,-2363.3587786259545,5056.488549618321
489930,0,0,0,4901787599,4883.590005,0.010006,400,16536,486,-2086,-1227,-90,192,0.239420166015625,9.897629663085937,0.29089550170898437,30.39470588235294,-33719.08396946565,-2473.282442748092,5276.335877862595
489931,0,0,0,4901797604,4883.60001,0.010005,378,16582,490,-2089,-1230,-81,189,0.2262520568847656,9.925162982177733,0.2932897033691406,30.385882352941177,-33801.52671755725,-2225.9541984732828,5193.893129770992
489932,0,0,0,4901807609,4883.610015,0.010005,368,16500,514,-2088,-1234,-81,182,0.22026655273437498,9.87608184814453,0.3076549133300781,30.388823529411766,-33911.45038167939,-2225.9541984732828,5001.526717557253
489933,0,0,0,4901817614,4883.62002,0.010005,358,16562,512,-2090,-1239,-87,185,0.21428104858398436,9.913191973876952,0.3064578125,30.382941176470588,-34048.85496183206,-2390.8396946564885,5083.9694656488555
489934,0,0,0,4901827619,4883.630025,0.010005,352,16592,442,-2081,-1231,-82,178,0.21068974609375,9.931148486328125,0.2645592834472656,30.409411764705883,-33829.00763358779,-2253.4351145038167,4891.603053435115
489935,0,0,0,4901837625,4883.640031,0.010006,392,16558,464,-2086,-1232,-89,190,0.2346317626953125,9.910797772216796,0.277727392578125,30.39470588235294,-33856.48854961832,-2445.8015267175574,5221.374045801527
489936,0,0,0,4901847630,4883.650036,0.010005,386,16514,494,-2090,-1231,-88,187,0.23104046020507812,9.884461553955077,0.29568390502929687,30.382941176470588,-33829.00763358779,-2418.320610687023,5138.931297709924
489937,0,0,0,4901857635,4883.660041,0.010005,386,16566,516,-2091,-1232,-86,181,0.23104046020507812,9.91558617553711,0.30885201416015623,30.380000000000003,-33856.48854961832,-2363.3587786259545,4974.045801526718
489938,0,0,0,4901867640,4883.670046,0.010005,334,16548,482,-2090,-1229,-86,188,0.19991583862304688,9.904812268066406,0.2885013000488281,30.382941176470588,-33774.04580152672,-2363.3587786259545,5166.412213740458
489939,0,0,0,4901877645,4883.680051,0.010005,380,16508,452,-2090,-1232,-82,183,0.22744915771484372,9.880870251464843,0.2705447875976562,30.382941176470588,-33856.48854961832,-2253.4351145038167,5029.007633587787
489940,0,0,0,4901887651,4883.690057,0.010006,358,16552,482,-2089,-1233,-89,187,0.21428104858398436,9.907206469726562,0.2885013000488281,30.385882352941177,-33883.96946564886,-2445.8015267175574,5138.931297709924
489941,0,0,0,4901897656,4883.700062,0.010005,384,16552,460,-2090,-1227,-87,193,0.229843359375,9.907206469726562,0.2753331909179687,30.382941176470588,-33719.08396946565,-2390.8396946564885,5303.81679389313
489942,0,0,0,4901907661,4883.710067,0.010005,402,16512,544,-2092,-1229,-94,188,0.24061726684570311,9.883264453125,0.32561142578124996,30.377058823529413,-33774.04580152672,-2583.206106870229,5166.412213740458
489943,0,0,0,4901917666,4883.720072,0.010005,394,16556,460,-2092,-1230,-89,191,0.23582886352539062,9.909600671386718,0.2753331909179687,30.377058823529413,-33801.52671755725,-2445.8015267175574,5248.854961832061
489944,0,0,0,4901927671,4883.730077,0.010005,384,16518,478,-2092,-1231,-89,186,0.229843359375,9.886855755615233,0.2861070983886719,30.377058823529413,-33829.00763358779,-2445.8015267175574,5111.4503816793895
489945,0,0,0,4901937676,4883.740082,0.010005,354,16524,496,-2091,-1231,-84,191,0.21188684692382811,9.890447058105469,0.296881005859375,30.380000000000003,-33829.00763358779,-2308.3969465648856,5248.854961832061
489946,0,0,0,4901947682,4883.750088,0.010006,386,16498,444,-2087,-1228,-86,182,0.23104046020507812,9.874884747314452,0.2657563842773437,30.391764705882352,-33746.564885496184,-2363.3587786259545,5001.526717557253
489947,0,0,0,4901957687,4883.760093,0.010005,362,16532,440,-2091,-1232,-90,181,0.2166752502441406,9.89523546142578,0.26336218261718747,30.380000000000003,-33856.48854961832,-2473.282442748092,4974.045801526718
489948,0,0,0,4901967692,4883.770098,0.010005,356,16548,462,-2086,-1234,-89,186,0.21308394775390624,9.904812268066406,0.2765302917480469,30.39470588235294,-33911.45038167939,-2445.8015267175574,5111.4503816793895
489949,0,0,0,4901977697,4883.780103,0.010005,384,16520,468,-2091,-1232,-86,192,0.229843359375,9.888052856445311,0.28012159423828126,30.380000000000003,-33856.48854961832,-2363.3587786259545,5276.335877862595
489950,0,0,0,4901987702,4883.790108,0.010005,368,16552,466,-2093,-1234,-88,192,0.22026655273437498,9.907206469726562,0.27892449340820313,30.374117647058824,-33911.45038167939,-2418.320610687023,5276.335877862595
489951,0,0,0,4901997708,4883.800114,0.010006,360,16510,490,-2090,-1238,-75,188,0.2154781494140625,9.882067352294921,0.2932897033691406,30.382941176470588,-34021.37404580153,-2061.0687022900765,5166.412213740458
489952,0,0,0,4902007713,4883.810119,0.010005,380,16562,564,-2093,-1231,-85,193,0.22744915771484372,9.913191973876952,0.33758243408203126,30.374117647058824,-33829.00763358779,-2335.87786259542,5303.81679389313
489953,0,0,0,4902017718,4883.820124,0.010005,374,16558,470,-2090,-1227,-86,184,0.22385785522460935,9.910797772216796,0.2813186950683594,30.382941176470588,-33719.08396946565,-2363.3587786259545,5056.488549618321
489954,0,0,0,4902027723,4883.830129,0.010005,416,16544,452,-2085,-1228,-90,183,0.24899697265624998,9.90241806640625,0.2705447875976562,30.39764705882353,-33746.564885496184,-2473.282442748092,5029.007633587787
489955,0,0,0,4902037728,4883.840134,0.010005,372,16544,482,-2087,-1231,-87,187,0.22266075439453123,9.90241806640625,0.2885013000488281,30.391764705882352,-33829.00763358779,-2390.8396946564885,5138.931297709924
489956,0,0,0,4902047734,4883.85014,0.010006,372,16546,456,-2093,-1228,-88,189,0.22266075439453123,9.903615167236328,0.27293898925781246,30.374117647058824,-33746.564885496184,-2418.320610687023,5193.893129770992
489957,0,0,0,4902057739,4883.860145,0.010005,374,16526,494,-2083,-1227,-92,182,0.22385785522460935,9.891644158935547,0.29568390502929687,30.40352941176471,-33719.08396946565,-2528.2442748091603,5001.526717557253
489958,0,0,0,4902067744,4883.87015,0.010005,376,16538,440,-2085,-1232,-84,180,0.22505495605468748,9.898826763916015,0.26336218261718747,30.39764705882353,-33856.48854961832,-2308.3969465648856,4946.564885496184
489959,0,0,0,4902077749,4883.880155,0.010005,360,16522,468,-2089,-1230,-88,184,0.2154781494140625,9.889249957275391,0.28012159423828126,30.385882352941177,-33801.52671755725,-2418.320610687023,5056.488549618321
489960,0,0,0,4902087754,4883.89016,0.010005,372,16546,448,-2091,-1227,-84,186,0.22266075439453123,9.903615167236328,0.26815058593749996,30.380000000000003,-33719.08396946565,-2308.3969465648856,5111.4503816793895
489961,0,0,0,4902097759,4883.900165,0.010005,388,16570,456,-2091,-1234,-87,183,0.23223756103515625,9.917980377197265,0.27293898925781246,30.380000000000003,-33911.45038167939,-2390.8396946564885,5029.007633587787
489962,0,0,0,4902107765,4883.910171,0.010006,388,16538,476,-2086,-1237,-87,187,0.23223756103515625,9.898826763916015,0.28490999755859375,30.39470588235294,-33993.89312977099,-2390.8396946564885,5138.931297709924
489963,0,0,0,4902117770,4883.920176,0.010005,368,16534,448,-2088,-1233,-80,181,0.22026655273437498,9.896432562255859,0.26815058593749996,30.388823529411766,-33883.96946564886,-2198.4732824427483,4974.045801526718
489964,0,0,0,4902127775,4883.930181,0.010005,402,16568,508,-2090,-1228,-85,180,0.24061726684570311,9.916783276367187,0.30406361083984373,30.382941176470588,-33746.564885496184,-2335.87786259542,4946.564885496184
489965,0,0,0,4902137780,4883.940186,0.010005,370,16534,486,-2093,-1229,-80,192,0.2214636535644531,9.896432562255859,0.29089550170898437,30.374117647058824,-33774.04580152672,-2198.4732824427483,5276.335877862595
489966,0,0,0,4902147785,4883.950191,0.010005,374,16518,440,-2088,-1226,-89,184,0.22385785522460935,9.886855755615233,0.26336218261718747,30.388823529411766,-33691.603053435116,-2445.8015267175574,5056.488549618321
489967,0,0,0,4902157791,4883.960197,0.010006,336,16552,486,-2084,-1229,-84,192,0.201112939453125,9.907206469726562,0.29089550170898437,30.40058823529412,-33774.04580152672,-2308.3969465648856,5276.335877862595
489968,0,0,0,4902167796,4883.970202,0.010005,376,16578,518,-2085,-1226,-81,189,0.22505495605468748,9.922768780517577,0.31004911499023435,30.39764705882353,-33691.603053435116,-2225.9541984732828,5193.893129770992
489969,0,0,0,4902177801,4883.980207,0.010005,388,16566,500,-2090,-1238,-80,185,0.23223756103515625,9.91558617553711,0.29927520751953124,30.382941176470588,-34021.37404580153,-2198.4732824427483,5083.9694656488555
489970,0,0,0,4902187806,4883.990212,0.010005,328,16582,416,-2085,-1228,-90,187,0.19632453613281248,9.925162982177733,0.24899697265624998,30.39764705882353,-33746.564885496184,-2473.282442748092,5138.931297709924
489971,0,0,0,4902197811,4884.000217,0.010005,374,16528,466,-2090,-1228,-89,192,0.22385785522460935,9.892841259765625,0.27892449340820313,30.382941176470588,-33746.564885496184,-2445.8015267175574,5276.335877862595
489972,0,0,0,4902207817,4884.010223,0.010006,338,16542,404,-2089,-1231,-83,193,0.20231004028320312,9.90122096557617,0.24181436767578124,30.385882352941177,-33829.00763358779,-2280.916030534351,5303.81679389313
489973,0,0,0,4902217822,4884.020228,0.010005,390,16576,456,-2089,-1228,-79,192,0.23343466186523437,9.9215716796875,0.27293898925781246,30.385882352941177,-33746.564885496184,-2170.992366412214,5276.335877862595
489974,0,0,0,4902227827,4884.030233,0.010005,402,16556,478,-2088,-1225,-79,194,0.24061726684570311,9.909600671386718,0.2861070983886719,30.388823529411766,-33664.122137404585,-2170.992366412214,5331.297709923664
489975,0,0,0,4902237832,4884.040238,0.010005,376,16572,466,-2088,-1226,-87,189,0.22505495605468748,9.919177478027343,0.27892449340820313,30.388823529411766,-33691.603053435116,-2390.8396946564885,5193.893129770992
489976,0,0,0,4902247837,4884.050243,0.010005,364,16548,452,-2088,-1228,-86,185,0.21787235107421873,9.904812268066406,0.2705447875976562,30.388823529411766,-33746.564885496184,-2363.3587786259545,5083.9694656488555
489977,0,0,0,4902257843,4884.060249,0.010006,400,16524,478,-2089,-1227,-83,187,0.239420166015625,9.890447058105469,0.2861070983886719,30.385882352941177,-33719.08396946565,-2280.916030534351,5138.931297709924
489978,0,0,0,4902267848,4884.070254,0.010005,358,16534,428,-2094,-1229,-87,179,0.21428104858398436,9.896432562255859,0.2561795776367187,30.371176470588235,-33774.04580152672,-2390.8396946564885,4919.083969465649
489979,0,0,0,4902277853,4884.080259,0.010005,390,16548,486,-2092,-1233,-89,185,0.23343466186523437,9.904812268066406,0.29089550170898437,30.377058823529413,-33883.96946564886,-2445.8015267175574,5083.9694656488555
489980,0,0,0,4902287858,4884.090264,0.010005,382,16530,504,-2086,-1230,-87,192,0.22864625854492185,9.894038360595703,0.3016694091796875,30.39470588235294,-33801.52671755725,-2390.8396946564885,5276.335877862595
489981,0,0,0,4902297863,4884.100269,0.010005,364,16522,488,-2088,-1239,-84,188,0.21787235107421873,9.889249957275391,0.2920926025390625,30.388823529411766,-34048.85496183206,-2308.3969465648856,5166.412213740458
489982,0,0,0,4902307868,4884.110274,0.010005,372,16582,496,-2089,-1232,-89,192,0.22266075439453123,9.925162982177733,0.296881005859375,30.385882352941177,-33856.48854961832,-2445.8015267175574,5276.335877862595
489983,0,0,0,4902317874,4884.12028,0.010006,358,16578,512,-2086,-1232,-87,183,0.21428104858398436,9.922768780517577,0.3064578125,30.39470588235294,-33856.48854961832,-2390.8396946564885,5029.007633587787
489984,0,0,0,4902327879,4884.130285,0.010005,376,16518,506,-2086,-1228,-81,184,0.22505495605468748,9.886855755615233,0.3028665100097656,30.39470588235294,-33746.564885496184,-2225.9541984732828,5056.488549618321
489985,0,0,0,4902337884,4884.14029,0.010005,338,16504,518,-2088,-1235,-88,185,0.20231004028320312,9.878476049804688,0.31004911499023435,30.388823529411766,-33938.931297709925,-2418.320610687023,5083.9694656488555
489986,0,0,0,4902347889,4884.150295,0.010005,356,16530,452,-2089,-1229,-90,193,0.21308394775390624,9.894038360595703,0.2705447875976562,30.385882352941177,-33774.04580152672,-2473.282442748092,5303.81679389313
489987,0,0,0,4902357894,4884.1603,0.010005,352,16546,436,-2090,-1234,-87,186,0.21068974609375,9.903615167236328,0.2609679809570312,30.382941176470588,-33911.45038167939,-2390.8396946564885,5111.4503816793895
489988,0,0,0,4902367900,4884.170306,0.010006,390,16534,464,-2083,-1231,-91,179,0.23343466186523437,9.896432562255859,0.277727392578125,30.40352941176471,-33829.00763358779,-2500.7633587786263,4919.083969465649
489989,0,0,0,4902377905,4884.180311,0.010005,364,16550,504,-2082,-1221,-78,181,0.21787235107421873,9.906009368896484,0.3016694091796875,30.406470588235294,-33554.19847328244,-2143.5114503816794,4974.045801526718
489990,0,0,0,4902387910,4884.190316,0.010005,364,16536,430,-2087,-1223,-82,187,0.21787235107421873,9.897629663085937,0.25737667846679685,30.391764705882352,-33609.16030534351,-2253.4351145038167,5138.931297709924
489991,0,0,0,4902397915,4884.200321,0.010005,362,16546,496,-2087,-1231,-75,187,0.2166752502441406,9.903615167236328,0.296881005859375,30.391764705882352,-33829.00763358779,-2061.0687022900765,5138.931297709924
489992,0,0,0,4902407920,4884.210326,0.010005,390,16562,416,-2091,-1229,-90,196,0.23343466186523437,9.913191973876952,0.24899697265624998,30.380000000000003,-33774.04580152672,-2473.282442748092,5386.259541984733
489993,0,0,0,4902417926,4884.220332,0.010006,358,16554,486,-2084,-1231,-87,185,0.21428104858398436,9.90840357055664,0.29089550170898437,30.40058823529412,-33829.00763358779,-2390.8396946564885,5083.9694656488555
489994,0,0,0,4902427931,4884.230337,0.010005,330,16546,548,-2087,-1232,-85,181,0.1975216369628906,9.903615167236328,0.3280056274414062,30.391764705882352,-33856.48854961832,-2335.87786259542,4974.045801526718
489995,0,0,0,4902437936,4884.240342,0.010005,380,16566,484,-2090,-1234,-88,190,0.22744915771484372,9.91558617553711,0.28969840087890625,30.382941176470588,-33911.45038167939,-2418.320610687023,5221.374045801527
489996,0,0,0,4902447941,4884.250347,0.010005,342,16512,428,-2087,-1233,-94,187,0.20470424194335937,9.883264453125,0.2561795776367187,30.391764705882352,-33883.96946564886,-2583.206106870229,5138.931297709924
489997,0,0,0,4902457946,4884.260352,0.010005,342,16558,482,-2084,-1237,-85,178,0.20470424194335937,9.910797772216796,0.2885013000488281,30.40058823529412,-33993.89312977099,-2335.87786259542,4891.603053435115
489998,0,0,0,4902467951,4884.270357,0.010005,390,16516,506,-2080,-1228,-79,181,0.23343466186523437,9.885658654785155,0.3028665100097656,30.412352941176472,-33746.564885496184,-2170.992366412214,4974.045801526718
489999,0,0,0,4902477957,4884.280363,0.010006,374,16524,500,-2084,-1228,-82,184,0.22385785522460935,9.890447058105469,0.29927520751953124,30.40058823529412,-33746.564885496184,-2253.4351145038167,5056.488549618321
490000,0,0,0,4902487962,4884.290368,0.010005,350,16518,460,-2088,-1224,-84,172,0.20949264526367187,9.886855755615233,0.2753331909179687,30.388823529411766,-33636.64122137405,-2308.3969465648856,4726.717557251909
490001,0,0,0,4902497967,4884.300373,0.010005,368,16492,484,-2085,-1230,-84,186,0.22026655273437498,9.871293444824218,0.28969840087890625,30.39764705882353,-33801.52671755725,-2308.3969465648856,5111.4503816793895
490002,0,0,0,4902507972,4884.310378,0.010005,374,16506,530,-2089,-1235,-84,184,0.22385785522460935,9.879673150634765,0.3172317199707031,30.385882352941177,-33938.931297709925,-2308.3969465648856,5056.488549618321
490003,0,0,0,4902517977,4884.320383,0.010005,376,16520,474,-2090,-1230,-87,184,0.22505495605468748,9.888052856445311,0.28371289672851563,30.382941176470588,-33801.52671755725,-2390.8396946564885,5056.488549618321
490004,0,0,0,4902527983,4884.330389,0.010006,332,16558,532,-2081,-1234,-82,181,0.19871873779296872,9.910797772216796,0.3184288208007812,30.409411764705883,-33911.45038167939,-2253.4351145038167,4974.045801526718
490005,0,0,0,4902537988,4884.340394,0.010005,346,16550,528,-2088,-1232,-87,177,0.20709844360351562,9.906009368896484,0.316034619140625,30.388823529411766,-33856.48854961832,-2390.8396946564885,4864.122137404581
490006,0,0,0,4902547993,4884.350399,0.010005,386,16556,502,-2093,-1232,-92,191,0.23104046020507812,9.909600671386718,0.30047230834960936,30.374117647058824,-33856.48854961832,-2528.2442748091603,5248.854961832061
490007,0,0,0,4902557998,4884.360404,0.010005,382,16498,464,-2094,-1229,-86,186,0.22864625854492185,9.874884747314452,0.277727392578125,30.371176470588235,-33774.04580152672,-2363.3587786259545,5111.4503816793895
490008,0,0,0,4902568003,4884.370409,0.010005,368,16506,468,-2082,-1227,-94,194,0.22026655273437498,9.879673150634765,0.28012159423828126,30.406470588235294,-33719.08396946565,-2583.206106870229,5331.297709923664
490009,0,0,0,4902578009,4884.380415,0.010006,364,16568,494,-2085,-1235,-92,192,0.21787235107421873,9.916783276367187,0.29568390502929687,30.39764705882353,-33938.931297709925,-2528.2442748091603,5276.335877862595
490010,0,0,0,4902588014,4884.39042,0.010005,396,16584,490,-2088,-1233,-85,188,0.23702596435546874,9.926360083007811,0.2932897033691406,30.388823529411766,-33883.96946564886,-2335.87786259542,5166.412213740458
490011,0,0,0,4902598019,4884.400425,0.010005,330,16586,428,-2093,-1232,-87,194,0.1975216369628906,9.92755718383789,0.2561795776367187,30.374117647058824,-33856.48854961832,-2390.8396946564885,5331.297709923664
490012,0,0,0,4902608024,4884.41043,0.010005,344,16566,474,-2088,-1231,-85,186,0.2059013427734375,9.91558617553711,0.28371289672851563,30.388823529411766,-33829.00763358779,-2335.87786259542,5111.4503816793895
490013,0,0,0,4902618029,4884.420435,0.010005,356,16528,466,-2082,-1236,-88,185,0.21308394775390624,9.892841259765625,0.27892449340820313,30.406470588235294,-33966.41221374046,-2418.320610687023,5083.9694656488555
490014,0,0,0,4902628034,4884.43044,0.010005,352,16562,424,-2082,-1229,-88,183,0.21068974609375,9.913191973876952,0.2537853759765625,30.406470588235294,-33774.04580152672,-2418.320610687023,5029.007633587787
490015,0,0,0,4902638040,4884.440446,0.010006,370,16544,518,-2079,-1228,-83,189,0.2214636535644531,9.90241806640625,0.31004911499023435,30.41529411764706,-33746.564885496184,-2280.916030534351,5193.893129770992
490016,0,0,0,4902648045,4884.450451,0.010005,326,16540,452,-2085,-1228,-87,183,0.19512743530273435,9.900023864746093,0.2705447875976562,30.39764705882353,-33746.564885496184,-2390.8396946564885,5029.007633587787
490017,0,0,0,4902658050,4884.460456,0.010005,380,16518,454,-2086,-1229,-89,183,0.22744915771484372,9.886855755615233,0.27174188842773433,30.39470588235294,-33774.04580152672,-2445.8015267175574,5029.007633587787
490018,0,0,0,4902668055,4884.470461,0.010005,368,16566,446,-2087,-1227,-89,190,0.22026655273437498,9.91558617553711,0.26695348510742184,30.391764705882352,-33719.08396946565,-2445.8015267175574,5221.374045801527
490019,0,0,0,4902678060,4884.480466,0.010005,338,16514,424,-2090,-1230,-90,188,0.20231004028320312,9.884461553955077,0.2537853759765625,30.382941176470588,-33801.52671755725,-2473.282442748092,5166.412213740458
490020,0,0,0,4902688066,4884.490472,0.010006,344,16538,448,-2085,-1227,-84,178,0.2059013427734375,9.898826763916015,0.26815058593749996,30.39764705882353,-33719.08396946565,-2308.3969465648856,4891.603053435115
490021,0,0,0,4902698071,4884.500477,0.010005,374,16514,440,-2088,-1231,-82,194,0.22385785522460935,9.884461553955077,0.26336218261718747,30.388823529411766,-33829.00763358779,-2253.4351145038167,5331.297709923664
490022,0,0,0,4902708076,4884.510482,0.010005,388,16552,496,-2090,-1228,-88,194,0.23223756103515625,9.907206469726562,0.296881005859375,30.382941176470588,-33746.564885496184,-2418.320610687023,5331.297709923664
490023,0,0,0,4902718081,4884.520487,0.010005,394,16564,496,-2086,-1230,-88,185,0.23582886352539062,9.91438907470703,0.296881005859375,30.39470588235294,-33801.52671755725,-2418.320610687023,5083.9694656488555
490024,0,0,0,4902728086,4884.530492,0.010005,396,16526,462,-2089,-1226,-90,187,0.23702596435546874,9.891644158935547,0.2765302917480469,30.385882352941177,-33691.603053435116,-2473.282442748092,5138.931297709924
490025,0,0,0,4902738092,4884.540498,0.010006,340,16570,448,-2091,-1225,-87,181,0.20350714111328125,9.917980377197265,0.26815058593749996,30.380000000000003,-33664.122137404585,-2390.8396946564885,4974.045801526718
490026,0,0,0,4902748097,4884.550503,0.010005,346,16558,438,-2087,-1227,-86,183,0.20709844360351562,9.910797772216796,0.26216508178710934,30.391764705882352,-33719.08396946565,-2363.3587786259545,5029.007633587787
490027,0,0,0,4902758102,4884.560508,0.010005,398,16528,446,-2089,-1226,-87,194,0.23822306518554687,9.892841259765625,0.26695348510742184,30.385882352941177,-33691.603053435116,-2390.8396946564885,5331.297709923664
490028,0,0,0,4902768107,4884.570513,0.010005,338,16556,478,-2091,-1231,-93,193,0.20231004028320312,9.909600671386718,0.2861070983886719,30.380000000000003,-33829.00763358779,-2555.7251908396947,5303.81679389313
490029,0,0,0,4902778112,4884.580518,0.010005,348,16548,480,-2086,-1234,-84,188,0.20829554443359374,9.904812268066406,0.28730419921875,30.39470588235294,-33911.45038167939,-2308.3969465648856,5166.412213740458
490030,0,0,0,4902788117,4884.590523,0.010005,410,16522,468,-2091,-1236,-82,184,0.2454056701660156,9.889249957275391,0.28012159423828126,30.380000000000003,-33966.41221374046,-2253.4351145038167,5056.488549618321
490031,0,0,0,4902798123,4884.600529,0.010006,356,16546,532,-2086,-1237,-80,188,0.21308394775390624,9.903615167236328,0.3184288208007812,30.39470588235294,-33993.89312977099,-2198.4732824427483,5166.412213740458
490032,0,0,0,4902808128,4884.610534,0.010005,348,16536,526,-2084,-1235,-81,183,0.20829554443359374,9.897629663085937,0.31483751831054685,30.40058823529412,-33938.931297709925,-2225.9541984732828,5029.007633587787
490033,0,0,0,4902818133,4884.620539,0.010005,390,16582,456,-2085,-1227,-76,187,0.23343466186523437,9.925162982177733,0.27293898925781246,30.39764705882353,-33719.08396946565,-2088.549618320611,5138.931297709924
490034,0,0,0,4902828138,4884.630544,0.010005,360,16510,418,-2082,-1231,-81,194,0.2154781494140625,9.882067352294921,0.2501940734863281,30.406470588235294,-33829.00763358779,-2225.9541984732828,5331.297709923664
490035,0,0,0,4902838143,4884.640549,0.010005,372,16526,488,-2084,-1236,-87,186,0.22266075439453123,9.891644158935547,0.2920926025390625,30.40058823529412,-33966.41221374046,-2390.8396946564885,5111.4503816793895
490036,0,0,0,4902848149,4884.650555,0.010006,388,16576,506,-2083,-1232,-90,190,0.23223756103515625,9.9215716796875,0.3028665100097656,30.40352941176471,-33856.48854961832,-2473.282442748092,5221.374045801527
490037,0,0,0,4902858154,4884.66056,0.010005,372,16522,520,-2085,-1236,-86,186,0.22266075439453123,9.889249957275391,0.3112462158203125,30.39764705882353,-33966.41221374046,-2363.3587786259545,5111.4503816793895
490038,0,0,0,4902868159,4884.670565,0.010005,364,16564,442,-2090,-1234,-87,186,0.21787235107421873,9.91438907470703,0.2645592834472656,30.382941176470588,-33911.45038167939,-2390.8396946564885,5111.4503816793895
490039,0,0,0,4902878164,4884.68057,0.010005,350,16548,482,-2085,-1233,-84,183,0.20949264526367187,9.904812268066406,0.2885013000488281,30.39764705882353,-33883.96946564886,-2308.3969465648856,5029.007633587787
490040,0,0,0,4902888169,4884.690575,0.010005,380,16510,492,-2090,-1230,-83,184,0.22744915771484372,9.882067352294921,0.29448680419921874,30.382941176470588,-33801.52671755725,-2280.916030534351,5056.488549618321
490041,0,0,0,4902898175,4884.700581,0.010006,368,16554,414,-2089,-1230,-86,185,0.22026655273437498,9.90840357055664,0.24779987182617186,30.385882352941177,-33801.52671755725,-2363.3587786259545,5083.9694656488555
490042,0,0,0,4902908180,4884.710586,0.010005,368,16570,490,-2087,-1225,-84,189,0.22026655273437498,9.917980377197265,0.2932897033691406,30.391764705882352,-33664.122137404585,-2308.3969465648856,5193.893129770992
490043,0,0,0,4902918185,4884.720591,0.010005,388,16538,472,-2085,-1227,-87,186,0.23223756103515625,9.898826763916015,0.2825157958984375,30.39764705882353,-33719.08396946565,-2390.8396946564885,5111.4503816793895
490044,0,0,0,4902928190,4884.730596,0.010005,374,16606,470,-2085,-1228,-82,186,0.22385785522460935,9.93952819213867,0.2813186950683594,30.39764705882353,-33746.564885496184,-2253.4351145038167,5111.4503816793895
490045,0,0,0,4902938195,4884.740601,0.010005,372,16562,500,-2090,-1233,-85,177,0.22266075439453123,9.913191973876952,0.29927520751953124,30.382941176470588,-33883.96946564886,-2335.87786259542,4864.122137404581
490046,0,0,0,4902948201,4884.750607,0.010006,430,16514,480,-2087,-1231,-83,185,0.25737667846679685,9.884461553955077,0.28730419921875,30.391764705882352,-33829.00763358779,-2280.916030534351,5083.9694656488555
490047,0,0,0,4902958206,4884.760612,0.010005,362,16512,476,-2086,-1230,-85,185,0.2166752502441406,9.883264453125,0.28490999755859375,30.39470588235294,-33801.52671755725,-2335.87786259542,5083.9694656488555
490048,0,0,0,4902968211,4884.770617,0.010005,404,16540,468,-2085,-1239,-85,188,0.24181436767578124,9.900023864746093,0.28012159423828126,30.39764705882353,-34048.85496183206,-2335.87786259542,5166.412213740458
490049,0,0,0,4902978216,4884.780622,0.010005,364,16604,430,-2086,-1231,-83,191,0.21787235107421873,9.938331091308592,0.25737667846679685,30.39470588235294,-33829.00763358779,-2280.916030534351,5248.854961832061
490050,0,0,0,4902988221,4884.790627,0.010005,394,16568,454,-2083,-1237,-81,193,0.23582886352539062,9.916783276367187,0.27174188842773433,30.40352941176471,-33993.89312977099,-2225.9541984732828,5303.81679389313
490051,0,0,0,4902998226,4884.800632,0.010005,382,16572,510,-2087,-1234,-86,183,0.22864625854492185,9.919177478027343,0.30526071166992186,30.391764705882352,-33911.45038167939,-2363.3587786259545,5029.007633587787
490052,0,0,0,4903008232,4884.810638,0.010006,366,16552,422,-2087,-1227,-88,183,0.21906945190429686,9.907206469726562,0.25258827514648435,30.391764705882352,-33719.08396946565,-2418.320610687023,5029.007633587787
490053,0,0,0,4903018237,4884.820643,0.010005,370,16536,472,-2080,-1225,-88,182,0.2214636535644531,9.897629663085937,0.2825157958984375,30.412352941176472,-33664.122137404585,-2418.320610687023,5001.526717557253
490054,0,0,0,4903028242,4884.830648,0.010005,374,16542,542,-2086,-1225,-88,183,0.22385785522460935,9.90122096557617,0.32441432495117184,30.39470588235294,-33664.122137404585,-2418.320610687023,5029.007633587787
490055,0,0,0,4903038247,4884.840653,0.010005,378,16544,560,-2087,-1230,-85,181,0.2262520568847656,9.90241806640625,0.33518823242187495,30.391764705882352,-33801.52671755725,-2335.87786259542,4974.045801526718
490056,0,0,0,4903048252,4884.850658,0.010005,376,16582,504,-2080,-1231,-88,186,0.22505495605468748,9.925162982177733,0.3016694091796875,30.412352941176472,-33829.00763358779,-2418.320610687023,5111.4503816793895
490057,0,0,0,4903058258,4884.860664,0.010006,394,16544,486,-2082,-1232,-75,182,0.23582886352539062,9.90241806640625,0.29089550170898437,30.406470588235294,-33856.48854961832,-2061.0687022900765,5001.526717557253
490058,0,0,0,4903068263,4884.870669,0.010005,398,16534,468,-2090,-1236,-84,183,0.23822306518554687,9.896432562255859,0.28012159423828126,30.382941176470588,-33966.41221374046,-2308.3969465648856,5029.007633587787
490059,0,0,0,4903078268,4884.880674,0.010005,370,16510,450,-2090,-1239,-87,193,0.2214636535644531,9.882067352294921,0.2693476867675781,30.382941176470588,-34048.85496183206,-2390.8396946564885,5303.81679389313
490060,0,0,0,4903088273,4884.890679,0.010005,358,16554,458,-2088,-1237,-89,186,0.21428104858398436,9.90840357055664,0.2741360900878906,30.388823529411766,-33993.89312977099,-2445.8015267175574,5111.4503816793895
490061,0,0,0,4903098278,4884.900684,0.010005,358,16588,482,-2085,-1235,-79,184,0.21428104858398436,9.928754284667969,0.2885013000488281,30.39764705882353,-33938.931297709925,-2170.992366412214,5056.488549618321
490062,0,0,0,4903108284,4884.91069,0.010006,374,16576,448,-2083,-1232,-89,181,0.22385785522460935,9.9215716796875,0.26815058593749996,30.40352941176471,-33856.48854961832,-2445.8015267175574,4974.045801526718
490063,0,0,0,4903118289,4884.920695,0.010005,382,16598,500,-2084,-1227,-90,178,0.22864625854492185,9.934739788818359,0.29927520751953124,30.40058823529412,-33719.08396946565,-2473.282442748092,4891.603053435115
490064,0,0,0,4903128294,4884.9307,0.010005,388,16548,450,-2087,-1229,-83,181,0.23223756103515625,9.904812268066406,0.2693476867675781,30.391764705882352,-33774.04580152672,-2280.916030534351,4974.045801526718
490065,0,0,0,4903138299,4884.940705,0.010005,396,16552,462,-2080,-1231,-86,185,0.23702596435546874,9.907206469726562,0.2765302917480469,30.412352941176472,-33829.00763358779,-2363.3587786259545,5083.9694656488555
490066,0,0,0,4903148304,4884.95071,0.010005,366,16560,470,-2083,-1229,-77,184,0.21906945190429686,9.911994873046874,0.2813186950683594,30.40352941176471,-33774.04580152672,-2116.030534351145,5056.488549618321
490067,0,0,0,4903158310,4884.960716,0.010006,410,16580,474,-2091,-1230,-78,188,0.2454056701660156,9.923965881347655,0.28371289672851563,30.380000000000003,-33801.52671755725,-2143.5114503816794,5166.412213740458
490068,0,0,0,4903168315,4884.970721,0.010005,418,16474,462,-2089,-1229,-84,186,0.2501940734863281,9.860519537353515,0.2765302917480469,30.385882352941177,-33774.04580152672,-2308.3969465648856,5111.4503816793895
490069,0,0,0,4903178320,4884.980726,0.010005,402,16528,448,-2090,-1233,-79,183,0.24061726684570311,9.892841259765625,0.26815058593749996,30.382941176470588,-33883.96946564886,-2170.992366412214,5029.007633587787
490070,0,0,0,4903188325,4884.990731,0.010005,378,16568,458,-2092,-1229,-80,186,0.2262520568847656,9.916783276367187,0.2741360900878906,30.377058823529413,-33774.04580152672,-2198.4732824427483,5111.4503816793895
490071,0,0,0,4903198330,4885.000736,0.010005,380,16582,464,-2093,-1225,-83,185,0.22744915771484372,9.925162982177733,0.277727392578125,30.374117647058824,-33664.122137404585,-2280.916030534351,5083.9694656488555
490072,0,0,0,4903208335,4885.010741,0.010005,394,16532,414,-2088,-1229,-85,191,0.23582886352539062,9.89523546142578,0.24779987182617186,30.388823529411766,-33774.04580152672,-2335.87786259542,5248.854961832061
490073,0,0,0,4903218341,4885.020747,0.010006,366,16544,496,-2084,-1231,-83,187,0.21906945190429686,9.90241806640625,0.296881005859375,30.40058823529412,-33829.00763358779,-2280.916030534351,5138.931297709924
490074,0,0,0,4903228346,4885.030752,0.010005,404,16544,456,-2088,-1234,-84,179,0.24181436767578124,9.90241806640625,0.27293898925781246,30.388823529411766,-33911.45038167939,-2308.3969465648856,4919.083969465649
490075,0,0,0,4903238351,4885.040757,0.010005,342,16524,472,-2087,-1230,-81,191,0.20470424194335937,9.890447058105469,0.2825157958984375,30.391764705882352,-33801.52671755725,-2225.9541984732828,5248.854961832061
490076,0,0,0,4903248356,4885.050762,0.010005,340,16528,476,-2088,-1234,-83,193,0.20350714111328125,9.892841259765625,0.28490999755859375,30.388823529411766,-33911.45038167939,-2280.916030534351,5303.81679389313
490077,0,0,0,4903258361,4885.060767,0.010005,396,16548,470,-2086,-1230,-79,189,0.23702596435546874,9.904812268066406,0.2813186950683594,30.39470588235294,-33801.52671755725,-2170.992366412214,5193.893129770992
490078,0,0,0,4903268367,4885.070773,0.010006,352,16554,474,-2085,-1232,-89,184,0.21068974609375,9.90840357055664,0.28371289672851563,30.39764705882353,-33856.48854961832,-2445.8015267175574,5056.488549618321
490079,0,0,0,4903278372,4885.080778,0.010005,394,16514,476,-2085,-1230,-89,188,0.23582886352539062,9.884461553955077,0.28490999755859375,30.39764705882353,-33801.52671755725,-2445.8015267175574,5166.412213740458
490080,0,0,0,4903288377,4885.090783,0.010005,314,16530,464,-2087,-1233,-87,189,0.1879448303222656,9.894038360595703,0.277727392578125,30.391764705882352,-33883.96946564886,-2390.8396946564885,5193.893129770992
490081,0,0,0,4903298382,4885.100788,0.010005,376,16610,478,-2085,-1232,-86,187,0.22505495605468748,9.941922393798828,0.2861070983886719,30.39764705882353,-33856.48854961832,-2363.3587786259545,5138.931297709924
490082,0,0,0,4903308387,4885.110793,0.010005,408,16562,448,-2083,-1233,-85,190,0.2442085693359375,9.913191973876952,0.26815058593749996,30.40352941176471,-33883.96946564886,-2335.87786259542,5221.374045801527
490083,0,0,0,4903318393,4885.120799,0.010006,376,16552,400,-2089,-1230,-82,180,0.22505495605468748,9.907206469726562,0.239420166015625,30.385882352941177,-33801.52671755725,-2253.4351145038167,4946.564885496184
490084,0,0,0,4903328398,4885.130804,0.010005,350,16536,442,-2089,-1233,-85,180,0.20949264526367187,9.897629663085937,0.2645592834472656,30.385882352941177,-33883.96946564886,-2335.87786259542,4946.564885496184
490085,0,0,0,4903338403,4885.140809,0.010005,394,16540,484,-2090,-1236,-87,187,0.23582886352539062,9.900023864746093,0.28969840087890625,30.382941176470588,-33966.41221374046,-2390.8396946564885,5138.931297709924
490086,0,0,0,4903348408,4885.150814,0.010005,396,16548,476,-2086,-1235,-88,187,0.23702596435546874,9.904812268066406,0.28490999755859375,30.39470588235294,-33938.931297709925,-2418.320610687023,5138.931297709924
490087,0,0,0,4903358413,4885.160819,0.010005,370,16602,464,-2083,-1233,-87,185,0.2214636535644531,9.937133990478515,0.277727392578125,30.40352941176471,-33883.96946564886,-2390.8396946564885,5083.9694656488555
490088,0,0,0,4903368419,4885.170825,0.010006,380,16558,510,-2082,-1234,-89,187,0.22744915771484372,9.910797772216796,0.30526071166992186,30.406470588235294,-33911.45038167939,-2445.8015267175574,5138.931297709924
490089,0,0,0,4903378424,4885.18083,0.010005,382,16600,410,-2086,-1231,-87,188,0.22864625854492185,9.935936889648437,0.2454056701660156,30.39470588235294,-33829.00763358779,-2390.8396946564885,5166.412213740458
490090,0,0,0,4903388429,4885.190835,0.010005,378,16564,474,-2086,-1225,-86,191,0.2262520568847656,9.91438907470703,0.28371289672851563,30.39470588235294,-33664.122137404585,-2363.3587786259545,5248.854961832061
490091,0,0,0,4903398434,4885.20084,0.010005,360,16568,484,-2087,-1227,-87,185,0.2154781494140625,9.916783276367187,0.28969840087890625,30.391764705882352,-33719.08396946565,-2390.8396946564885,5083.9694656488555
490092,0,0,0,4903408439,4885.210845,0.010005,372,16570,464,-2077,-1231,-84,187,0.22266075439453123,9.917980377197265,0.277727392578125,30.421176470588236,-33829.00763358779,-2308.3969465648856,5138.931297709924
490093,0,0,0,4903418444,4885.22085,0.010005,324,16556,486,-2084,-1233,-87,183,0.19393033447265623,9.909600671386718,0.29089550170898437,30.40058823529412,-33883.96946564886,-2390.8396946564885,5029.007633587787
490094,0,0,0,4903428450,4885.230856,0.010006,374,16576,490,-2083,-1230,-85,190,0.22385785522460935,9.9215716796875,0.2932897033691406,30.40352941176471,-33801.52671755725,-2335.87786259542,5221.374045801527
490095,0,0,0,4903438455,4885.240861,0.010005,360,16590,484,-2087,-1230,-86,188,0.2154781494140625,9.929951385498047,0.28969840087890625,30.391764705882352,-33801.52671755725,-2363.3587786259545,5166.412213740458
490096,0,0,0,4903448460,4885.250866,0.010005,366,16556,516,-2087,-1233,-86,184,0.21906945190429686,9.909600671386718,0.30885201416015623,30.391764705882352,-33883.96946564886,-2363.3587786259545,5056.488549618321
490097,0,0,0,4903458465,4885.260871,0.010005,358,16532,504,-2090,-1230,-92,191,0.21428104858398436,9.89523546142578,0.3016694091796875,30.382941176470588,-33801.52671755725,-2528.2442748091603,5248.854961832061
490098,0,0,0,4903468470,4885.270876,0.010005,342,16538,480,-2087,-1228,-88,190,0.20470424194335937,9.898826763916015,0.28730419921875,30.391764705882352,-33746.564885496184,-2418.320610687023,5221.374045801527
490099,0,0,0,4903478476,4885.280882,0.010006,418,16538,502,-2091,-1227,-87,189,0.2501940734863281,9.898826763916015,0.30047230834960936,30.380000000000003,-33719.08396946565,-2390.8396946564885,5193.893129770992
490100,0,0,0,4903488481,4885.290887,0.010005,356,16542,472,-2092,-1235,-85,184,0.21308394775390624,9.90122096557617,0.2825157958984375,30.377058823529413,-33938.931297709925,-2335.87786259542,5056.488549618321
490101,0,0,0,4903498486,4885.300892,0.010005,358,16518,482,-2092,-1231,-87,182,0.21428104858398436,9.886855755615233,0.2885013000488281,30.377058823529413,-33829.00763358779,-2390.8396946564885,5001.526717557253
490102,0,0,0,4903508491,4885.310897,0.010005,350,16548,488,-2086,-1229,-84,181,0.20949264526367187,9.904812268066406,0.2920926025390625,30.39470588235294,-33774.04580152672,-2308.3969465648856,4974.045801526718
490103,0,0,0,4903518496,4885.320902,0.010005,352,16536,508,-2084,-1230,-84,186,0.21068974609375,9.897629663085937,0.30406361083984373,30.40058823529412,-33801.52671755725,-2308.3969465648856,5111.4503816793895
490104,0,0,0,4903528502,4885.330908,0.010006,324,16520,484,-2087,-1237,-87,189,0.19393033447265623,9.888052856445311,0.28969840087890625,30.391764705882352,-33993.89312977099,-2390.8396946564885,5193.893129770992
490105,0,0,0,4903538507,4885.340913,0.010005,340,16502,482,-2081,-1233,-83,186,0.20350714111328125,9.87727894897461,0.2885013000488281,30.409411764705883,-33883.96946564886,-2280.916030534351,5111.4503816793895
490106,0,0,0,4903548512,4885.350918,0.010005,374,16576,442,-2084,-1230,-82,191,0.22385785522460935,9.9215716796875,0.2645592834472656,30.40058823529412,-33801.52671755725,-2253.4351145038167,5248.854961832061
490107,0,0,0,4903558517,4885.360923,0.010005,360,16512,440,-2086,-1224,-84,195,0.2154781494140625,9.883264453125,0.26336218261718747,30.39470588235294,-33636.64122137405,-2308.3969465648856,5358.778625954199
490108,0,0,0,4903568522,4885.370928,0.010005,364,16528,466,-2081,-1232,-85,194,0.21787235107421873,9.892841259765625,0.27892449340820313,30.409411764705883,-33856.48854961832,-2335.87786259542,5331.297709923664
490109,0,0,0,4903578527,4885.380933,0.010005,378,16548,480,-2084,-1234,-84,185,0.2262520568847656,9.904812268066406,0.28730419921875,30.40058823529412,-33911.45038167939,-2308.3969465648856,5083.9694656488555
490110,0,0,0,4903588533,4885.390939,0.010006,404,16514,486,-2090,-1237,-84,181,0.24181436767578124,9.884461553955077,0.29089550170898437,30.382941176470588,-33993.89312977099,-2308.3969465648856,4974.045801526718
490111,0,0,0,4903598538,4885.400944,0.010005,352,16560,534,-2089,-1233,-86,185,0.21068974609375,9.911994873046874,0.31962592163085934,30.385882352941177,-33883.96946564886,-2363.3587786259545,5083.9694656488555
490112,0,0,0,4903608543,4885.410949,0.010005,378,16550,486,-2086,-1232,-79,181,0.2262520568847656,9.906009368896484,0.29089550170898437,30.39470588235294,-33856.48854961832,-2170.992366412214,4974.045801526718
490113,0,0,0,4903618548,4885.420954,0.010005,364,16558,542,-2092,-1232,-86,183,0.21787235107421873,9.910797772216796,0.32441432495117184,30.377058823529413,-33856.48854961832,-2363.3587786259545,5029.007633587787
490114,0,0,0,4903628553,4885.430959,0.010005,378,16498,504,-2089,-1232,-89,184,0.2262520568847656,9.874884747314452,0.3016694091796875,30.385882352941177,-33856.48854961832,-2445.8015267175574,5056.488549618321
490115,0,0,0,4903638559,4885.440965,0.010006,356,16564,454,-2090,-1230,-80,184,0.21308394775390624,9.91438907470703,0.27174188842773433,30.382941176470588,-33801.52671755725,-2198.4732824427483,5056.488549618321
490116,0,0,0,4903648564,4885.45097,0.010005,380,16546,498,-2085,-1228,-85,181,0.22744915771484372,9.903615167236328,0.2980781066894531,30.39764705882353,-33746.564885496184,-2335.87786259542,4974.045801526718
490117,0,0,0,4903658569,4885.460975,0.010005,380,16570,478,-2093,-1225,-80,185,0.22744915771484372,9.917980377197265,0.2861070983886719,30.374117647058824,-33664.122137404585,-2198.4732824427483,5083.9694656488555
490118,0,0,0,4903668574,4885.47098,0.010005,396,16550,508,-2089,-1231,-86,191,0.23702596435546874,9.906009368896484,0.30406361083984373,30.385882352941177,-33829.00763358779,-2363.3587786259545,5248.854961832061
490119,0,0,0,4903678579,4885.480985,0.010005,366,16552,476,-2084,-1234,-89,191,0.21906945190429686,9.907206469726562,0.28490999755859375,30.40058823529412,-33911.45038167939,-2445.8015267175574,5248.854961832061
490120,0,0,0,4903688585,4885.490991,0.010006,354,16560,458,-2089,-1229,-85,189,0.21188684692382811,9.911994873046874,0.2741360900878906,30.385882352941177,-33774.04580152672,-2335.87786259542,5193.893129770992
490121,0,0,0,4903698590,4885.500996,0.010005,318,16564,448,-2092,-1233,-78,188,0.19033903198242186,9.91438907470703,0.26815058593749996,30.377058823529413,-33883.96946564886,-2143.5114503816794,5166.412213740458
490122,0,0,0,4903708595,4885.511001,0.010005,366,16552,426,-2087,-1233,-89,182,0.21906945190429686,9.907206469726562,0.2549824768066406,30.391764705882352,-33883.96946564886,-2445.8015267175574,5001.526717557253
490123,0,0,0,4903718600,4885.521006,0.010005,418,16514,440,-2087,-1233,-81,190,0.2501940734863281,9.884461553955077,0.26336218261718747,30.391764705882352,-33883.96946564886,-2225.9541984732828,5221.374045801527
490124,0,0,0,4903728605,4885.531011,0.010005,408,16570,482,-2085,-1232,-86,188,0.2442085693359375,9.917980377197265,0.2885013000488281,30.39764705882353,-33856.48854961832,-2363.3587786259545,5166.412213740458
490125,0,0,0,4903738611,4885.541017,0.010006,416,16556,414,-2087,-1232,-87,184,0.24899697265624998,9.909600671386718,0.24779987182617186,30.391764705882352,-33856.48854961832,-2390.8396946564885,5056.488549618321
490126,0,0,0,4903748616,4885.551022,0.010005,362,16560,490,-2090,-1234,-88,183,0.2166752502441406,9.911994873046874,0.2932897033691406,30.382941176470588,-33911.45038167939,-2418.320610687023,5029.007633587787
490127,0,0,0,4903758621,4885.561027,0.010005,368,16524,494,-2090,-1232,-83,179,0.22026655273437498,9.890447058105469,0.29568390502929687,30.382941176470588,-33856.48854961832,-2280.916030534351,4919.083969465649
490128,0,0,0,4903768626,4885.571032,0.010005,336,16542,426,-2096,-1231,-85,187,0.201112939453125,9.90122096557617,0.2549824768066406,30.36529411764706,-33829.00763358779,-2335.87786259542,5138.931297709924
490129,0,0,0,4903778631,4885.581037,0.010005,372,16574,502,-2094,-1224,-82,192,0.22266075439453123,9.920374578857421,0.30047230834960936,30.371176470588235,-33636.64122137405,-2253.4351145038167,5276.335877862595
490130,0,0,0,4903788636,4885.591042,0.010005,340,16528,462,-2091,-1227,-85,190,0.20350714111328125,9.892841259765625,0.2765302917480469,30.380000000000003,-33719.08396946565,-2335.87786259542,5221.374045801527
490131,0,0,0,4903798642,4885.601048,0.010006,338,16524,414,-2089,-1229,-80,186,0.20231004028320312,9.890447058105469,0.24779987182617186,30.385882352941177,-33774.04580152672,-2198.4732824427483,5111.4503816793895
490132,0,0,0,4903808647,4885.611053,0.010005,372,16568,430,-2086,-1229,-86,181,0.22266075439453123,9.916783276367187,0.25737667846679685,30.39470588235294,-33774.04580152672,-2363.3587786259545,4974.045801526718
490133,0,0,0,4903818652,4885.621058,0.010005,370,16538,500,-2085,-1232,-86,179,0.2214636535644531,9.898826763916015,0.29927520751953124,30.39764705882353,-33856.48854961832,-2363.3587786259545,4919.083969465649
490134,0,0,0,4903828657,4885.631063,0.010005,392,16590,424,-2087,-1228,-91,184,0.2346317626953125,9.929951385498047,0.2537853759765625,30.391764705882352,-33746.564885496184,-2500.7633587786263,5056.488549618321
490135,0,0,0,4903838662,4885.641068,0.010005,338,16532,452,-2091,-1228,-90,178,0.20231004028320312,9.89523546142578,0.2705447875976562,30.380000000000003,-33746.564885496184,-2473.282442748092,4891.603053435115
490136,0,0,0,4903848668,4885.651074,0.010006,376,16514,470,-2091,-1228,-82,184,0.22505495605468748,9.884461553955077,0.2813186950683594,30.380000000000003,-33746.564885496184,-2253.4351145038167,5056.488549618321
490137,0,0,0,4903858673,4885.661079,0.010005,380,16532,486,-2089,-1235,-79,184,0.22744915771484372,9.89523546142578,0.29089550170898437,30.385882352941177,-33938.931297709925,-2170.992366412214,5056.488549618321
490138,0,0,0,4903868678,4885.671084,0.010005,382,16560,494,-2084,-1236,-83,188,0.22864625854492185,9.911994873046874,0.29568390502929687,30.40058823529412,-33966.41221374046,-2280.916030534351,5166.412213740458
490139,0,0,0,4903878683,4885.681089,0.010005,380,16510,446,-2089,-1238,-94,192,0.22744915771484372,9.882067352294921,0.26695348510742184,30.385882352941177,-34021.37404580153,-2583.206106870229,5276.335877862595
490140,0,0,0,4903888688,4885.691094,0.010005,348,16492,472,-2086,-1230,-94,178,0.20829554443359374,9.871293444824218,0.2825157958984375,30.39470588235294,-33801.52671755725,-2583.206106870229,4891.603053435115
490141,0,0,0,4903898694,4885.7011,0.010006,352,16546,482,-2087,-1225,-89,189,0.21068974609375,9.903615167236328,0.2885013000488281,30.391764705882352,-33664.122137404585,-2445.8015267175574,5193.893129770992
490142,0,0,0,4903908699,4885.711105,0.010005,368,16536,520,-2085,-1228,-83,192,0.22026655273437498,9.897629663085937,0.3112462158203125,30.39764705882353,-33746.564885496184,-2280.916030534351,5276.335877862595
490143,0,0,0,4903918704,4885.72111,0.010005,358,16546,488,-2089,-1233,-85,187,0.21428104858398436,9.903615167236328,0.2920926025390625,30.385882352941177,-33883.96946564886,-2335.87786259542,5138.931297709924
490144,0,0,0,4903928709,4885.731115,0.010005,362,16522,456,-2091,-1235,-93,186,0.2166752502441406,9.889249957275391,0.27293898925781246,30.380000000000003,-33938.931297709925,-2555.7251908396947,5111.4503816793895
490145,0,0,0,4903938714,4885.74112,0.010005,356,16532,418,-2088,-1236,-91,186,0.21308394775390624,9.89523546142578,0.2501940734863281,30.388823529411766,-33966.41221374046,-2500.7633587786263,5111.4503816793895
490146,0,0,0,4903948720,4885.751126,0.010006,390,16560,474,-2087,-1235,-91,188,0.23343466186523437,9.911994873046874,0.28371289672851563,30.391764705882352,-33938.931297709925,-2500.7633587786263,5166.412213740458
490147,0,0,0,4903958725,4885.761131,0.010005,344,16502,486,-2090,-1221,-86,184,0.2059013427734375,9.87727894897461,0.29089550170898437,30.382941176470588,-33554.19847328244,-2363.3587786259545,5056.488549618321
490148,0,0,0,4903968730,4885.771136,0.010005,416,16546,540,-2091,-1226,-83,184,0.24899697265624998,9.903615167236328,0.3232172241210937,30.380000000000003,-33691.603053435116,-2280.916030534351,5056.488549618321
490149,0,0,0,4903978735,4885.781141,0.010005,304,16516,474,-2088,-1233,-83,181,0.181959326171875,9.885658654785155,0.28371289672851563,30.388823529411766,-33883.96946564886,-2280.916030534351,4974.045801526718
490150,0,0,0,4903988740,4885.791146,0.010005,396,16546,536,-2082,-1231,-87,189,0.23702596435546874,9.903615167236328,0.32082302246093747,30.406470588235294,-33829.00763358779,-2390.8396946564885,5193.893129770992
490151,0,0,0,4903998745,4885.801151,0.010005,388,16508,422,-2087,-1232,-83,184,0.23223756103515625,9.880870251464843,0.25258827514648435,30.391764705882352,-33856.48854961832,-2280.916030534351,5056.488549618321
490152,0,0,0,4904008751,4885.811157,0.010006,360,16544,432,-2082,-1230,-85,185,0.2154781494140625,9.90241806640625,0.258573779296875,30.406470588235294,-33801.52671755725,-2335.87786259542,5083.9694656488555
490153,0,0,0,4904018756,4885.821162,0.010005,356,16534,450,-2086,-1227,-89,186,0.21308394775390624,9.896432562255859,0.2693476867675781,30.39470588235294,-33719.08396946565,-2445.8015267175574,5111.4503816793895
490154,0,0,0,4904028761,4885.831167,0.010005,360,16546,496,-2085,-1225,-90,187,0.2154781494140625,9.903615167236328,0.296881005859375,30.39764705882353,-33664.122137404585,-2473.282442748092,5138.931297709924
490155,0,0,0,4904038766,4885.841172,0.010005,350,16578,456,-2086,-1230,-79,184,0.20949264526367187,9.922768780517577,0.27293898925781246,30.39470588235294,-33801.52671755725,-2170.992366412214,5056.488549618321
490156,0,0,0,4904048771,4885.851177,0.010005,332,16554,446,-2090,-1228,-82,184,0.19871873779296872,9.90840357055664,0.26695348510742184,30.382941176470588,-33746.564885496184,-2253.4351145038167,5056.488549618321
490157,0,0,0,4904058777,4885.861183,0.010006,364,16502,476,-2090,-1231,-85,184,0.21787235107421873,9.87727894897461,0.28490999755859375,30.382941176470588,-33829.00763358779,-2335.87786259542,5056.488549618321
490158,0,0,0,4904068782,4885.871188,0.010005,396,16552,486,-2088,-1233,-80,196,0.23702596435546874,9.907206469726562,0.29089550170898437,30.388823529411766,-33883.96946564886,-2198.4732824427483,5386.259541984733
490159,0,0,0,4904078787,4885.881193,0.010005,372,16560,514,-2082,-1228,-80,189,0.22266075439453123,9.911994873046874,0.3076549133300781,30.406470588235294,-33746.564885496184,-2198.4732824427483,5193.893129770992
490160,0,0,0,4904088792,4885.891198,0.010005,362,16562,512,-2086,-1234,-87,183,0.2166752502441406,9.913191973876952,0.3064578125,30.39470588235294,-33911.45038167939,-2390.8396946564885,5029.007633587787
490161,0,0,0,4904098797,4885.901203,0.010005,330,16520,470,-2088,-1230,-90,185,0.1975216369628906,9.888052856445311,0.2813186950683594,30.388823529411766,-33801.52671755725,-2473.282442748092,5083.9694656488555
490162,0,0,0,4904108803,4885.911209,0.010006,388,16562,484,-2085,-1227,-98,190,0.23223756103515625,9.913191973876952,0.28969840087890625,30.39764705882353,-33719.08396946565,-2693.1297709923665,5221.374045801527
490163,0,0,0,4904118808,4885.921214,0.010005,370,16510,490,-2088,-1230,-89,194,0.2214636535644531,9.882067352294921,0.2932897033691406,30.388823529411766,-33801.52671755725,-2445.8015267175574,5331.297709923664
490164,0,0,0,4904128813,4885.931219,0.010005,370,16492,484,-2088,-1230,-82,189,0.2214636535644531,9.871293444824218,0.28969840087890625,30.388823529411766,-33801.52671755725,-2253.4351145038167,5193.893129770992
490165,0,0,0,4904138818,4885.941224,0.010005,360,16530,454,-2090,-1232,-83,182,0.2154781494140625,9.894038360595703,0.27174188842773433,30.382941176470588,-33856.48854961832,-2280.916030534351,5001.526717557253
490166,0,0,0,4904148823,4885.951229,0.010005,336,16540,458,-2086,-1232,-85,188,0.201112939453125,9.900023864746093,0.2741360900878906,30.39470588235294,-33856.48854961832,-2335.87786259542,5166.412213740458
490167,0,0,0,4904158829,4885.961235,0.010006,350,16560,460,-2081,-1234,-78,192,0.20949264526367187,9.911994873046874,0.2753331909179687,30.409411764705883,-33911.45038167939,-2143.5114503816794,5276.335877862595
490168,0,0,0,4904168834,4885.97124,0.010005,374,16562,488,-2082,-1229,-84,194,0.22385785522460935,9.913191973876952,0.2920926025390625,30.406470588235294,-33774.04580152672,-2308.3969465648856,5331.297709923664
490169,0,0,0,4904178839,4885.981245,0.010005,398,16538,496,-2085,-1230,-87,192,0.23822306518554687,9.898826763916015,0.296881005859375,30.39764705882353,-33801.52671755725,-2390.8396946564885,5276.335877862595
490170,0,0,0,4904188844,4885.99125,0.010005,414,16554,466,-2086,-1231,-93,190,0.24779987182617186,9.90840357055664,0.27892449340820313,30.39470588235294,-33829.00763358779,-2555.7251908396947,5221.374045801527
490171,0,0,0,4904198849,4886.001255,0.010005,380,16550,460,-2090,-1231,-84,182,0.22744915771484372,9.906009368896484,0.2753331909179687,30.382941176470588,-33829.00763358779,-2308.3969465648856,5001.526717557253
490172,0,0,0,4904208854,4886.01126,0.010005,392,16548,490,-2083,-1231,-83,181,0.2346317626953125,9.904812268066406,0.2932897033691406,30.40352941176471,-33829.00763358779,-2280.916030534351,4974.045801526718
490173,0,0,0,4904218860,4886.021266,0.010006,388,16536,420,-2086,-1232,-91,190,0.23223756103515625,9.897629663085937,0.25139117431640623,30.39470588235294,-33856.48854961832,-2500.7633587786263,5221.374045801527
490174,0,0,0,4904228865,4886.031271,0.010005,384,16558,538,-2092,-1231,-82,190,0.229843359375,9.910797772216796,0.3220201232910156,30.377058823529413,-33829.00763358779,-2253.4351145038167,5221.374045801527
490175,0,0,0,4904238870,4886.041276,0.010005,388,16582,500,-2092,-1233,-83,183,0.23223756103515625,9.925162982177733,0.29927520751953124,30.377058823529413,-33883.96946564886,-2280.916030534351,5029.007633587787
490176,0,0,0,4904248875,4886.051281,0.010005,384,16552,500,-2087,-1233,-83,180,0.229843359375,9.907206469726562,0.29927520751953124,30.391764705882352,-33883.96946564886,-2280.916030534351,4946.564885496184
490177,0,0,0,4904258880,4886.061286,0.010005,342,16552,398,-2084,-1235,-86,184,0.20470424194335937,9.907206469726562,0.23822306518554687,30.40058823529412,-33938.931297709925,-2363.3587786259545,5056.488549618321
490178,0,0,0,4904268886,4886.071292,0.010006,372,16576,500,-2085,-1231,-86,190,0.22266075439453123,9.9215716796875,0.29927520751953124,30.39764705882353,-33829.00763358779,-2363.3587786259545,5221.374045801527
490179,0,0,0,4904278891,4886.081297,0.010005,368,16540,530,-2094,-1228,-84,178,0.22026655273437498,9.900023864746093,0.3172317199707031,30.371176470588235,-33746.564885496184,-2308.3969465648856,4891.603053435115
490180,0,0,0,4904288896,4886.091302,0.010005,386,16512,520,-2088,-1229,-88,194,0.23104046020507812,9.883264453125,0.3112462158203125,30.388823529411766,-33774.04580152672,-2418.320610687023,5331.297709923664
490181,0,0,0,4904298901,4886.101307,0.010005,404,16522,528,-2090,-1228,-86,191,0.24181436767578124,9.889249957275391,0.316034619140625,30.382941176470588,-33746.564885496184,-2363.3587786259545,5248.854961832061
490182,0,0,0,4904308906,4886.111312,0.010005,342,16540,482,-2092,-1229,-86,182,0.20470424194335937,9.900023864746093,0.2885013000488281,30.377058823529413,-33774.04580152672,-2363.3587786259545,5001.526717557253
490183,0,0,0,4904318912,4886.121318,0.010006,406,16572,534,-2093,-1232,-83,185,0.24301146850585936,9.919177478027343,0.31962592163085934,30.374117647058824,-33856.48854961832,-2280.916030534351,5083.9694656488555
490184,0,0,0,4904328917,4886.131323,0.010005,366,16546,452,-2093,-1231,-86,184,0.21906945190429686,9.903615167236328,0.2705447875976562,30.374117647058824,-33829.00763358779,-2363.3587786259545,5056.488549618321
490185,0,0,0,4904338922,4886.141328,0.010005,366,16542,438,-2090,-1234,-85,174,0.21906945190429686,9.90122096557617,0.26216508178710934,30.382941176470588,-33911.45038167939,-2335.87786259542,4781.679389312977
490186,0,0,0,4904348927,4886.151333,0.010005,410,16530,440,-2089,-1232,-84,180,0.2454056701660156,9.894038360595703,0.26336218261718747,30.385882352941177,-33856.48854961832,-2308.3969465648856,4946.564885496184
490187,0,0,0,4904358932,4886.161338,0.010005,378,16510,502,-2095,-1227,-84,188,0.2262520568847656,9.882067352294921,0.30047230834960936,30.368235294117646,-33719.08396946565,-2308.3969465648856,5166.412213740458
490188,0,0,0,4904368938,4886.171344,0.010006,350,16534,462,-2089,-1225,-85,185,0.20949264526367187,9.896432562255859,0.2765302917480469,30.385882352941177,-33664.122137404585,-2335.87786259542,5083.9694656488555
490189,0,0,0,4904378943,4886.181349,0.010005,398,16570,448,-2082,-1225,-75,196,0.23822306518554687,9.917980377197265,0.26815058593749996,30.406470588235294,-33664.122137404585,-2061.0687022900765,5386.259541984733
490190,0,0,0,4904388948,4886.191354,0.010005,404,16548,486,-2083,-1229,-80,183,0.24181436767578124,9.904812268066406,0.29089550170898437,30.40352941176471,-33774.04580152672,-2198.4732824427483,5029.007633587787
490191,0,0,0,4904398953,4886.201359,0.010005,416,16550,472,-2085,-1236,-88,185,0.24899697265624998,9.906009368896484,0.2825157958984375,30.39764705882353,-33966.41221374046,-2418.320610687023,5083.9694656488555
490192,0,0,0,4904408958,4886.211364,0.010005,362,16566,530,-2084,-1240,-90,184,0.2166752502441406,9.91558617553711,0.3172317199707031,30.40058823529412,-34076.3358778626,-2473.282442748092,5056.488549618321
490193,0,0,0,4904418963,4886.221369,0.010005,360,16538,422,-2089,-1240,-89,188,0.2154781494140625,9.898826763916015,0.25258827514648435,30.385882352941177,-34076.3358778626,-2445.8015267175574,5166.412213740458
490194,0,0,0,4904428969,4886.231375,0.010006,388,16546,458,-2087,-1235,-85,185,0.23223756103515625,9.903615167236328,0.2741360900878906,30.391764705882352,-33938.931297709925,-2335.87786259542,5083.9694656488555
490195,0,0,0,4904438974,4886.24138,0.010005,364,16556,490,-2087,-1233,-80,186,0.21787235107421873,9.909600671386718,0.2932897033691406,30.391764705882352,-33883.96946564886,-2198.4732824427483,5111.4503816793895
490196,0,0,0,4904448979,4886.251385,0.010005,378,16512,496,-2081,-1236,-80,190,0.2262520568847656,9.883264453125,0.296881005859375,30.409411764705883,-33966.41221374046,-2198.4732824427483,5221.374045801527
490197,0,0,0,4904458984,4886.26139,0.010005,350,16578,510,-2082,-1230,-79,186,0.20949264526367187,9.922768780517577,0.30526071166992186,30.406470588235294,-33801.52671755725,-2170.992366412214,5111.4503816793895
490198,0,0,0,4904468989,4886.271395,0.010005,306,16540,512,-2083,-1233,-82,191,0.18315642700195311,9.900023864746093,0.3064578125,30.40352941176471,-33883.96946564886,-2253.4351145038167,5248.854961832061
490199,0,0,0,4904478995,4886.281401,0.010006,354,16486,456,-2081,-1229,-85,187,0.21188684692382811,9.867702142333984,0.27293898925781246,30.409411764705883,-33774.04580152672,-2335.87786259542,5138.931297709924
490200,0,0,0,4904489000,4886.291406,0.010005,382,16554,468,-2081,-1236,-89,185,0.22864625854492185,9.90840357055664,0.28012159423828126,30.409411764705883,-33966.41221374046,-2445.8015267175574,5083.9694656488555
490201,0,0,0,4904499005,4886.301411,0.010005,356,16546,408,-2082,-1232,-89,188,0.21308394775390624,9.903615167236328,0.2442085693359375,30.406470588235294,-33856.48854961832,-2445.8015267175574,5166.412213740458
490202,0,0,0,4904509010,4886.311416,0.010005,368,16556,412,-2084,-1235,-78,195,0.22026655273437498,9.909600671386718,0.24660277099609373,30.40058823529412,-33938.931297709925,-2143.5114503816794,5358.778625954199
490203,0,0,0,4904519015,4886.321421,0.010005,372,16546,444,-2088,-1230,-83,183,0.22266075439453123,9.903615167236328,0.2657563842773437,30.388823529411766,-33801.52671755725,-2280.916030534351,5029.007633587787
490204,0,0,0,4904529021,4886.331427,0.010006,360,16584,488,-2088,-1231,-84,185,0.2154781494140625,9.926360083007811,0.2920926025390625,30.388823529411766,-33829.00763358779,-2308.3969465648856,5083.9694656488555
490205,0,0,0,4904539026,4886.341432,0.010005,390,16532,464,-2085,-1228,-81,188,0.23343466186523437,9.89523546142578,0.277727392578125,30.39764705882353,-33746.564885496184,-2225.9541984732828,5166.412213740458
490206,0,0,0,4904549031,4886.351437,0.010005,368,16564,510,-2083,-1234,-84,188,0.22026655273437498,9.91438907470703,0.30526071166992186,30.40352941176471,-33911.45038167939,-2308.3969465648856,5166.412213740458
490207,0,0,0,4904559036,4886.361442,0.010005,364,16526,474,-2086,-1232,-91,192,0.21787235107421873,9.891644158935547,0.28371289672851563,30.39470588235294,-33856.48854961832,-2500.7633587786263,5276.335877862595
490208,0,0,0,4904569041,4886.371447,0.010005,350,16518,474,-2087,-1233,-90,191,0.20949264526367187,9.886855755615233,0.28371289672851563,30.391764705882352,-33883.96946564886,-2473.282442748092,5248.854961832061
490209,0,0,0,4904579047,4886.381453,0.010006,378,16574,490,-2087,-1231,-73,184,0.2262520568847656,9.920374578857421,0.2932897033691406,30.391764705882352,-33829.00763358779,-2006.1068702290077,5056.488549618321
490210,0,0,0,4904589052,4886.391458,0.010005,374,16554,488,-2086,-1234,-88,182,0.22385785522460935,9.90840357055664,0.2920926025390625,30.39470588235294,-33911.45038167939,-2418.320610687023,5001.526717557253
490211,0,0,0,4904599057,4886.401463,0.010005,394,16548,538,-2083,-1235,-90,178,0.23582886352539062,9.904812268066406,0.3220201232910156,30.40352941176471,-33938.931297709925,-2473.282442748092,4891.603053435115
490212,0,0,0,4904609062,4886.411468,0.010005,406,16564,444,-2084,-1230,-95,186,0.24301146850585936,9.91438907470703,0.2657563842773437,30.40058823529412,-33801.52671755725,-2610.6870229007636,5111.4503816793895
490213,0,0,0,4904619067,4886.421473,0.010005,370,16546,470,-2087,-1231,-89,189,0.2214636535644531,9.903615167236328,0.2813186950683594,30.391764705882352,-33829.00763358779,-2445.8015267175574,5193.893129770992
490214,0,0,0,4904629072,4886.431478,0.010005,396,16550,470,-2082,-1236,-87,185,0.23702596435546874,9.906009368896484,0.2813186950683594,30.406470588235294,-33966.41221374046,-2390.8396946564885,5083.9694656488555
490215,0,0,0,4904639078,4886.441484,0.010006,330,16514,540,-2086,-1236,-80,192,0.1975216369628906,9.884461553955077,0.3232172241210937,30.39470588235294,-33966.41221374046,-2198.4732824427483,5276.335877862595
490216,0,0,0,4904649083,4886.451489,0.010005,362,16528,410,-2082,-1230,-84,184,0.2166752502441406,9.892841259765625,0.2454056701660156,30.406470588235294,-33801.52671755725,-2308.3969465648856,5056.488549618321
490217,0,0,0,4904659088,4886.461494,0.010005,362,16566,490,-2082,-1233,-83,188,0.2166752502441406,9.91558617553711,0.2932897033691406,30.406470588235294,-33883.96946564886,-2280.916030534351,5166.412213740458
490218,0,0,0,4904669093,4886.471499,0.010005,412,16566,422,-2079,-1239,-90,187,0.24660277099609373,9.91558617553711,0.25258827514648435,30.41529411764706,-34048.85496183206,-2473.282442748092,5138.931297709924
490219,0,0,0,4904679098,4886.481504,0.010005,352,16584,484,-2082,-1236,-78,185,0.21068974609375,9.926360083007811,0.28969840087890625,30.406470588235294,-33966.41221374046,-2143.5114503816794,5083.9694656488555
490220,0,0,0,4904689104,4886.49151,0.010006,376,16510,430,-2084,-1232,-80,178,0.22505495605468748,9.882067352294921,0.25737667846679685,30.40058823529412,-33856.48854961832,-2198.4732824427483,4891.603053435115
490221,0,0,0,4904699109,4886.501515,0.010005,408,16510,482,-2086,-1227,-85,185,0.2442085693359375,9.882067352294921,0.2885013000488281,30.39470588235294,-33719.08396946565,-2335.87786259542,5083.9694656488555
490222,0,0,0,4904709114,4886.51152,0.010005,408,16540,430,-2085,-1233,-90,175,0.2442085693359375,9.900023864746093,0.25737667846679685,30.39764705882353,-33883.96946564886,-2473.282442748092,4809.160305343512
490223,0,0,0,4904719119,4886.521525,0.010005,368,16542,438,-2086,-1235,-87,183,0.22026655273437498,9.90122096557617,0.26216508178710934,30.39470588235294,-33938.931297709925,-2390.8396946564885,5029.007633587787
490224,0,0,0,4904729124,4886.53153,0.010005,420,16560,474,-2082,-1228,-88,181,0.25139117431640623,9.911994873046874,0.28371289672851563,30.406470588235294,-33746.564885496184,-2418.320610687023,4974.045801526718
490225,0,0,0,4904739130,4886.541536,0.010006,356,16544,462,-2085,-1223,-87,186,0.21308394775390624,9.90241806640625,0.2765302917480469,30.39764705882353,-33609.16030534351,-2390.8396946564885,5111.4503816793895
490226,0,0,0,4904749135,4886.551541,0.010005,364,16552,392,-2090,-1236,-80,187,0.21787235107421873,9.907206469726562,0.2346317626953125,30.382941176470588,-33966.41221374046,-2198.4732824427483,5138.931297709924
490227,0,0,0,4904759140,4886.561546,0.010005,318,16548,522,-2086,-1233,-81,191,0.19033903198242186,9.904812268066406,0.3124433166503906,30.39470588235294,-33883.96946564886,-2225.9541984732828,5248.854961832061
490228,0,0,0,4904769145,4886.571551,0.010005,382,16544,476,-2084,-1231,-84,189,0.22864625854492185,9.90241806640625,0.28490999755859375,30.40058823529412,-33829.00763358779,-2308.3969465648856,5193.893129770992
490229,0,0,0,4904779150,4886.581556,0.010005,356,16592,410,-2085,-1232,-86,191,0.21308394775390624,9.931148486328125,0.2454056701660156,30.39764705882353,-33856.48854961832,-2363.3587786259545,5248.854961832061
490230,0,0,0,4904789156,4886.591562,0.010006,358,16526,510,-2084,-1235,-80,187,0.21428104858398436,9.891644158935547,0.30526071166992186,30.40058823529412,-33938.931297709925,-2198.4732824427483,5138.931297709924
490231,0,0,0,4904799161,4886.601567,0.010005,374,16564,510,-2086,-1230,-82,182,0.22385785522460935,9.91438907470703,0.30526071166992186,30.39470588235294,-33801.52671755725,-2253.4351145038167,5001.526717557253
490232,0,0,0,4904809166,4886.611572,0.010005,388,16568,522,-2082,-1231,-78,190,0.23223756103515625,9.916783276367187,0.3124433166503906,30.406470588235294,-33829.00763358779,-2143.5114503816794,5221.374045801527
490233,0,0,0,4904819171,4886.621577,0.010005,388,16554,452,-2082,-1235,-83,187,0.23223756103515625,9.90840357055664,0.2705447875976562,30.406470588235294,-33938.931297709925,-2280.916030534351,5138.931297709924
490234,0,0,0,4904829176,4886.631582,0.010005,372,16524,430,-2085,-1229,-85,190,0.22266075439453123,9.890447058105469,0.25737667846679685,30.39764705882353,-33774.04580152672,-2335.87786259542,5221.374045801527
490235,0,0,0,4904839181,4886.641587,0.010005,362,16550,502,-2085,-1233,-88,189,0.2166752502441406,9.906009368896484,0.30047230834960936,30.39764705882353,-33883.96946564886,-2418.320610687023,5193.893129770992
490236,0,0,0,4904849187,4886.651593,0.010006,348,16582,492,-2090,-1233,-83,182,0.20829554443359374,9.925162982177733,0.29448680419921874,30.382941176470588,-33883.96946564886,-2280.916030534351,5001.526717557253
490237,0,0,0,4904859192,4886.661598,0.010005,384,16594,486,-2086,-1235,-83,188,0.229843359375,9.932345587158203,0.29089550170898437,30.39470588235294,-33938.931297709925,-2280.916030534351,5166.412213740458
490238,0,0,0,4904869197,4886.671603,0.010005,356,16530,508,-2088,-1232,-85,184,0.21308394775390624,9.894038360595703,0.30406361083984373,30.388823529411766,-33856.48854961832,-2335.87786259542,5056.488549618321
490239,0,0,0,4904879202,4886.681608,0.010005,340,16556,496,-2088,-1232,-91,185,0.20350714111328125,9.909600671386718,0.296881005859375,30.388823529411766,-33856.48854961832,-2500.7633587786263,5083.9694656488555
490240,0,0,0,4904889207,4886.691613,0.010005,352,16578,484,-2088,-1231,-87,190,0.21068974609375,9.922768780517577,0.28969840087890625,30.388823529411766,-33829.00763358779,-2390.8396946564885,5221.374045801527
490241,0,0,0,4904899213,4886.701619,0.010006,352,16544,516,-2086,-1236,-85,190,0.21068974609375,9.90241806640625,0.30885201416015623,30.39470588235294,-33966.41221374046,-2335.87786259542,5221.374045801527
490242,0,0,0,4904909218,4886.711624,0.010005,340,16502,462,-2087,-1237,-77,190,0.20350714111328125,9.87727894897461,0.2765302917480469,30.391764705882352,-33993.89312977099,-2116.030534351145,5221.374045801527
490243,0,0,0,4904919223,4886.721629,0.010005,346,16512,474,-2081,-1231,-86,187,0.20709844360351562,9.883264453125,0.28371289672851563,30.409411764705883,-33829.00763358779,-2363.3587786259545,5138.931297709924
490244,0,0,0,4904929228,4886.731634,0.010005,344,16538,472,-2086,-1232,-81,188,0.2059013427734375,9.898826763916015,0.2825157958984375,30.39470588235294,-33856.48854961832,-2225.9541984732828,5166.412213740458
490245,0,0,0,4904939233,4886.741639,0.010005,390,16514,424,-2087,-1228,-79,193,0.23343466186523437,9.884461553955077,0.2537853759765625,30.391764705882352,-33746.564885496184,-2170.992366412214,5303.81679389313
490246,0,0,0,4904949239,4886.751645,0.010006,396,16552,460,-2092,-1228,-89,188,0.23702596435546874,9.907206469726562,0.2753331909179687,30.377058823529413,-33746.564885496184,-2445.8015267175574,5166.412213740458
490247,0,0,0,4904959244,4886.76165,0.010005,396,16594,482,-2091,-1232,-85,188,0.23702596435546874,9.932345587158203,0.2885013000488281,30.380000000000003,-33856.48854961832,-2335.87786259542,5166.412213740458
490248,0,0,0,4904969249,4886.771655,0.010005,400,16562,442,-2087,-1227,-84,188,0.239420166015625,9.913191973876952,0.2645592834472656,30.391764705882352,-33719.08396946565,-2308.3969465648856,5166.412213740458
490249,0,0,0,4904979254,4886.78166,0.010005,346,16532,510,-2089,-1229,-82,189,0.20709844360351562,9.89523546142578,0.30526071166992186,30.385882352941177,-33774.04580152672,-2253.4351145038167,5193.893129770992
490250,0,0,0,4904989259,4886.791665,0.010005,368,16530,458,-2088,-1231,-83,189,0.22026655273437498,9.894038360595703,0.2741360900878906,30.388823529411766,-33829.00763358779,-2280.916030534351,5193.893129770992
490251,0,0,0,4904999265,4886.801671,0.010006,346,16572,490,-2082,-1225,-82,195,0.20709844360351562,9.919177478027343,0.2932897033691406,30.406470588235294,-33664.122137404585,-2253.4351145038167,5358.778625954199
490252,0,0,0,4905009270,4886.811676,0.010005,382,16552,462,-2085,-1233,-88,182,0.22864625854492185,9.907206469726562,0.2765302917480469,30.39764705882353,-33883.96946564886,-2418.320610687023,5001.526717557253
490253,0,0,0,4905019275,4886.821681,0.010005,412,16544,480,-2084,-1235,-82,182,0.24660277099609373,9.90241806640625,0.28730419921875,30.40058823529412,-33938.931297709925,-2253.4351145038167,5001.526717557253
490254,0,0,0,4905029280,4886.831686,0.010005,376,16562,418,-2086,-1225,-83,183,0.22505495605468748,9.913191973876952,0.2501940734863281,30.39470588235294,-33664.122137404585,-2280.916030534351,5029.007633587787
490255,0,0,0,4905039285,4886.841691,0.010005,374,16530,458,-2088,-1229,-86,182,0.22385785522460935,9.894038360595703,0.2741360900878906,30.388823529411766,-33774.04580152672,-2363.3587786259545,5001.526717557253
490256,0,0,0,4905049290,4886.851696,0.010005,334,16524,434,-2083,-1231,-84,183,0.19991583862304688,9.890447058105469,0.2597708801269531,30.40352941176471,-33829.00763358779,-2308.3969465648856,5029.007633587787
490257,0,0,0,4905059296,4886.861702,0.010006,364,16534,426,-2082,-1233,-79,192,0.21787235107421873,9.896432562255859,0.2549824768066406,30.406470588235294,-33883.96946564886,-2170.992366412214,5276.335877862595
490258,0,0,0,4905069301,4886.871707,0.010005,394,16540,422,-2087,-1232,-80,184,0.23582886352539062,9.900023864746093,0.25258827514648435,30.391764705882352,-33856.48854961832,-2198.4732824427483,5056.488549618321
490259,0,0,0,4905079306,4886.881712,0.010005,370,16594,482,-2090,-1237,-80,189,0.2214636535644531,9.932345587158203,0.2885013000488281,30.382941176470588,-33993.89312977099,-2198.4732824427483,5193.893129770992
490260,0,0,0,4905089311,4886.891717,0.010005,376,16552,450,-2087,-1231,-85,194,0.22505495605468748,9.907206469726562,0.2693476867675781,30.391764705882352,-33829.00763358779,-2335.87786259542,5331.297709923664
490261,0,0,0,4905099316,4886.901722,0.010005,346,16486,544,-2088,-1228,-87,186,0.20709844360351562,9.867702142333984,0.32561142578124996,30.388823529411766,-33746.564885496184,-2390.8396946564885,5111.4503816793895
490262,0,0,0,4905109322,4886.911728,0.010006,336,16534,432,-2091,-1231,-88,181,0.201112939453125,9.896432562255859,0.258573779296875,30.380000000000003,-33829.00763358779,-2418.320610687023,4974.045801526718
490263,0,0,0,4905119327,4886.921733,0.010005,330,16518,528,-2084,-1235,-87,192,0.1975216369628906,9.886855755615233,0.316034619140625,30.40058823529412,-33938.931297709925,-2390.8396946564885,5276.335877862595
490264,0,0,0,4905129332,4886.931738,0.010005,344,16560,474,-2083,-1235,-81,186,0.2059013427734375,9.911994873046874,0.28371289672851563,30.40352941176471,-33938.931297709925,-2225.9541984732828,5111.4503816793895
490265,0,0,0,4905139337,4886.941743,0.010005,342,16546,468,-2084,-1227,-84,190,0.20470424194335937,9.903615167236328,0.28012159423828126,30.40058823529412,-33719.08396946565,-2308.3969465648856,5221.374045801527
490266,0,0,0,4905149342,4886.951748,0.010005,352,16534,420,-2084,-1232,-83,185,0.21068974609375,9.896432562255859,0.25139117431640623,30.40058823529412,-33856.48854961832,-2280.916030534351,5083.9694656488555
490267,0,0,0,4905159348,4886.961754,0.010006,386,16540,438,-2087,-1229,-80,188,0.23104046020507812,9.900023864746093,0.26216508178710934,30.391764705882352,-33774.04580152672,-2198.4732824427483,5166.412213740458
490268,0,0,0,4905169353,4886.971759,0.010005,382,16542,476,-2084,-1229,-86,188,0.22864625854492185,9.90122096557617,0.28490999755859375,30.40058823529412,-33774.04580152672,-2363.3587786259545,5166.412213740458
490269,0,0,0,4905179358,4886.981764,0.010005,348,16564,464,-2085,-1233,-76,185,0.20829554443359374,9.91438907470703,0.277727392578125,30.39764705882353,-33883.96946564886,-2088.549618320611,5083.9694656488555
490270,0,0,0,4905189363,4886.991769,0.010005,398,16502,466,-2086,-1231,-82,187,0.23822306518554687,9.87727894897461,0.27892449340820313,30.39470588235294,-33829.00763358779,-2253.4351145038167,5138.931297709924
490271,0,0,0,4905199368,4887.001774,0.010005,340,16540,508,-2088,-1237,-82,187,0.20350714111328125,9.900023864746093,0.30406361083984373,30.388823529411766,-33993.89312977099,-2253.4351145038167,5138.931297709924
490272,0,0,0,4905209374,4887.01178,0.010006,370,16542,416,-2090,-1234,-90,179,0.2214636535644531,9.90122096557617,0.24899697265624998,30.382941176470588,-33911.45038167939,-2473.282442748092,4919.083969465649
490273,0,0,0,4905219379,4887.021785,0.010005,374,16540,460,-2090,-1232,-85,187,0.22385785522460935,9.900023864746093,0.2753331909179687,30.382941176470588,-33856.48854961832,-2335.87786259542,5138.931297709924
490274,0,0,0,4905229384,4887.03179,0.010005,368,16516,448,-2085,-1231,-87,186,0.22026655273437498,9.885658654785155,0.26815058593749996,30.39764705882353,-33829.00763358779,-2390.8396946564885,5111.4503816793895
490275,0,0,0,4905239389,4887.041795,0.010005,372,16562,480,-2087,-1236,-87,188,0.22266075439453123,9.913191973876952,0.28730419921875,30.391764705882352,-33966.41221374046,-2390.8396946564885,5166.412213740458
490276,0,0,0,4905249394,4887.0518,0.010005,380,16538,470,-2086,-1233,-88,194,0.22744915771484372,9.898826763916015,0.2813186950683594,30.39470588235294,-33883.96946564886,-2418.320610687023,5331.297709923664
490277,0,0,0,4905259400,4887.061806,0.010006,330,16572,476,-2087,-1237,-82,178,0.1975216369628906,9.919177478027343,0.28490999755859375,30.391764705882352,-33993.89312977099,-2253.4351145038167,4891.603053435115
490278,0,0,0,4905269405,4887.071811,0.010005,318,16544,406,-2087,-1228,-84,176,0.19033903198242186,9.90241806640625,0.24301146850585936,30.391764705882352,-33746.564885496184,-2308.3969465648856,4836.641221374046
490279,0,0,0,4905279410,4887.081816,0.010005,330,16550,524,-2089,-1227,-86,182,0.1975216369628906,9.906009368896484,0.3136404174804687,30.385882352941177,-33719.08396946565,-2363.3587786259545,5001.526717557253
490280,0,0,0,4905289415,4887.091821,0.010005,326,16592,512,-2086,-1229,-78,185,0.19512743530273435,9.931148486328125,0.3064578125,30.39470588235294,-33774.04580152672,-2143.5114503816794,5083.9694656488555
490281,0,0,0,4905299420,4887.101826,0.010005,374,16564,500,-2086,-1231,-85,186,0.22385785522460935,9.91438907470703,0.29927520751953124,30.39470588235294,-33829.00763358779,-2335.87786259542,5111.4503816793895
490282,0,0,0,4905309425,4887.111831,0.010005,382,16516,476,-2084,-1232,-86,183,0.22864625854492185,9.885658654785155,0.28490999755859375,30.40058823529412,-33856.48854961832,-2363.3587786259545,5029.007633587787
490283,0,0,0,4905319431,4887.121837,0.010006,334,16602,478,-2086,-1229,-83,182,0.19991583862304688,9.937133990478515,0.2861070983886719,30.39470588235294,-33774.04580152672,-2280.916030534351,5001.526717557253
490284,0,0,0,4905329436,4887.131842,0.010005,342,16566,408,-2084,-1229,-85,188,0.20470424194335937,9.91558617553711,0.2442085693359375,30.40058823529412,-33774.04580152672,-2335.87786259542,5166.412213740458
490285,0,0,0,4905339441,4887.141847,0.010005,386,16540,416,-2084,-1231,-87,192,0.23104046020507812,9.900023864746093,0.24899697265624998,30.40058823529412,-33829.00763358779,-2390.8396946564885,5276.335877862595
490286,0,0,0,4905349446,4887.151852,0.010005,388,16540,484,-2087,-1226,-90,188,0.23223756103515625,9.900023864746093,0.28969840087890625,30.391764705882352,-33691.603053435116,-2473.282442748092,5166.412213740458
490287,0,0,0,4905359451,4887.161857,0.010005,390,16528,466,-2087,-1229,-88,182,0.23343466186523437,9.892841259765625,0.27892449340820313,30.391764705882352,-33774.04580152672,-2418.320610687023,5001.526717557253
490288,0,0,0,4905369457,4887.171863,0.010006,356,16534,482,-2084,-1234,-83,185,0.21308394775390624,9.896432562255859,0.2885013000488281,30.40058823529412,-33911.45038167939,-2280.916030534351,5083.9694656488555
490289,0,0,0,4905379462,4887.181868,0.010005,352,16590,512,-2081,-1228,-86,191,0.21068974609375,9.929951385498047,0.3064578125,30.409411764705883,-33746.564885496184,-2363.3587786259545,5248.854961832061
490290,0,0,0,4905389467,4887.191873,0.010005,384,16550,504,-2087,-1232,-85,183,0.229843359375,9.906009368896484,0.3016694091796875,30.391764705882352,-33856.48854961832,-2335.87786259542,5029.007633587787
490291,0,0,0,4905399472,4887.201878,0.010005,414,16536,492,-2089,-1233,-81,182,0.24779987182617186,9.897629663085937,0.29448680419921874,30.385882352941177,-33883.96946564886,-2225.9541984732828,5001.526717557253
490292,0,0,0,4905409477,4887.211883,0.010005,342,16576,506,-2085,-1231,-87,187,0.20470424194335937,9.9215716796875,0.3028665100097656,30.39764705882353,-33829.00763358779,-2390.8396946564885,5138.931297709924
490293,0,0,0,4905419483,4887.221889,0.010006,404,16528,500,-2091,-1229,-80,178,0.24181436767578124,9.892841259765625,0.29927520751953124,30.380000000000003,-33774.04580152672,-2198.4732824427483,4891.603053435115
490294,0,0,0,4905429488,4887.231894,0.010005,352,16502,436,-2084,-1232,-86,184,0.21068974609375,9.87727894897461,0.2609679809570312,30.40058823529412,-33856.48854961832,-2363.3587786259545,5056.488549618321
490295,0,0,0,4905439493,4887.241899,0.010005,404,16526,504,-2089,-1230,-83,182,0.24181436767578124,9.891644158935547,0.3016694091796875,30.385882352941177,-33801.52671755725,-2280.916030534351,5001.526717557253
490296,0,0,0,4905449498,4887.251904,0.010005,396,16532,474,-2091,-1232,-82,185,0.23702596435546874,9.89523546142578,0.28371289672851563,30.380000000000003,-33856.48854961832,-2253.4351145038167,5083.9694656488555
490297,0,0,0,4905459503,4887.261909,0.010005,346,16520,468,-2085,-1229,-82,181,0.20709844360351562,9.888052856445311,0.28012159423828126,30.39764705882353,-33774.04580152672,-2253.4351145038167,4974.045801526718
490298,0,0,0,4905469509,4887.271915,0.010006,370,16526,470,-2083,-1232,-86,192,0.2214636535644531,9.891644158935547,0.2813186950683594,30.40352941176471,-33856.48854961832,-2363.3587786259545,5276.335877862595
490299,0,0,0,4905479514,4887.28192,0.010005,372,16550,508,-2082,-1232,-87,180,0.22266075439453123,9.906009368896484,0.30406361083984373,30.406470588235294,-33856.48854961832,-2390.8396946564885,4946.564885496184
490300,0,0,0,4905489519,4887.291925,0.010005,370,16516,460,-2079,-1227,-80,183,0.2214636535644531,9.885658654785155,0.2753331909179687,30.41529411764706,-33719.08396946565,-2198.4732824427483,5029.007633587787
490301,0,0,0,4905499524,4887.30193,0.010005,390,16526,466,-2081,-1233,-78,190,0.23343466186523437,9.891644158935547,0.27892449340820313,30.409411764705883,-33883.96946564886,-2143.5114503816794,5221.374045801527
490302,0,0,0,4905509529,4887.311935,0.010005,406,16536,466,-2086,-1232,-89,183,0.24301146850585936,9.897629663085937,0.27892449340820313,30.39470588235294,-33856.48854961832,-2445.8015267175574,5029.007633587787
490303,0,0,0,4905519534,4887.32194,0.010005,354,16562,506,-2091,-1228,-88,180,0.21188684692382811,9.913191973876952,0.3028665100097656,30.380000000000003,-33746.564885496184,-2418.320610687023,4946.564885496184
490304,0,0,0,4905529540,4887.331946,0.010006,348,16536,506,-2088,-1227,-86,189,0.20829554443359374,9.897629663085937,0.3028665100097656,30.388823529411766,-33719.08396946565,-2363.3587786259545,5193.893129770992
490305,0,0,0,4905539545,4887.341951,0.010005,358,16526,478,-2088,-1233,-82,187,0.21428104858398436,9.891644158935547,0.2861070983886719,30.388823529411766,-33883.96946564886,-2253.4351145038167,5138.931297709924
490306,0,0,0,4905549550,4887.351956,0.010005,378,16540,492,-2090,-1235,-84,187,0.2262520568847656,9.900023864746093,0.29448680419921874,30.382941176470588,-33938.931297709925,-2308.3969465648856,5138.931297709924
490307,0,0,0,4905559555,4887.361961,0.010005,398,16522,412,-2086,-1228,-78,183,0.23822306518554687,9.889249957275391,0.24660277099609373,30.39470588235294,-33746.564885496184,-2143.5114503816794,5029.007633587787
490308,0,0,0,4905569560,4887.371966,0.010005,392,16614,414,-2088,-1231,-86,193,0.2346317626953125,9.944316595458984,0.24779987182617186,30.388823529411766,-33829.00763358779,-2363.3587786259545,5303.81679389313
490309,0,0,0,4905579566,4887.381972,0.010006,364,16526,492,-2087,-1231,-83,192,0.21787235107421873,9.891644158935547,0.29448680419921874,30.391764705882352,-33829.00763358779,-2280.916030534351,5276.335877862595
490310,0,0,0,4905589571,4887.391977,0.010005,394,16592,510,-2089,-1232,-83,182,0.23582886352539062,9.931148486328125,0.30526071166992186,30.385882352941177,-33856.48854961832,-2280.916030534351,5001.526717557253
490311,0,0,0,4905599576,4887.401982,0.010005,376,16546,498,-2081,-1238,-81,183,0.22505495605468748,9.903615167236328,0.2980781066894531,30.409411764705883,-34021.37404580153,-2225.9541984732828,5029.007633587787
490312,0,0,0,4905609581,4887.411987,0.010005,362,16596,478,-2085,-1235,-86,194,0.2166752502441406,9.93354268798828,0.2861070983886719,30.39764705882353,-33938.931297709925,-2363.3587786259545,5331.297709923664
490313,0,0,0,4905619586,4887.421992,0.010005,380,16578,438,-2085,-1236,-90,187,0.22744915771484372,9.922768780517577,0.26216508178710934,30.39764705882353,-33966.41221374046,-2473.282442748092,5138.931297709924
490314,0,0,0,4905629592,4887.431998,0.010006,402,16574,446,-2088,-1239,-85,184,0.24061726684570311,9.920374578857421,0.26695348510742184,30.388823529411766,-34048.85496183206,-2335.87786259542,5056.488549618321
490315,0,0,0,4905639597,4887.442003,0.010005,360,16570,492,-2090,-1227,-80,190,0.2154781494140625,9.917980377197265,0.29448680419921874,30.382941176470588,-33719.08396946565,-2198.4732824427483,5221.374045801527
490316,0,0,0,4905649602,4887.452008,0.010005,404,16562,532,-2091,-1227,-91,176,0.24181436767578124,9.913191973876952,0.3184288208007812,30.380000000000003,-33719.08396946565,-2500.7633587786263,4836.641221374046
490317,0,0,0,4905659607,4887.462013,0.010005,358,16534,448,-2086,-1227,-82,186,0.21428104858398436,9.896432562255859,0.26815058593749996,30.39470588235294,-33719.08396946565,-2253.4351145038167,5111.4503816793895
490318,0,0,0,4905669612,4887.472018,0.010005,372,16564,494,-2088,-1226,-86,182,0.22266075439453123,9.91438907470703,0.29568390502929687,30.388823529411766,-33691.603053435116,-2363.3587786259545,5001.526717557253
490319,0,0,0,4905679618,4887.482024,0.010006,364,16514,420,-2084,-1233,-88,185,0.21787235107421873,9.884461553955077,0.25139117431640623,30.40058823529412,-33883.96946564886,-2418.320610687023,5083.9694656488555
490320,0,0,0,4905689623,4887.492029,0.010005,390,16538,450,-2087,-1230,-81,177,0.23343466186523437,9.898826763916015,0.2693476867675781,30.391764705882352,-33801.52671755725,-2225.9541984732828,4864.122137404581
490321,0,0,0,4905699628,4887.502034,0.010005,408,16554,432,-2088,-1227,-81,181,0.2442085693359375,9.90840357055664,0.258573779296875,30.388823529411766,-33719.08396946565,-2225.9541984732828,4974.045801526718
490322,0,0,0,4905709633,4887.512039,0.010005,360,16526,490,-2081,-1227,-87,188,0.2154781494140625,9.891644158935547,0.2932897033691406,30.409411764705883,-33719.08396946565,-2390.8396946564885,5166.412213740458
490323,0,0,0,4905719638,4887.522044,0.010005,328,16526,454,-2089,-1227,-82,189,0.19632453613281248,9.891644158935547,0.27174188842773433,30.385882352941177,-33719.08396946565,-2253.4351145038167,5193.893129770992
490324,0,0,0,4905729644,4887.53205,0.010006,402,16508,510,-2089,-1232,-88,184,0.24061726684570311,9.880870251464843,0.30526071166992186,30.385882352941177,-33856.48854961832,-2418.320610687023,5056.488549618321
490325,0,0,0,4905739649,4887.542055,0.010005,344,16518,420,-2083,-1225,-83,183,0.2059013427734375,9.886855755615233,0.25139117431640623,30.40352941176471,-33664.122137404585,-2280.916030534351,5029.007633587787
490326,0,0,0,4905749654,4887.55206,0.010005,408,16534,480,-2086,-1228,-80,178,0.2442085693359375,9.896432562255859,0.28730419921875,30.39470588235294,-33746.564885496184,-2198.4732824427483,4891.603053435115
490327,0,0,0,4905759659,4887.562065,0.010005,372,16536,510,-2083,-1228,-86,191,0.22266075439453123,9.897629663085937,0.30526071166992186,30.40352941176471,-33746.564885496184,-2363.3587786259545,5248.854961832061
490328,0,0,0,4905769664,4887.57207,0.010005,356,16552,440,-2088,-1231,-85,182,0.21308394775390624,9.907206469726562,0.26336218261718747,30.388823529411766,-33829.00763358779,-2335.87786259542,5001.526717557253
490329,0,0,0,4905779669,4887.582075,0.010005,390,16506,452,-2087,-1229,-87,181,0.23343466186523437,9.879673150634765,0.2705447875976562,30.391764705882352,-33774.04580152672,-2390.8396946564885,4974.045801526718
490330,0,0,0,4905789675,4887.592081,0.010006,384,16574,468,-2082,-1229,-84,182,0.229843359375,9.920374578857421,0.28012159423828126,30.406470588235294,-33774.04580152672,-2308.3969465648856,5001.526717557253
490331,0,0,0,4905799680,4887.602086,0.010005,346,16518,504,-2083,-1233,-83,181,0.20709844360351562,9.886855755615233,0.3016694091796875,30.40352941176471,-33883.96946564886,-2280.916030534351,4974.045801526718
490332,0,0,0,4905809685,4887.612091,0.010005,378,16510,452,-2090,-1226,-88,179,0.2262520568847656,9.882067352294921,0.2705447875976562,30.382941176470588,-33691.603053435116,-2418.320610687023,4919.083969465649
490333,0,0,0,4905819690,4887.622096,0.010005,352,16520,440,-2094,-1229,-87,180,0.21068974609375,9.888052856445311,0.26336218261718747,30.371176470588235,-33774.04580152672,-2390.8396946564885,4946.564885496184
490334,0,0,0,4905829695,4887.632101,0.010005,380,16580,492,-2093,-1234,-91,184,0.22744915771484372,9.923965881347655,0.29448680419921874,30.374117647058824,-33911.45038167939,-2500.7633587786263,5056.488549618321
490335,0,0,0,4905839701,4887.642107,0.010006,366,16538,488,-2088,-1236,-81,188,0.21906945190429686,9.898826763916015,0.2920926025390625,30.388823529411766,-33966.41221374046,-2225.9541984732828,5166.412213740458
490336,0,0,0,4905849706,4887.652112,0.010005,368,16530,472,-2084,-1230,-80,192,0.22026655273437498,9.894038360595703,0.2825157958984375,30.40058823529412,-33801.52671755725,-2198.4732824427483,5276.335877862595
490337,0,0,0,4905859711,4887.662117,0.010005,362,16558,440,-2086,-1239,-89,190,0.2166752502441406,9.910797772216796,0.26336218261718747,30.39470588235294,-34048.85496183206,-2445.8015267175574,5221.374045801527
490338,0,0,0,4905869716,4887.672122,0.010005,380,16546,436,-2089,-1237,-91,186,0.22744915771484372,9.903615167236328,0.2609679809570312,30.385882352941177,-33993.89312977099,-2500.7633587786263,5111.4503816793895
490339,0,0,0,4905879721,4887.682127,0.010005,352,16554,512,-2090,-1232,-81,185,0.21068974609375,9.90840357055664,0.3064578125,30.382941176470588,-33856.48854961832,-2225.9541984732828,5083.9694656488555
490340,0,0,0,4905889727,4887.692133,0.010006,344,16526,552,-2093,-1233,-85,180,0.2059013427734375,9.891644158935547,0.33039982910156246,30.374117647058824,-33883.96946564886,-2335.87786259542,4946.564885496184
490341,0,0,0,4905899732,4887.702138,0.010005,374,16550,486,-2093,-1237,-84,184,0.22385785522460935,9.906009368896484,0.29089550170898437,30.374117647058824,-33993.89312977099,-2308.3969465648856,5056.488549618321
490342,0,0,0,4905909737,4887.712143,0.010005,348,16502,480,-2089,-1234,-86,193,0.20829554443359374,9.87727894897461,0.28730419921875,30.385882352941177,-33911.45038167939,-2363.3587786259545,5303.81679389313
490343,0,0,0,4905919742,4887.722148,0.010005,390,16568,500,-2087,-1235,-85,195,0.23343466186523437,9.916783276367187,0.29927520751953124,30.391764705882352,-33938.931297709925,-2335.87786259542,5358.778625954199
490344,0,0,0,4905929747,4887.732153,0.010005,418,16578,466,-2091,-1232,-85,189,0.2501940734863281,9.922768780517577,0.27892449340820313,30.380000000000003,-33856.48854961832,-2335.87786259542,5193.893129770992
490345,0,0,0,4905939753,4887.742159,0.010006,342,16538,458,-2088,-1230,-85,188,0.20470424194335937,9.898826763916015,0.2741360900878906,30.388823529411766,-33801.52671755725,-2335.87786259542,5166.412213740458
490346,0,0,0,4905949758,4887.752164,0.010005,382,16526,470,-2087,-1236,-82,182,0.22864625854492185,9.891644158935547,0.2813186950683594,30.391764705882352,-33966.41221374046,-2253.4351145038167,5001.526717557253
490347,0,0,0,4905959763,4887.762169,0.010005,382,16544,458,-2086,-1230,-85,187,0.22864625854492185,9.90241806640625,0.2741360900878906,30.39470588235294,-33801.52671755725,-2335.87786259542,5138.931297709924
490348,0,0,0,4905969768,4887.772174,0.010005,360,16482,460,-2089,-1225,-90,181,0.2154781494140625,9.865307940673828,0.2753331909179687,30.385882352941177,-33664.122137404585,-2473.282442748092,4974.045801526718
490349,0,0,0,4905979773,4887.782179,0.010005,362,16488,490,-2086,-1231,-87,190,0.2166752502441406,9.868899243164062,0.2932897033691406,30.39470588235294,-33829.00763358779,-2390.8396946564885,5221.374045801527
490350,0,0,0,4905989778,4887.792184,0.010005,366,16524,412,-2086,-1233,-83,191,0.21906945190429686,9.890447058105469,0.24660277099609373,30.39470588235294,-33883.96946564886,-2280.916030534351,5248.854961832061
490351,0,0,0,4905999784,4887.80219,0.010006,344,16552,506,-2087,-1225,-80,188,0.2059013427734375,9.907206469726562,0.3028665100097656,30.391764705882352,-33664.122137404585,-2198.4732824427483,5166.412213740458
490352,0,0,0,4906009789,4887.812195,0.010005,380,16542,484,-2087,-1233,-84,176,0.22744915771484372,9.90122096557617,0.28969840087890625,30.391764705882352,-33883.96946564886,-2308.3969465648856,4836.641221374046
490353,0,0,0,4906019794,4887.8222,0.010005,404,16582,436,-2087,-1231,-78,184,0.24181436767578124,9.925162982177733,0.2609679809570312,30.391764705882352,-33829.00763358779,-2143.5114503816794,5056.488549618321
490354,0,0,0,4906029799,4887.832205,0.010005,392,16530,458,-2089,-1228,-81,185,0.2346317626953125,9.894038360595703,0.2741360900878906,30.385882352941177,-33746.564885496184,-2225.9541984732828,5083.9694656488555
490355,0,0,0,4906039804,4887.84221,0.010005,370,16554,460,-2084,-1226,-84,185,0.2214636535644531,9.90840357055664,0.2753331909179687,30.40058823529412,-33691.603053435116,-2308.3969465648856,5083.9694656488555
490356,0,0,0,4906049810,4887.852216,0.010006,366,16536,442,-2083,-1223,-86,189,0.21906945190429686,9.897629663085937,0.2645592834472656,30.40352941176471,-33609.16030534351,-2363.3587786259545,5193.893129770992
490357,0,0,0,4906059815,4887.862221,0.010005,372,16504,456,-2084,-1234,-88,184,0.22266075439453123,9.878476049804688,0.27293898925781246,30.40058823529412,-33911.45038167939,-2418.320610687023,5056.488549618321
490358,0,0,0,4906069820,4887.872226,0.010005,374,16574,470,-2089,-1234,-89,180,0.22385785522460935,9.920374578857421,0.2813186950683594,30.385882352941177,-33911.45038167939,-2445.8015267175574,4946.564885496184
490359,0,0,0,4906079825,4887.882231,0.010005,368,16542,476,-2086,-1231,-86,188,0.22026655273437498,9.90122096557617,0.28490999755859375,30.39470588235294,-33829.00763358779,-2363.3587786259545,5166.412213740458
490360,0,0,0,4906089830,4887.892236,0.010005,394,16544,446,-2093,-1229,-93,191,0.23582886352539062,9.90241806640625,0.26695348510742184,30.374117647058824,-33774.04580152672,-2555.7251908396947,5248.854961832061
490361,0,0,0,4906099836,4887.902242,0.010006,402,16580,498,-2087,-1225,-86,187,0.24061726684570311,9.923965881347655,0.2980781066894531,30.391764705882352,-33664.122137404585,-2363.3587786259545,5138.931297709924
490362,0,0,0,4906109841,4887.912247,0.010005,406,16522,470,-2085,-1229,-92,189,0.24301146850585936,9.889249957275391,0.2813186950683594,30.39764705882353,-33774.04580152672,-2528.2442748091603,5193.893129770992
490363,0,0,0,4906119846,4887.922252,0.010005,370,16560,496,-2085,-1233,-85,187,0.2214636535644531,9.911994873046874,0.296881005859375,30.39764705882353,-33883.96946564886,-2335.87786259542,5138.931297709924
490364,0,0,0,4906129851,4887.932257,0.010005,368,16504,496,-2083,-1238,-81,187,0.22026655273437498,9.878476049804688,0.296881005859375,30.40352941176471,-34021.37404580153,-2225.9541984732828,5138.931297709924
490365,0,0,0,4906139856,4887.942262,0.010005,364,16570,432,-2084,-1232,-82,186,0.21787235107421873,9.917980377197265,0.258573779296875,30.40058823529412,-33856.48854961832,-2253.4351145038167,5111.4503816793895
490366,0,0,0,4906149862,4887.952268,0.010006,364,16518,458,-2090,-1231,-83,191,0.21787235107421873,9.886855755615233,0.2741360900878906,30.382941176470588,-33829.00763358779,-2280.916030534351,5248.854961832061
490367,0,0,0,4906159867,4887.962273,0.010005,370,16564,486,-2092,-1230,-89,190,0.2214636535644531,9.91438907470703,0.29089550170898437,30.377058823529413,-33801.52671755725,-2445.8015267175574,5221.374045801527
490368,0,0,0,4906169872,4887.972278,0.010005,368,16514,464,-2087,-1232,-89,179,0.22026655273437498,9.884461553955077,0.277727392578125,30.391764705882352,-33856.48854961832,-2445.8015267175574,4919.083969465649
490369,0,0,0,4906179877,4887.982283,0.010005,392,16538,464,-2084,-1230,-87,180,0.2346317626953125,9.898826763916015,0.277727392578125,30.40058823529412,-33801.52671755725,-2390.8396946564885,4946.564885496184
490370,0,0,0,4906189882,4887.992288,0.010005,366,16592,430,-2081,-1234,-85,185,0.21906945190429686,9.931148486328125,0.25737667846679685,30.409411764705883,-33911.45038167939,-2335.87786259542,5083.9694656488555
490371,0,0,0,4906199888,4888.002294,0.010006,374,16598,428,-2088,-1236,-87,179,0.22385785522460935,9.934739788818359,0.2561795776367187,30.388823529411766,-33966.41221374046,-2390.8396946564885,4919.083969465649
490372,0,0,0,4906209893,4888.012299,0.010005,350,16578,460,-2086,-1230,-85,183,0.20949264526367187,9.922768780517577,0.2753331909179687,30.39470588235294,-33801.52671755725,-2335.87786259542,5029.007633587787
490373,0,0,0,4906219898,4888.022304,0.010005,360,16518,458,-2082,-1235,-86,190,0.2154781494140625,9.886855755615233,0.2741360900878906,30.406470588235294,-33938.931297709925,-2363.3587786259545,5221.374045801527
490374,0,0,0,4906229903,4888.032309,0.010005,366,16580,462,-2087,-1231,-89,186,0.21906945190429686,9.923965881347655,0.2765302917480469,30.391764705882352,-33829.00763358779,-2445.8015267175574,5111.4503816793895
490375,0,0,0,4906239908,4888.042314,0.010005,362,16534,438,-2083,-1233,-77,185,0.2166752502441406,9.896432562255859,0.26216508178710934,30.40352941176471,-33883.96946564886,-2116.030534351145,5083.9694656488555
490376,0,0,0,4906249913,4888.052319,0.010005,332,16530,424,-2084,-1233,-82,181,0.19871873779296872,9.894038360595703,0.2537853759765625,30.40058823529412,-33883.96946564886,-2253.4351145038167,4974.045801526718
490377,0,0,0,4906259919,4888.062325,0.010006,378,16570,524,-2081,-1230,-87,183,0.2262520568847656,9.917980377197265,0.3136404174804687,30.409411764705883,-33801.52671755725,-2390.8396946564885,5029.007633587787
490378,0,0,0,4906269924,4888.07233,0.010005,358,16532,470,-2083,-1232,-88,185,0.21428104858398436,9.89523546142578,0.2813186950683594,30.40352941176471,-33856.48854961832,-2418.320610687023,5083.9694656488555
490379,0,0,0,4906279929,4888.082335,0.010005,388,16510,482,-2083,-1233,-81,194,0.23223756103515625,9.882067352294921,0.2885013000488281,30.40352941176471,-33883.96946564886,-2225.9541984732828,5331.297709923664
490380,0,0,0,4906289934,4888.09234,0.010005,392,16514,468,-2089,-1231,-84,189,0.2346317626953125,9.884461553955077,0.28012159423828126,30.385882352941177,-33829.00763358779,-2308.3969465648856,5193.893129770992
490381,0,0,0,4906299939,4888.102345,0.010005,368,16584,422,-2087,-1230,-81,180,0.22026655273437498,9.926360083007811,0.25258827514648435,30.391764705882352,-33801.52671755725,-2225.9541984732828,4946.564885496184
490382,0,0,0,4906309945,4888.112351,0.010006,346,16602,504,-2083,-1229,-76,187,0.20709844360351562,9.937133990478515,0.3016694091796875,30.40352941176471,-33774.04580152672,-2088.549618320611,5138.931297709924
490383,0,0,0,4906319950,4888.122356,0.010005,384,16560,470,-2084,-1229,-82,186,0.229843359375,9.911994873046874,0.2813186950683594,30.40058823529412,-33774.04580152672,-2253.4351145038167,5111.4503816793895
490384,0,0,0,4906329955,4888.132361,0.010005,402,16564,476,-2084,-1229,-90,193,0.24061726684570311,9.91438907470703,0.28490999755859375,30.40058823529412,-33774.04580152672,-2473.282442748092,5303.81679389313
490385,0,0,0,4906339960,4888.142366,0.010005,360,16518,472,-2081,-1230,-94,186,0.2154781494140625,9.886855755615233,0.2825157958984375,30.409411764705883,-33801.52671755725,-2583.206106870229,5111.4503816793895
490386,0,0,0,4906349965,4888.152371,0.010005,370,16546,470,-2087,-1232,-86,185,0.2214636535644531,9.903615167236328,0.2813186950683594,30.391764705882352,-33856.48854961832,-2363.3587786259545,5083.9694656488555
490387,0,0,0,4906359971,4888.162377,0.010006,328,16542,512,-2089,-1229,-85,180,0.19632453613281248,9.90122096557617,0.3064578125,30.385882352941177,-33774.04580152672,-2335.87786259542,4946.564885496184
490388,0,0,0,4906369976,4888.172382,0.010005,346,16542,436,-2083,-1227,-89,184,0.20709844360351562,9.90122096557617,0.2609679809570312,30.40352941176471,-33719.08396946565,-2445.8015267175574,5056.488549618321
490389,0,0,0,4906379981,4888.182387,0.010005,354,16550,414,-2077,-1232,-85,182,0.21188684692382811,9.906009368896484,0.24779987182617186,30.421176470588236,-33856.48854961832,-2335.87786259542,5001.526717557253
490390,0,0,0,4906389986,4888.192392,0.010005,332,16570,440,-2084,-1232,-88,182,0.19871873779296872,9.917980377197265,0.26336218261718747,30.40058823529412,-33856.48854961832,-2418.320610687023,5001.526717557253
490391,0,0,0,4906399991,4888.202397,0.010005,376,16554,530,-2087,-1237,-81,181,0.22505495605468748,9.90840357055664,0.3172317199707031,30.391764705882352,-33993.89312977099,-2225.9541984732828,4974.045801526718
490392,0,0,0,4906409997,4888.212403,0.010006,370,16498,460,-2090,-1230,-83,190,0.2214636535644531,9.874884747314452,0.2753331909179687,30.382941176470588,-33801.52671755725,-2280.916030534351,5221.374045801527
490393,0,0,0,4906420002,4888.222408,0.010005,414,16504,410,-2084,-1230,-87,184,0.24779987182617186,9.878476049804688,0.2454056701660156,30.40058823529412,-33801.52671755725,-2390.8396946564885,5056.488549618321
490394,0,0,0,4906430007,4888.232413,0.010005,390,16558,456,-2082,-1227,-79,190,0.23343466186523437,9.910797772216796,0.27293898925781246,30.406470588235294,-33719.08396946565,-2170.992366412214,5221.374045801527
490395,0,0,0,4906440012,4888.242418,0.010005,384,16550,512,-2083,-1231,-86,189,0.229843359375,9.906009368896484,0.3064578125,30.40352941176471,-33829.00763358779,-2363.3587786259545,5193.893129770992
490396,0,0,0,4906450017,4888.252423,0.010005,360,16582,448,-2085,-1233,-82,182,0.2154781494140625,9.925162982177733,0.26815058593749996,30.39764705882353,-33883.96946564886,-2253.4351145038167,5001.526717557253
490397,0,0,0,4906460023,4888.262429,0.010006,432,16540,464,-2091,-1239,-91,178,0.258573779296875,9.900023864746093,0.277727392578125,30.380000000000003,-34048.85496183206,-2500.7633587786263,4891.603053435115
490398,0,0,0,4906470028,4888.272434,0.010005,364,16536,436,-2087,-1228,-74,182,0.21787235107421873,9.897629663085937,0.2609679809570312,30.391764705882352,-33746.564885496184,-2033.587786259542,5001.526717557253
490399,0,0,0,4906480033,4888.282439,0.010005,348,16588,458,-2089,-1235,-80,191,0.20829554443359374,9.928754284667969,0.2741360900878906,30.385882352941177,-33938.931297709925,-2198.4732824427483,5248.854961832061
490400,0,0,0,4906490038,4888.292444,0.010005,414,16530,484,-2085,-1231,-86,195,0.24779987182617186,9.894038360595703,0.28969840087890625,30.39764705882353,-33829.00763358779,-2363.3587786259545,5358.778625954199
490401,0,0,0,4906500043,4888.302449,0.010005,362,16522,444,-2088,-1231,-82,188,0.2166752502441406,9.889249957275391,0.2657563842773437,30.388823529411766,-33829.00763358779,-2253.4351145038167,5166.412213740458
490402,0,0,0,4906510048,4888.312454,0.010005,350,16572,444,-2089,-1235,-83,185,0.20949264526367187,9.919177478027343,0.2657563842773437,30.385882352941177,-33938.931297709925,-2280.916030534351,5083.9694656488555
490403,0,0,0,4906520054,4888.32246,0.010006,354,16544,412,-2091,-1234,-92,180,0.21188684692382811,9.90241806640625,0.24660277099609373,30.380000000000003,-33911.45038167939,-2528.2442748091603,4946.564885496184
490404,0,0,0,4906530059,4888.332465,0.010005,370,16576,480,-2088,-1236,-86,183,0.2214636535644531,9.9215716796875,0.28730419921875,30.388823529411766,-33966.41221374046,-2363.3587786259545,5029.007633587787
490405,0,0,0,4906540064,4888.34247,0.010005,342,16566,530,-2087,-1238,-88,191,0.20470424194335937,9.91558617553711,0.3172317199707031,30.391764705882352,-34021.37404580153,-2418.320610687023,5248.854961832061
490406,0,0,0,4906550069,4888.352475,0.010005,376,16568,528,-2083,-1236,-84,188,0.22505495605468748,9.916783276367187,0.316034619140625,30.40352941176471,-33966.41221374046,-2308.3969465648856,5166.412213740458
490407,0,0,0,4906560074,4888.36248,0.010005,366,16544,482,-2086,-1236,-81,182,0.21906945190429686,9.90241806640625,0.2885013000488281,30.39470588235294,-33966.41221374046,-2225.9541984732828,5001.526717557253
490408,0,0,0,4906570080,4888.372486,0.010006,398,16554,460,-2083,-1236,-85,180,0.23822306518554687,9.90840357055664,0.2753331909179687,30.40352941176471,-33966.41221374046,-2335.87786259542,4946.564885496184
490409,0,0,0,4906580085,4888.382491,0.010005,348,16572,428,-2087,-1230,-96,187,0.20829554443359374,9.919177478027343,0.2561795776367187,30.391764705882352,-33801.52671755725,-2638.1679389312976,5138.931297709924
490410,0,0,0,4906590090,4888.392496,0.010005,378,16580,518,-2082,-1228,-93,189,0.2262520568847656,9.923965881347655,0.31004911499023435,30.406470588235294,-33746.564885496184,-2555.7251908396947,5193.893129770992
490411,0,0,0,4906600095,4888.402501,0.010005,344,16534,476,-2088,-1225,-88,186,0.2059013427734375,9.896432562255859,0.28490999755859375,30.388823529411766,-33664.122137404585,-2418.320610687023,5111.4503816793895
490412,0,0,0,4906610100,4888.412506,0.010005,376,16556,386,-2087,-1231,-87,182,0.22505495605468748,9.909600671386718,0.23104046020507812,30.391764705882352,-33829.00763358779,-2390.8396946564885,5001.526717557253
490413,0,0,0,4906620106,4888.422512,0.010006,376,16560,398,-2087,-1231,-89,187,0.22505495605468748,9.911994873046874,0.23822306518554687,30.391764705882352,-33829.00763358779,-2445.8015267175574,5138.931297709924
490414,0,0,0,4906630111,4888.432517,0.010005,364,16542,436,-2087,-1226,-84,180,0.21787235107421873,9.90122096557617,0.2609679809570312,30.391764705882352,-33691.603053435116,-2308.3969465648856,4946.564885496184
490415,0,0,0,4906640116,4888.442522,0.010005,392,16544,480,-2087,-1231,-86,189,0.2346317626953125,9.90241806640625,0.28730419921875,30.391764705882352,-33829.00763358779,-2363.3587786259545,5193.893129770992
490416,0,0,0,4906650121,4888.452527,0.010005,364,16534,426,-2087,-1229,-82,190,0.21787235107421873,9.896432562255859,0.2549824768066406,30.391764705882352,-33774.04580152672,-2253.4351145038167,5221.374045801527
490417,0,0,0,4906660126,4888.462532,0.010005,334,16540,490,-2089,-1228,-85,193,0.19991583862304688,9.900023864746093,0.2932897033691406,30.385882352941177,-33746.564885496184,-2335.87786259542,5303.81679389313
490418,0,0,0,4906670132,4888.472538,0.010006,362,16548,464,-2090,-1229,-90,190,0.2166752502441406,9.904812268066406,0.277727392578125,30.382941176470588,-33774.04580152672,-2473.282442748092,5221.374045801527
490419,0,0,0,4906680137,4888.482543,0.010005,394,16574,430,-2094,-1226,-89,188,0.23582886352539062,9.920374578857421,0.25737667846679685,30.371176470588235,-33691.603053435116,-2445.8015267175574,5166.412213740458
490420,0,0,0,4906690142,4888.492548,0.010005,420,16554,494,-2083,-1227,-91,185,0.25139117431640623,9.90840357055664,0.29568390502929687,30.40352941176471,-33719.08396946565,-2500.7633587786263,5083.9694656488555
490421,0,0,0,4906700147,4888.502553,0.010005,376,16526,434,-2087,-1228,-89,186,0.22505495605468748,9.891644158935547,0.2597708801269531,30.391764705882352,-33746.564885496184,-2445.8015267175574,5111.4503816793895
490422,0,0,0,4906710152,4888.512558,0.010005,362,16542,458,-2085,-1229,-93,190,0.2166752502441406,9.90122096557617,0.2741360900878906,30.39764705882353,-33774.04580152672,-2555.7251908396947,5221.374045801527
490423,0,0,0,4906720158,4888.522564,0.010006,362,16552,456,-2086,-1227,-88,186,0.2166752502441406,9.907206469726562,0.27293898925781246,30.39470588235294,-33719.08396946565,-2418.320610687023,5111.4503816793895
490424,0,0,0,4906730163,4888.532569,0.010005,364,16540,440,-2087,-1230,-89,181,0.21787235107421873,9.900023864746093,0.26336218261718747,30.391764705882352,-33801.52671755725,-2445.8015267175574,4974.045801526718
490425,0,0,0,4906740168,4888.542574,0.010005,364,16554,422,-2084,-1230,-87,184,0.21787235107421873,9.90840357055664,0.25258827514648435,30.40058823529412,-33801.52671755725,-2390.8396946564885,5056.488549618321
490426,0,0,0,4906750173,4888.552579,0.010005,368,16564,494,-2085,-1224,-83,185,0.22026655273437498,9.91438907470703,0.29568390502929687,30.39764705882353,-33636.64122137405,-2280.916030534351,5083.9694656488555
490427,0,0,0,4906760178,4888.562584,0.010005,374,16524,520,-2086,-1231,-85,190,0.22385785522460935,9.890447058105469,0.3112462158203125,30.39470588235294,-33829.00763358779,-2335.87786259542,5221.374045801527
490428,0,0,0,4906770183,4888.572589,0.010005,314,16536,504,-2090,-1234,-81,193,0.1879448303222656,9.897629663085937,0.3016694091796875,30.382941176470588,-33911.45038167939,-2225.9541984732828,5303.81679389313
490429,0,0,0,4906780189,4888.582595,0.010006,376,16532,454,-2084,-1229,-81,184,0.22505495605468748,9.89523546142578,0.27174188842773433,30.40058823529412,-33774.04580152672,-2225.9541984732828,5056.488549618321
490430,0,0,0,4906790194,4888.5926,0.010005,342,16574,516,-2087,-1226,-84,180,0.20470424194335937,9.920374578857421,0.30885201416015623,30.391764705882352,-33691.603053435116,-2308.3969465648856,4946.564885496184
490431,0,0,0,4906800199,4888.602605,0.010005,350,16572,474,-2087,-1230,-85,186,0.20949264526367187,9.919177478027343,0.28371289672851563,30.391764705882352,-33801.52671755725,-2335.87786259542,5111.4503816793895
490432,0,0,0,4906810204,4888.61261,0.010005,392,16508,486,-2086,-1227,-88,180,0.2346317626953125,9.880870251464843,0.29089550170898437,30.39470588235294,-33719.08396946565,-2418.320610687023,4946.564885496184
490433,0,0,0,4906820209,4888.622615,0.010005,406,16528,446,-2081,-1230,-88,185,0.24301146850585936,9.892841259765625,0.26695348510742184,30.409411764705883,-33801.52671755725,-2418.320610687023,5083.9694656488555
490434,0,0,0,4906830215,4888.632621,0.010006,376,16520,460,-2084,-1234,-87,187,0.22505495605468748,9.888052856445311,0.2753331909179687,30.40058823529412,-33911.45038167939,-2390.8396946564885,5138.931297709924
490435,0,0,0,4906840220,4888.642626,0.010005,392,16586,490,-2086,-1231,-86,184,0.2346317626953125,9.92755718383789,0.2932897033691406,30.39470588235294,-33829.00763358779,-2363.3587786259545,5056.488549618321
490436,0,0,0,4906850225,4888.652631,0.010005,358,16556,498,-2084,-1226,-82,185,0.21428104858398436,9.909600671386718,0.2980781066894531,30.40058823529412,-33691.603053435116,-2253.4351145038167,5083.9694656488555
490437,0,0,0,4906860230,4888.662636,0.010005,368,16562,496,-2083,-1228,-81,192,0.22026655273437498,9.913191973876952,0.296881005859375,30.40352941176471,-33746.564885496184,-2225.9541984732828,5276.335877862595
490438,0,0,0,4906870235,4888.672641,0.010005,366,16552,512,-2084,-1224,-81,185,0.21906945190429686,9.907206469726562,0.3064578125,30.40058823529412,-33636.64122137405,-2225.9541984732828,5083.9694656488555
490439,0,0,0,4906880241,4888.682647,0.010006,344,16572,454,-2084,-1230,-81,181,0.2059013427734375,9.919177478027343,0.27174188842773433,30.40058823529412,-33801.52671755725,-2225.9541984732828,4974.045801526718
490440,0,0,0,4906890246,4888.692652,0.010005,334,16560,488,-2088,-1228,-82,193,0.19991583862304688,9.911994873046874,0.2920926025390625,30.388823529411766,-33746.564885496184,-2253.4351145038167,5303.81679389313
490441,0,0,0,4906900251,4888.702657,0.010005,326,16530,404,-2089,-1229,-89,192,0.19512743530273435,9.894038360595703,0.24181436767578124,30.385882352941177,-33774.04580152672,-2445.8015267175574,5276.335877862595
490442,0,0,0,4906910256,4888.712662,0.010005,362,16566,422,-2084,-1228,-78,187,0.2166752502441406,9.91558617553711,0.25258827514648435,30.40058823529412,-33746.564885496184,-2143.5114503816794,5138.931297709924
490443,0,0,0,4906920261,4888.722667,0.010005,384,16518,490,-2091,-1233,-79,183,0.229843359375,9.886855755615233,0.2932897033691406,30.380000000000003,-33883.96946564886,-2170.992366412214,5029.007633587787
490444,0,0,0,4906930267,4888.732673,0.010006,390,16530,464,-2087,-1233,-87,179,0.23343466186523437,9.894038360595703,0.277727392578125,30.391764705882352,-33883.96946564886,-2390.8396946564885,4919.083969465649
490445,0,0,0,4906940272,4888.742678,0.010005,352,16542,438,-2093,-1233,-87,183,0.21068974609375,9.90122096557617,0.26216508178710934,30.374117647058824,-33883.96946564886,-2390.8396946564885,5029.007633587787
490446,0,0,0,4906950277,4888.752683,0.010005,394,16548,486,-2084,-1232,-82,189,0.23582886352539062,9.904812268066406,0.29089550170898437,30.40058823529412,-33856.48854961832,-2253.4351145038167,5193.893129770992
490447,0,0,0,4906960282,4888.762688,0.010005,364,16568,460,-2085,-1236,-83,181,0.21787235107421873,9.916783276367187,0.2753331909179687,30.39764705882353,-33966.41221374046,-2280.916030534351,4974.045801526718
490448,0,0,0,4906970287,4888.772693,0.010005,392,16562,508,-2088,-1231,-80,185,0.2346317626953125,9.913191973876952,0.30406361083984373,30.388823529411766,-33829.00763358779,-2198.4732824427483,5083.9694656488555
490449,0,0,0,4906980293,4888.782699,0.010006,394,16510,464,-2088,-1233,-84,179,0.23582886352539062,9.882067352294921,0.277727392578125,30.388823529411766,-33883.96946564886,-2308.3969465648856,4919.083969465649
490450,0,0,0,4906990298,4888.792704,0.010005,350,16576,498,-2085,-1235,-80,186,0.20949264526367187,9.9215716796875,0.2980781066894531,30.39764705882353,-33938.931297709925,-2198.4732824427483,5111.4503816793895
490451,0,0,0,4907000303,4888.802709,0.010005,368,16522,518,-2090,-1234,-84,184,0.22026655273437498,9.889249957275391,0.31004911499023435,30.382941176470588,-33911.45038167939,-2308.3969465648856,5056.488549618321
490452,0,0,0,4907010308,4888.812714,0.010005,360,16564,448,-2089,-1233,-89,189,0.2154781494140625,9.91438907470703,0.26815058593749996,30.385882352941177,-33883.96946564886,-2445.8015267175574,5193.893129770992
490453,0,0,0,4907020313,4888.822719,0.010005,360,16540,476,-2088,-1230,-86,191,0.2154781494140625,9.900023864746093,0.28490999755859375,30.388823529411766,-33801.52671755725,-2363.3587786259545,5248.854961832061
490454,0,0,0,4907030319,4888.832725,0.010006,350,16558,508,-2088,-1234,-83,184,0.20949264526367187,9.910797772216796,0.30406361083984373,30.388823529411766,-33911.45038167939,-2280.916030534351,5056.488549618321
490455,0,0,0,4907040324,4888.84273,0.010005,372,16558,494,-2092,-1232,-89,182,0.22266075439453123,9.910797772216796,0.29568390502929687,30.377058823529413,-33856.48854961832,-2445.8015267175574,5001.526717557253
490456,0,0,0,4907050329,4888.852735,0.010005,372,16570,528,-2086,-1230,-84,186,0.22266075439453123,9.917980377197265,0.316034619140625,30.39470588235294,-33801.52671755725,-2308.3969465648856,5111.4503816793895
490457,0,0,0,4907060334,4888.86274,0.010005,376,16552,490,-2081,-1232,-83,183,0.22505495605468748,9.907206469726562,0.2932897033691406,30.409411764705883,-33856.48854961832,-2280.916030534351,5029.007633587787
490458,0,0,0,4907070339,4888.872745,0.010005,394,16572,468,-2090,-1231,-80,185,0.23582886352539062,9.919177478027343,0.28012159423828126,30.382941176470588,-33829.00763358779,-2198.4732824427483,5083.9694656488555
490459,0,0,0,4907080344,4888.88275,0.010005,354,16520,480,-2087,-1233,-81,188,0.21188684692382811,9.888052856445311,0.28730419921875,30.391764705882352,-33883.96946564886,-2225.9541984732828,5166.412213740458
490460,0,0,0,4907090350,4888.892756,0.010006,380,16568,450,-2089,-1232,-83,188,0.22744915771484372,9.916783276367187,0.2693476867675781,30.385882352941177,-33856.48854961832,-2280.916030534351,5166.412213740458
490461,0,0,0,4907100355,4888.902761,0.010005,366,16492,512,-2083,-1232,-91,186,0.21906945190429686,9.871293444824218,0.3064578125,30.40352941176471,-33856.48854961832,-2500.7633587786263,5111.4503816793895
490462,0,0,0,4907110360,4888.912766,0.010005,388,16532,492,-2087,-1232,-84,180,0.23223756103515625,9.89523546142578,0.29448680419921874,30.391764705882352,-33856.48854961832,-2308.3969465648856,4946.564885496184
490463,0,0,0,4907120365,4888.922771,0.010005,382,16550,490,-2090,-1229,-93,185,0.22864625854492185,9.906009368896484,0.2932897033691406,30.382941176470588,-33774.04580152672,-2555.7251908396947,5083.9694656488555
490464,0,0,0,4907130370,4888.932776,0.010005,390,16542,442,-2088,-1230,-91,180,0.23343466186523437,9.90122096557617,0.2645592834472656,30.388823529411766,-33801.52671755725,-2500.7633587786263,4946.564885496184
490465,0,0,0,4907140376,4888.942782,0.010006,398,16576,478,-2092,-1223,-90,181,0.23822306518554687,9.9215716796875,0.2861070983886719,30.377058823529413,-33609.16030534351,-2473.282442748092,4974.045801526718
490466,0,0,0,4907150381,4888.952787,0.010005,380,16558,468,-2085,-1235,-80,191,0.22744915771484372,9.910797772216796,0.28012159423828126,30.39764705882353,-33938.931297709925,-2198.4732824427483,5248.854961832061
490467,0,0,0,4907160386,4888.962792,0.010005,362,16542,486,-2084,-1229,-91,192,0.2166752502441406,9.90122096557617,0.29089550170898437,30.40058823529412,-33774.04580152672,-2500.7633587786263,5276.335877862595
490468,0,0,0,4907170391,4888.972797,0.010005,362,16524,510,-2084,-1228,-82,185,0.2166752502441406,9.890447058105469,0.30526071166992186,30.40058823529412,-33746.564885496184,-2253.4351145038167,5083.9694656488555
490469,0,0,0,4907180396,4888.982802,0.010005,376,16550,494,-2083,-1235,-83,184,0.22505495605468748,9.906009368896484,0.29568390502929687,30.40352941176471,-33938.931297709925,-2280.916030534351,5056.488549618321
490470,0,0,0,4907190402,4888.992808,0.010006,376,16594,468,-2083,-1226,-83,187,0.22505495605468748,9.932345587158203,0.28012159423828126,30.40352941176471,-33691.603053435116,-2280.916030534351,5138.931297709924
490471,0,0,0,4907200407,4889.002813,0.010005,364,16504,472,-2082,-1232,-80,182,0.21787235107421873,9.878476049804688,0.2825157958984375,30.406470588235294,-33856.48854961832,-2198.4732824427483,5001.526717557253
490472,0,0,0,4907210412,4889.012818,0.010005,352,16510,474,-2084,-1240,-84,183,0.21068974609375,9.882067352294921,0.28371289672851563,30.40058823529412,-34076.3358778626,-2308.3969465648856,5029.007633587787
490473,0,0,0,4907220417,4889.022823,0.010005,396,16568,474,-2085,-1228,-82,193,0.23702596435546874,9.916783276367187,0.28371289672851563,30.39764705882353,-33746.564885496184,-2253.4351145038167,5303.81679389313
490474,0,0,0,4907230422,4889.032828,0.010005,336,16528,480,-2085,-1230,-86,192,0.201112939453125,9.892841259765625,0.28730419921875,30.39764705882353,-33801.52671755725,-2363.3587786259545,5276.335877862595
490475,0,0,0,4907240428,4889.042834,0.010006,366,16568,492,-2082,-1228,-88,181,0.21906945190429686,9.916783276367187,0.29448680419921874,30.406470588235294,-33746.564885496184,-2418.320610687023,4974.045801526718
490476,0,0,0,4907250433,4889.052839,0.010005,378,16528,456,-2082,-1230,-88,186,0.2262520568847656,9.892841259765625,0.27293898925781246,30.406470588235294,-33801.52671755725,-2418.320610687023,5111.4503816793895
490477,0,0,0,4907260438,4889.062844,0.010005,340,16544,502,-2082,-1229,-89,186,0.20350714111328125,9.90241806640625,0.30047230834960936,30.406470588235294,-33774.04580152672,-2445.8015267175574,5111.4503816793895
490478,0,0,0,4907270443,4889.072849,0.010005,334,16518,538,-2085,-1228,-86,190,0.19991583862304688,9.886855755615233,0.3220201232910156,30.39764705882353,-33746.564885496184,-2363.3587786259545,5221.374045801527
490479,0,0,0,4907280448,4889.082854,0.010005,372,16582,476,-2085,-1225,-81,176,0.22266075439453123,9.925162982177733,0.28490999755859375,30.39764705882353,-33664.122137404585,-2225.9541984732828,4836.641221374046
490480,0,0,0,4907290454,4889.09286,0.010006,322,16502,494,-2088,-1225,-82,185,0.1927332336425781,9.87727894897461,0.29568390502929687,30.388823529411766,-33664.122137404585,-2253.4351145038167,5083.9694656488555
490481,0,0,0,4907300459,4889.102865,0.010005,382,16550,456,-2087,-1227,-91,186,0.22864625854492185,9.906009368896484,0.27293898925781246,30.391764705882352,-33719.08396946565,-2500.7633587786263,5111.4503816793895
490482,0,0,0,4907310464,4889.11287,0.010005,424,16566,424,-2090,-1226,-88,192,0.2537853759765625,9.91558617553711,0.2537853759765625,30.382941176470588,-33691.603053435116,-2418.320610687023,5276.335877862595
490483,0,0,0,4907320469,4889.122875,0.010005,386,16576,444,-2083,-1233,-88,192,0.23104046020507812,9.9215716796875,0.2657563842773437,30.40352941176471,-33883.96946564886,-2418.320610687023,5276.335877862595
490484,0,0,0,4907330474,4889.13288,0.010005,386,16572,478,-2081,-1230,-88,184,0.23104046020507812,9.919177478027343,0.2861070983886719,30.409411764705883,-33801.52671755725,-2418.320610687023,5056.488549618321
490485,0,0,0,4907340479,4889.142885,0.010005,376,16528,548,-2082,-1232,-90,180,0.22505495605468748,9.892841259765625,0.3280056274414062,30.406470588235294,-33856.48854961832,-2473.282442748092,4946.564885496184
490486,0,0,0,4907350485,4889.152891,0.010006,358,16562,494,-2084,-1233,-91,189,0.21428104858398436,9.913191973876952,0.29568390502929687,30.40058823529412,-33883.96946564886,-2500.7633587786263,5193.893129770992
490487,0,0,0,4907360490,4889.162896,0.010005,414,16522,468,-2088,-1233,-82,190,0.24779987182617186,9.889249957275391,0.28012159423828126,30.388823529411766,-33883.96946564886,-2253.4351145038167,5221.374045801527
490488,0,0,0,4907370495,4889.172901,0.010005,404,16560,494,-2082,-1225,-88,191,0.24181436767578124,9.911994873046874,0.29568390502929687,30.406470588235294,-33664.122137404585,-2418.320610687023,5248.854961832061
490489,0,0,0,4907380500,4889.182906,0.010005,388,16528,508,-2083,-1226,-90,188,0.23223756103515625,9.892841259765625,0.30406361083984373,30.40352941176471,-33691.603053435116,-2473.282442748092,5166.412213740458
490490,0,0,0,4907390505,4889.192911,0.010005,396,16546,482,-2083,-1224,-82,185,0.23702596435546874,9.903615167236328,0.2885013000488281,30.40352941176471,-33636.64122137405,-2253.4351145038167,5083.9694656488555
490491,0,0,0,4907400511,4889.202917,0.010006,386,16548,508,-2083,-1232,-83,190,0.23104046020507812,9.904812268066406,0.30406361083984373,30.40352941176471,-33856.48854961832,-2280.916030534351,5221.374045801527
490492,0,0,0,4907410516,4889.212922,0.010005,356,16536,522,-2086,-1232,-89,190,0.21308394775390624,9.897629663085937,0.3124433166503906,30.39470588235294,-33856.48854961832,-2445.8015267175574,5221.374045801527
490493,0,0,0,4907420521,4889.222927,0.010005,376,16508,502,-2079,-1230,-82,192,0.22505495605468748,9.880870251464843,0.30047230834960936,30.41529411764706,-33801.52671755725,-2253.4351145038167,5276.335877862595
490494,0,0,0,4907430526,4889.232932,0.010005,374,16562,528,-2081,-1227,-87,186,0.22385785522460935,9.913191973876952,0.316034619140625,30.409411764705883,-33719.08396946565,-2390.8396946564885,5111.4503816793895
490495,0,0,0,4907440531,4889.242937,0.010005,368,16530,496,-2081,-1228,-85,181,0.22026655273437498,9.894038360595703,0.296881005859375,30.409411764705883,-33746.564885496184,-2335.87786259542,4974.045801526718
490496,0,0,0,4907450537,4889.252943,0.010006,376,16562,464,-2089,-1227,-88,187,0.22505495605468748,9.913191973876952,0.277727392578125,30.385882352941177,-33719.08396946565,-2418.320610687023,5138.931297709924
490497,0,0,0,4907460542,4889.262948,0.010005,342,16592,506,-2082,-1231,-90,189,0.20470424194335937,9.931148486328125,0.3028665100097656,30.406470588235294,-33829.00763358779,-2473.282442748092,5193.893129770992
490498,0,0,0,4907470547,4889.272953,0.010005,382,16534,488,-2089,-1229,-85,185,0.22864625854492185,9.896432562255859,0.2920926025390625,30.385882352941177,-33774.04580152672,-2335.87786259542,5083.9694656488555
490499,0,0,0,4907480552,4889.282958,0.010005,388,16530,440,-2079,-1235,-89,176,0.23223756103515625,9.894038360595703,0.26336218261718747,30.41529411764706,-33938.931297709925,-2445.8015267175574,4836.641221374046
490500,0,0,0,4907490557,4889.292963,0.010005,360,16536,402,-2082,-1232,-87,187,0.2154781494140625,9.897629663085937,0.24061726684570311,30.406470588235294,-33856.48854961832,-2390.8396946564885,5138.931297709924
490501,0,0,0,4907500563,4889.302969,0.010006,368,16524,398,-2084,-1226,-89,187,0.22026655273437498,9.890447058105469,0.23822306518554687,30.40058823529412,-33691.603053435116,-2445.8015267175574,5138.931297709924
490502,0,0,0,4907510568,4889.312974,0.010005,376,16524,492,-2084,-1229,-92,178,0.22505495605468748,9.890447058105469,0.29448680419921874,30.40058823529412,-33774.04580152672,-2528.2442748091603,4891.603053435115
490503,0,0,0,4907520573,4889.322979,0.010005,362,16552,420,-2083,-1230,-86,180,0.2166752502441406,9.907206469726562,0.25139117431640623,30.40352941176471,-33801.52671755725,-2363.3587786259545,4946.564885496184
490504,0,0,0,4907530578,4889.332984,0.010005,410,16550,454,-2081,-1229,-85,184,0.2454056701660156,9.906009368896484,0.27174188842773433,30.409411764705883,-33774.04580152672,-2335.87786259542,5056.488549618321
490505,0,0,0,4907540583,4889.342989,0.010005,378,16562,456,-2081,-1230,-86,183,0.2262520568847656,9.913191973876952,0.27293898925781246,30.409411764705883,-33801.52671755725,-2363.3587786259545,5029.007633587787
490506,0,0,0,4907550589,4889.352995,0.010006,362,16570,440,-2081,-1228,-82,182,0.2166752502441406,9.917980377197265,0.26336218261718747,30.409411764705883,-33746.564885496184,-2253.4351145038167,5001.526717557253
490507,0,0,0,4907560594,4889.363,0.010005,384,16532,402,-2082,-1225,-84,187,0.229843359375,9.89523546142578,0.24061726684570311,30.406470588235294,-33664.122137404585,-2308.3969465648856,5138.931297709924
490508,0,0,0,4907570599,4889.373005,0.010005,376,16524,504,-2080,-1230,-88,188,0.22505495605468748,9.890447058105469,0.3016694091796875,30.412352941176472,-33801.52671755725,-2418.320610687023,5166.412213740458
490509,0,0,0,4907580604,4889.38301,0.010005,356,16520,448,-2086,-1234,-91,187,0.21308394775390624,9.888052856445311,0.26815058593749996,30.39470588235294,-33911.45038167939,-2500.7633587786263,5138.931297709924
490510,0,0,0,4907590609,4889.393015,0.010005,352,16542,480,-2082,-1236,-80,193,0.21068974609375,9.90122096557617,0.28730419921875,30.406470588235294,-33966.41221374046,-2198.4732824427483,5303.81679389313
490511,0,0,0,4907600615,4889.403021,0.010006,356,16546,470,-2077,-1237,-77,183,0.21308394775390624,9.903615167236328,0.2813186950683594,30.421176470588236,-33993.89312977099,-2116.030534351145,5029.007633587787
490512,0,0,0,4907610620,4889.413026,0.010005,318,16560,432,-2076,-1233,-89,184,0.19033903198242186,9.911994873046874,0.258573779296875,30.424117647058825,-33883.96946564886,-2445.8015267175574,5056.488549618321
490513,0,0,0,4907620625,4889.423031,0.010005,362,16556,518,-2082,-1227,-80,183,0.2166752502441406,9.909600671386718,0.31004911499023435,30.406470588235294,-33719.08396946565,-2198.4732824427483,5029.007633587787
490514,0,0,0,4907630630,4889.433036,0.010005,350,16570,480,-2080,-1226,-83,188,0.20949264526367187,9.917980377197265,0.28730419921875,30.412352941176472,-33691.603053435116,-2280.916030534351,5166.412213740458
490515,0,0,0,4907640635,4889.443041,0.010005,386,16556,476,-2086,-1230,-89,192,0.23104046020507812,9.909600671386718,0.28490999755859375,30.39470588235294,-33801.52671755725,-2445.8015267175574,5276.335877862595
490516,0,0,0,4907650641,4889.453047,0.010006,386,16526,484,-2084,-1227,-87,189,0.23104046020507812,9.891644158935547,0.28969840087890625,30.40058823529412,-33719.08396946565,-2390.8396946564885,5193.893129770992
490517,0,0,0,4907660646,4889.463052,0.010005,390,16542,460,-2087,-1233,-94,186,0.23343466186523437,9.90122096557617,0.2753331909179687,30.391764705882352,-33883.96946564886,-2583.206106870229,5111.4503816793895
490518,0,0,0,4907670651,4889.473057,0.010005,356,16610,450,-2082,-1232,-86,179,0.21308394775390624,9.941922393798828,0.2693476867675781,30.406470588235294,-33856.48854961832,-2363.3587786259545,4919.083969465649
490519,0,0,0,4907680656,4889.483062,0.010005,364,16528,534,-2078,-1235,-87,185,0.21787235107421873,9.892841259765625,0.31962592163085934,30.41823529411765,-33938.931297709925,-2390.8396946564885,5083.9694656488555
490520,0,0,0,4907690661,4889.493067,0.010005,324,16552,456,-2081,-1225,-84,183,0.19393033447265623,9.907206469726562,0.27293898925781246,30.409411764705883,-33664.122137404585,-2308.3969465648856,5029.007633587787
490521,0,0,0,4907700666,4889.503072,0.010005,414,16552,464,-2081,-1229,-92,183,0.24779987182617186,9.907206469726562,0.277727392578125,30.409411764705883,-33774.04580152672,-2528.2442748091603,5029.007633587787
490522,0,0,0,4907710672,4889.513078,0.010006,372,16560,432,-2079,-1238,-95,183,0.22266075439453123,9.911994873046874,0.258573779296875,30.41529411764706,-34021.37404580153,-2610.6870229007636,5029.007633587787
490523,0,0,0,4907720677,4889.523083,0.010005,390,16566,476,-2082,-1233,-84,183,0.23343466186523437,9.91558617553711,0.28490999755859375,30.406470588235294,-33883.96946564886,-2308.3969465648856,5029.007633587787
490524,0,0,0,4907730682,4889.533088,0.010005,362,16580,420,-2084,-1234,-79,186,0.2166752502441406,9.923965881347655,0.25139117431640623,30.40058823529412,-33911.45038167939,-2170.992366412214,5111.4503816793895
490525,0,0,0,4907740687,4889.543093,0.010005,368,16496,488,-2085,-1234,-85,190,0.22026655273437498,9.873687646484374,0.2920926025390625,30.39764705882353,-33911.45038167939,-2335.87786259542,5221.374045801527
490526,0,0,0,4907750692,4889.553098,0.010005,350,16510,486,-2089,-1237,-89,190,0.20949264526367187,9.882067352294921,0.29089550170898437,30.385882352941177,-33993.89312977099,-2445.8015267175574,5221.374045801527
490527,0,0,0,4907760698,4889.563104,0.010006,426,16540,470,-2083,-1236,-90,188,0.2549824768066406,9.900023864746093,0.2813186950683594,30.40352941176471,-33966.41221374046,-2473.282442748092,5166.412213740458
490528,0,0,0,4907770703,4889.573109,0.010005,398,16532,482,-2085,-1235,-86,189,0.23822306518554687,9.89523546142578,0.2885013000488281,30.39764705882353,-33938.931297709925,-2363.3587786259545,5193.893129770992
490529,0,0,0,4907780708,4889.583114,0.010005,376,16524,422,-2076,-1235,-83,197,0.22505495605468748,9.890447058105469,0.25258827514648435,30.424117647058825,-33938.931297709925,-2280.916030534351,5413.740458015267
490530,0,0,0,4907790713,4889.593119,0.010005,366,16506,492,-2082,-1236,-85,196,0.21906945190429686,9.879673150634765,0.29448680419921874,30.406470588235294,-33966.41221374046,-2335.87786259542,5386.259541984733
490531,0,0,0,4907800718,4889.603124,0.010005,400,16566,500,-2079,-1230,-82,188,0.239420166015625,9.91558617553711,0.29927520751953124,30.41529411764706,-33801.52671755725,-2253.4351145038167,5166.412213740458
490532,0,0,0,4907810724,4889.61313,0.010006,338,16530,466,-2079,-1232,-83,189,0.20231004028320312,9.894038360595703,0.27892449340820313,30.41529411764706,-33856.48854961832,-2280.916030534351,5193.893129770992
490533,0,0,0,4907820729,4889.623135,0.010005,384,16538,432,-2081,-1229,-88,182,0.229843359375,9.898826763916015,0.258573779296875,30.409411764705883,-33774.04580152672,-2418.320610687023,5001.526717557253
490534,0,0,0,4907830734,4889.63314,0.010005,364,16514,502,-2080,-1228,-80,187,0.21787235107421873,9.884461553955077,0.30047230834960936,30.412352941176472,-33746.564885496184,-2198.4732824427483,5138.931297709924
490535,0,0,0,4907840739,4889.643145,0.010005,376,16546,448,-2084,-1231,-85,189,0.22505495605468748,9.903615167236328,0.26815058593749996,30.40058823529412,-33829.00763358779,-2335.87786259542,5193.893129770992
490536,0,0,0,4907850744,4889.65315,0.010005,382,16576,444,-2085,-1232,-82,197,0.22864625854492185,9.9215716796875,0.2657563842773437,30.39764705882353,-33856.48854961832,-2253.4351145038167,5413.740458015267
490537,0,0,0,4907860750,4889.663156,0.010006,388,16532,446,-2085,-1228,-81,199,0.23223756103515625,9.89523546142578,0.26695348510742184,30.39764705882353,-33746.564885496184,-2225.9541984732828,5468.702290076336
490538,0,0,0,4907870755,4889.673161,0.010005,372,16500,444,-2088,-1227,-83,183,0.22266075439453123,9.87608184814453,0.2657563842773437,30.388823529411766,-33719.08396946565,-2280.916030534351,5029.007633587787
490539,0,0,0,4907880760,4889.683166,0.010005,416,16536,448,-2084,-1234,-81,187,0.24899697265624998,9.897629663085937,0.26815058593749996,30.40058823529412,-33911.45038167939,-2225.9541984732828,5138.931297709924
490540,0,0,0,4907890765,4889.693171,0.010005,392,16532,474,-2091,-1230,-82,188,0.2346317626953125,9.89523546142578,0.28371289672851563,30.380000000000003,-33801.52671755725,-2253.4351145038167,5166.412213740458
490541,0,0,0,4907900770,4889.703176,0.010005,400,16510,426,-2090,-1233,-87,187,0.239420166015625,9.882067352294921,0.2549824768066406,30.382941176470588,-33883.96946564886,-2390.8396946564885,5138.931297709924
490542,0,0,0,4907910776,4889.713182,0.010006,348,16542,502,-2082,-1229,-90,188,0.20829554443359374,9.90122096557617,0.30047230834960936,30.406470588235294,-33774.04580152672,-2473.282442748092,5166.412213740458
490543,0,0,0,4907920781,4889.723187,0.010005,372,16510,472,-2080,-1227,-87,178,0.22266075439453123,9.882067352294921,0.2825157958984375,30.412352941176472,-33719.08396946565,-2390.8396946564885,4891.603053435115
490544,0,0,0,4907930786,4889.733192,0.010005,356,16510,414,-2086,-1233,-84,183,0.21308394775390624,9.882067352294921,0.24779987182617186,30.39470588235294,-33883.96946564886,-2308.3969465648856,5029.007633587787
490545,0,0,0,4907940791,4889.743197,0.010005,386,16552,506,-2083,-1230,-86,188,0.23104046020507812,9.907206469726562,0.3028665100097656,30.40352941176471,-33801.52671755725,-2363.3587786259545,5166.412213740458
490546,0,0,0,4907950796,4889.753202,0.010005,380,16542,498,-2080,-1235,-87,187,0.22744915771484372,9.90122096557617,0.2980781066894531,30.412352941176472,-33938.931297709925,-2390.8396946564885,5138.931297709924
490547,0,0,0,4907960801,4889.763207,0.010005,362,16514,464,-2086,-1230,-86,183,0.2166752502441406,9.884461553955077,0.277727392578125,30.39470588235294,-33801.52671755725,-2363.3587786259545,5029.007633587787
490548,0,0,0,4907970807,4889.773213,0.010006,352,16518,458,-2081,-1226,-82,193,0.21068974609375,9.886855755615233,0.2741360900878906,30.409411764705883,-33691.603053435116,-2253.4351145038167,5303.81679389313
490549,0,0,0,4907980812,4889.783218,0.010005,352,16548,438,-2081,-1235,-87,189,0.21068974609375,9.904812268066406,0.26216508178710934,30.409411764705883,-33938.931297709925,-2390.8396946564885,5193.893129770992
490550,0,0,0,4907990817,4889.793223,0.010005,400,16542,458,-2090,-1236,-90,184,0.239420166015625,9.90122096557617,0.2741360900878906,30.382941176470588,-33966.41221374046,-2473.282442748092,5056.488549618321
490551,0,0,0,4908000822,4889.803228,0.010005,390,16528,418,-2090,-1232,-89,181,0.23343466186523437,9.892841259765625,0.2501940734863281,30.382941176470588,-33856.48854961832,-2445.8015267175574,4974.045801526718
490552,0,0,0,4908010828,4889.813234,0.010006,360,16548,452,-2085,-1230,-83,183,0.2154781494140625,9.904812268066406,0.2705447875976562,30.39764705882353,-33801.52671755725,-2280.916030534351,5029.007633587787
490553,0,0,0,4908020833,4889.823239,0.010005,366,16594,452,-2082,-1225,-84,190,0.21906945190429686,9.932345587158203,0.2705447875976562,30.406470588235294,-33664.122137404585,-2308.3969465648856,5221.374045801527
490554,0,0,0,4908030838,4889.833244,0.010005,390,16542,522,-2083,-1227,-90,180,0.23343466186523437,9.90122096557617,0.3124433166503906,30.40352941176471,-33719.08396946565,-2473.282442748092,4946.564885496184
490555,0,0,0,4908040843,4889.843249,0.010005,372,16550,490,-2085,-1227,-84,186,0.22266075439453123,9.906009368896484,0.2932897033691406,30.39764705882353,-33719.08396946565,-2308.3969465648856,5111.4503816793895
490556,0,0,0,4908050848,4889.853254,0.010005,386,16552,526,-2085,-1228,-89,188,0.23104046020507812,9.907206469726562,0.31483751831054685,30.39764705882353,-33746.564885496184,-2445.8015267175574,5166.412213740458
490557,0,0,0,4908060853,4889.863259,0.010005,390,16520,412,-2076,-1232,-91,187,0.23343466186523437,9.888052856445311,0.24660277099609373,30.424117647058825,-33856.48854961832,-2500.7633587786263,5138.931297709924
490558,0,0,0,4908070859,4889.873265,0.010006,370,16550,490,-2087,-1232,-88,184,0.2214636535644531,9.906009368896484,0.2932897033691406,30.391764705882352,-33856.48854961832,-2418.320610687023,5056.488549618321
490559,0,0,0,4908080864,4889.88327,0.010005,406,16530,484,-2086,-1227,-84,187,0.24301146850585936,9.894038360595703,0.28969840087890625,30.39470588235294,-33719.08396946565,-2308.3969465648856,5138.931297709924
490560,0,0,0,4908090869,4889.893275,0.010005,360,16510,438,-2084,-1223,-81,182,0.2154781494140625,9.882067352294921,0.26216508178710934,30.40058823529412,-33609.16030534351,-2225.9541984732828,5001.526717557253
490561,0,0,0,4908100874,4889.90328,0.010005,348,16552,516,-2084,-1231,-84,188,0.20829554443359374,9.907206469726562,0.30885201416015623,30.40058823529412,-33829.00763358779,-2308.3969465648856,5166.412213740458
490562,0,0,0,4908110879,4889.913285,0.010005,396,16604,418,-2083,-1234,-83,187,0.23702596435546874,9.938331091308592,0.2501940734863281,30.40352941176471,-33911.45038167939,-2280.916030534351,5138.931297709924
490563,0,0,0,4908120885,4889.923291,0.010006,348,16568,454,-2078,-1234,-80,184,0.20829554443359374,9.916783276367187,0.27174188842773433,30.41823529411765,-33911.45038167939,-2198.4732824427483,5056.488549618321
490564,0,0,0,4908130890,4889.933296,0.010005,350,16596,438,-2078,-1231,-78,184,0.20949264526367187,9.93354268798828,0.26216508178710934,30.41823529411765,-33829.00763358779,-2143.5114503816794,5056.488549618321
490565,0,0,0,4908140895,4889.943301,0.010005,398,16600,468,-2080,-1230,-83,179,0.23822306518554687,9.935936889648437,0.28012159423828126,30.412352941176472,-33801.52671755725,-2280.916030534351,4919.083969465649
490566,0,0,0,4908150900,4889.953306,0.010005,388,16548,502,-2080,-1233,-88,174,0.23223756103515625,9.904812268066406,0.30047230834960936,30.412352941176472,-33883.96946564886,-2418.320610687023,4781.679389312977
490567,0,0,0,4908160905,4889.963311,0.010005,368,16584,440,-2082,-1226,-84,183,0.22026655273437498,9.926360083007811,0.26336218261718747,30.406470588235294,-33691.603053435116,-2308.3969465648856,5029.007633587787
490568,0,0,0,4908170911,4889.973317,0.010006,410,16540,472,-2080,-1232,-87,180,0.2454056701660156,9.900023864746093,0.2825157958984375,30.412352941176472,-33856.48854961832,-2390.8396946564885,4946.564885496184
490569,0,0,0,4908180916,4889.983322,0.010005,380,16520,482,-2081,-1232,-89,193,0.22744915771484372,9.888052856445311,0.2885013000488281,30.409411764705883,-33856.48854961832,-2445.8015267175574,5303.81679389313
490570,0,0,0,4908190921,4889.993327,0.010005,410,16518,428,-2081,-1228,-87,182,0.2454056701660156,9.886855755615233,0.2561795776367187,30.409411764705883,-33746.564885496184,-2390.8396946564885,5001.526717557253
490571,0,0,0,4908200926,4890.003332,0.010005,394,16514,446,-2083,-1230,-78,183,0.23582886352539062,9.884461553955077,0.26695348510742184,30.40352941176471,-33801.52671755725,-2143.5114503816794,5029.007633587787
490572,0,0,0,4908210931,4890.013337,0.010005,394,16514,476,-2080,-1232,-90,184,0.23582886352539062,9.884461553955077,0.28490999755859375,30.412352941176472,-33856.48854961832,-2473.282442748092,5056.488549618321
490573,0,0,0,4908220937,4890.023343,0.010006,346,16554,506,-2084,-1231,-89,187,0.20709844360351562,9.90840357055664,0.3028665100097656,30.40058823529412,-33829.00763358779,-2445.8015267175574,5138.931297709924
490574,0,0,0,4908230942,4890.033348,0.010005,376,16542,510,-2078,-1231,-83,183,0.22505495605468748,9.90122096557617,0.30526071166992186,30.41823529411765,-33829.00763358779,-2280.916030534351,5029.007633587787
490575,0,0,0,4908240947,4890.043353,0.010005,352,16550,500,-2087,-1225,-85,181,0.21068974609375,9.906009368896484,0.29927520751953124,30.391764705882352,-33664.122137404585,-2335.87786259542,4974.045801526718
490576,0,0,0,4908250952,4890.053358,0.010005,354,16542,484,-2084,-1237,-90,190,0.21188684692382811,9.90122096557617,0.28969840087890625,30.40058823529412,-33993.89312977099,-2473.282442748092,5221.374045801527
490577,0,0,0,4908260957,4890.063363,0.010005,354,16558,450,-2082,-1236,-91,188,0.21188684692382811,9.910797772216796,0.2693476867675781,30.406470588235294,-33966.41221374046,-2500.7633587786263,5166.412213740458
490578,0,0,0,4908270963,4890.073369,0.010006,386,16532,458,-2086,-1234,-91,194,0.23104046020507812,9.89523546142578,0.2741360900878906,30.39470588235294,-33911.45038167939,-2500.7633587786263,5331.297709923664
490579,0,0,0,4908280968,4890.083374,0.010005,366,16540,424,-2087,-1227,-89,183,0.21906945190429686,9.900023864746093,0.2537853759765625,30.391764705882352,-33719.08396946565,-2445.8015267175574,5029.007633587787
490580,0,0,0,4908290973,4890.093379,0.010005,384,16582,510,-2083,-1231,-85,183,0.229843359375,9.925162982177733,0.30526071166992186,30.40352941176471,-33829.00763358779,-2335.87786259542,5029.007633587787
490581,0,0,0,4908300978,4890.103384,0.010005,388,16576,468,-2082,-1232,-85,187,0.23223756103515625,9.9215716796875,0.28012159423828126,30.406470588235294,-33856.48854961832,-2335.87786259542,5138.931297709924
490582,0,0,0,4908310983,4890.113389,0.010005,404,16560,440,-2086,-1226,-86,185,0.24181436767578124,9.911994873046874,0.26336218261718747,30.39470588235294,-33691.603053435116,-2363.3587786259545,5083.9694656488555
490583,0,0,0,4908320988,4890.123394,0.010005,376,16486,446,-2083,-1230,-86,188,0.22505495605468748,9.867702142333984,0.26695348510742184,30.40352941176471,-33801.52671755725,-2363.3587786259545,5166.412213740458
490584,0,0,0,4908330994,4890.1334,0.010006,360,16534,470,-2083,-1225,-91,184,0.2154781494140625,9.896432562255859,0.2813186950683594,30.40352941176471,-33664.122137404585,-2500.7633587786263,5056.488549618321
490585,0,0,0,4908340999,4890.143405,0.010005,390,16500,466,-2082,-1230,-84,189,0.23343466186523437,9.87608184814453,0.27892449340820313,30.406470588235294,-33801.52671755725,-2308.3969465648856,5193.893129770992
490586,0,0,0,4908351004,4890.15341,0.010005,356,16516,500,-2088,-1228,-93,182,0.21308394775390624,9.885658654785155,0.29927520751953124,30.388823529411766,-33746.564885496184,-2555.7251908396947,5001.526717557253
490587,0,0,0,4908361009,4890.163415,0.010005,390,16546,510,-2081,-1229,-90,187,0.23343466186523437,9.903615167236328,0.30526071166992186,30.409411764705883,-33774.04580152672,-2473.282442748092,5138.931297709924
490588,0,0,0,4908371015,4890.173421,0.010006,340,16554,448,-2085,-1227,-82,185,0.20350714111328125,9.90840357055664,0.26815058593749996,30.39764705882353,-33719.08396946565,-2253.4351145038167,5083.9694656488555
490589,0,0,0,4908381020,4890.183426,0.010005,360,16546,478,-2084,-1227,-89,179,0.2154781494140625,9.903615167236328,0.2861070983886719,30.40058823529412,-33719.08396946565,-2445.8015267175574,4919.083969465649
490590,0,0,0,4908391025,4890.193431,0.010005,402,16528,442,-2081,-1232,-88,183,0.24061726684570311,9.892841259765625,0.2645592834472656,30.409411764705883,-33856.48854961832,-2418.320610687023,5029.007633587787
490591,0,0,0,4908401030,4890.203436,0.010005,390,16546,448,-2081,-1233,-84,179,0.23343466186523437,9.903615167236328,0.26815058593749996,30.409411764705883,-33883.96946564886,-2308.3969465648856,4919.083969465649
490592,0,0,0,4908411035,4890.213441,0.010005,410,16566,422,-2082,-1232,-82,175,0.2454056701660156,9.91558617553711,0.25258827514648435,30.406470588235294,-33856.48854961832,-2253.4351145038167,4809.160305343512
490593,0,0,0,4908421040,4890.223446,0.010005,380,16534,492,-2078,-1235,-90,184,0.22744915771484372,9.896432562255859,0.29448680419921874,30.41823529411765,-33938.931297709925,-2473.282442748092,5056.488549618321
490594,0,0,0,4908431046,4890.233452,0.010006,394,16526,480,-2081,-1234,-85,192,0.23582886352539062,9.891644158935547,0.28730419921875,30.409411764705883,-33911.45038167939,-2335.87786259542,5276.335877862595
490595,0,0,0,4908441051,4890.243457,0.010005,382,16582,454,-2077,-1234,-90,187,0.22864625854492185,9.925162982177733,0.27174188842773433,30.421176470588236,-33911.45038167939,-2473.282442748092,5138.931297709924
490596,0,0,0,4908451056,4890.253462,0.010005,356,16514,468,-2086,-1227,-88,179,0.21308394775390624,9.884461553955077,0.28012159423828126,30.39470588235294,-33719.08396946565,-2418.320610687023,4919.083969465649
490597,0,0,0,4908461061,4890.263467,0.010005,388,16568,486,-2084,-1229,-86,188,0.23223756103515625,9.916783276367187,0.29089550170898437,30.40058823529412,-33774.04580152672,-2363.3587786259545,5166.412213740458
490598,0,0,0,4908471066,4890.273472,0.010005,370,16572,448,-2075,-1230,-85,185,0.2214636535644531,9.919177478027343,0.26815058593749996,30.427058823529414,-33801.52671755725,-2335.87786259542,5083.9694656488555
490599,0,0,0,4908481072,4890.283478,0.010006,380,16576,476,-2081,-1233,-85,188,0.22744915771484372,9.9215716796875,0.28490999755859375,30.409411764705883,-33883.96946564886,-2335.87786259542,5166.412213740458
490600,0,0,0,4908491077,4890.293483,0.010005,410,16590,456,-2082,-1225,-87,192,0.2454056701660156,9.929951385498047,0.27293898925781246,30.406470588235294,-33664.122137404585,-2390.8396946564885,5276.335877862595
490601,0,0,0,4908501082,4890.303488,0.010005,382,16542,480,-2079,-1225,-82,188,0.22864625854492185,9.90122096557617,0.28730419921875,30.41529411764706,-33664.122137404585,-2253.4351145038167,5166.412213740458
490602,0,0,0,4908511087,4890.313493,0.010005,336,16492,450,-2074,-1236,-84,192,0.201112939453125,9.871293444824218,0.2693476867675781,30.43,-33966.41221374046,-2308.3969465648856,5276.335877862595
490603,0,0,0,4908521092,4890.323498,0.010005,354,16538,486,-2079,-1235,-85,192,0.21188684692382811,9.898826763916015,0.29089550170898437,30.41529411764706,-33938.931297709925,-2335.87786259542,5276.335877862595
490604,0,0,0,4908531098,4890.333504,0.010006,388,16546,522,-2085,-1226,-83,186,0.23223756103515625,9.903615167236328,0.3124433166503906,30.39764705882353,-33691.603053435116,-2280.916030534351,5111.4503816793895
490605,0,0,0,4908541103,4890.343509,0.010005,404,16562,470,-2079,-1227,-89,191,0.24181436767578124,9.913191973876952,0.2813186950683594,30.41529411764706,-33719.08396946565,-2445.8015267175574,5248.854961832061
490606,0,0,0,4908551108,4890.353514,0.010005,378,16548,484,-2078,-1227,-80,185,0.2262520568847656,9.904812268066406,0.28969840087890625,30.41823529411765,-33719.08396946565,-2198.4732824427483,5083.9694656488555
490607,0,0,0,4908561113,4890.363519,0.010005,360,16540,428,-2078,-1229,-94,186,0.2154781494140625,9.900023864746093,0.2561795776367187,30.41823529411765,-33774.04580152672,-2583.206106870229,5111.4503816793895
490608,0,0,0,4908571118,4890.373524,0.010005,396,16538,542,-2083,-1227,-86,187,0.23702596435546874,9.898826763916015,0.32441432495117184,30.40352941176471,-33719.08396946565,-2363.3587786259545,5138.931297709924
490609,0,0,0,4908581124,4890.38353,0.010006,386,16536,518,-2087,-1229,-90,188,0.23104046020507812,9.897629663085937,0.31004911499023435,30.391764705882352,-33774.04580152672,-2473.282442748092,5166.412213740458
490610,0,0,0,4908591129,4890.393535,0.010005,384,16548,394,-2086,-1231,-88,190,0.229843359375,9.904812268066406,0.23582886352539062,30.39470588235294,-33829.00763358779,-2418.320610687023,5221.374045801527
490611,0,0,0,4908601134,4890.40354,0.010005,378,16512,458,-2091,-1233,-83,186,0.2262520568847656,9.883264453125,0.2741360900878906,30.380000000000003,-33883.96946564886,-2280.916030534351,5111.4503816793895
490612,0,0,0,4908611139,4890.413545,0.010005,376,16496,432,-2084,-1232,-84,187,0.22505495605468748,9.873687646484374,0.258573779296875,30.40058823529412,-33856.48854961832,-2308.3969465648856,5138.931297709924
490613,0,0,0,4908621144,4890.42355,0.010005,388,16518,442,-2084,-1229,-84,181,0.23223756103515625,9.886855755615233,0.2645592834472656,30.40058823529412,-33774.04580152672,-2308.3969465648856,4974.045801526718
490614,0,0,0,4908631150,4890.433556,0.010006,360,16538,492,-2081,-1232,-83,179,0.2154781494140625,9.898826763916015,0.29448680419921874,30.409411764705883,-33856.48854961832,-2280.916030534351,4919.083969465649
490615,0,0,0,4908641155,4890.443561,0.010005,412,16580,506,-2073,-1232,-75,187,0.24660277099609373,9.923965881347655,0.3028665100097656,30.43294117647059,-33856.48854961832,-2061.0687022900765,5138.931297709924
490616,0,0,0,4908651160,4890.453566,0.010005,392,16540,504,-2081,-1236,-87,188,0.2346317626953125,9.900023864746093,0.3016694091796875,30.409411764705883,-33966.41221374046,-2390.8396946564885,5166.412213740458
490617,0,0,0,4908661165,4890.463571,0.010005,382,16502,436,-2085,-1230,-76,186,0.22864625854492185,9.87727894897461,0.2609679809570312,30.39764705882353,-33801.52671755725,-2088.549618320611,5111.4503816793895
490618,0,0,0,4908671170,4890.473576,0.010005,374,16528,440,-2080,-1234,-80,193,0.22385785522460935,9.892841259765625,0.26336218261718747,30.412352941176472,-33911.45038167939,-2198.4732824427483,5303.81679389313
490619,0,0,0,4908681176,4890.483582,0.010006,344,16536,456,-2080,-1232,-82,197,0.2059013427734375,9.897629663085937,0.27293898925781246,30.412352941176472,-33856.48854961832,-2253.4351145038167,5413.740458015267
490620,0,0,0,4908691181,4890.493587,0.010005,350,16560,452,-2081,-1229,-80,190,0.20949264526367187,9.911994873046874,0.2705447875976562,30.409411764705883,-33774.04580152672,-2198.4732824427483,5221.374045801527
490621,0,0,0,4908701186,4890.503592,0.010005,396,16538,464,-2088,-1232,-82,186,0.23702596435546874,9.898826763916015,0.277727392578125,30.388823529411766,-33856.48854961832,-2253.4351145038167,5111.4503816793895
490622,0,0,0,4908711191,4890.513597,0.010005,410,16506,514,-2081,-1232,-88,191,0.2454056701660156,9.879673150634765,0.3076549133300781,30.409411764705883,-33856.48854961832,-2418.320610687023,5248.854961832061
490623,0,0,0,4908721196,4890.523602,0.010005,344,16496,398,-2080,-1228,-91,186,0.2059013427734375,9.873687646484374,0.23822306518554687,30.412352941176472,-33746.564885496184,-2500.7633587786263,5111.4503816793895
490624,0,0,0,4908731201,4890.533607,0.010005,352,16568,490,-2074,-1230,-86,184,0.21068974609375,9.916783276367187,0.2932897033691406,30.43,-33801.52671755725,-2363.3587786259545,5056.488549618321
490625,0,0,0,4908741207,4890.543613,0.010006,380,16548,476,-2079,-1231,-88,187,0.22744915771484372,9.904812268066406,0.28490999755859375,30.41529411764706,-33829.00763358779,-2418.320610687023,5138.931297709924
490626,0,0,0,4908751212,4890.553618,0.010005,346,16582,498,-2079,-1230,-85,183,0.20709844360351562,9.925162982177733,0.2980781066894531,30.41529411764706,-33801.52671755725,-2335.87786259542,5029.007633587787
490627,0,0,0,4908761217,4890.563623,0.010005,378,16522,418,-2083,-1229,-80,194,0.2262520568847656,9.889249957275391,0.2501940734863281,30.40352941176471,-33774.04580152672,-2198.4732824427483,5331.297709923664
490628,0,0,0,4908771222,4890.573628,0.010005,352,16506,458,-2084,-1239,-78,186,0.21068974609375,9.879673150634765,0.2741360900878906,30.40058823529412,-34048.85496183206,-2143.5114503816794,5111.4503816793895
490629,0,0,0,4908781227,4890.583633,0.010005,382,16554,426,-2085,-1236,-84,185,0.22864625854492185,9.90840357055664,0.2549824768066406,30.39764705882353,-33966.41221374046,-2308.3969465648856,5083.9694656488555
490630,0,0,0,4908791233,4890.593639,0.010006,378,16510,412,-2083,-1228,-88,185,0.2262520568847656,9.882067352294921,0.24660277099609373,30.40352941176471,-33746.564885496184,-2418.320610687023,5083.9694656488555
490631,0,0,0,4908801238,4890.603644,0.010005,404,16540,518,-2079,-1228,-82,192,0.24181436767578124,9.900023864746093,0.31004911499023435,30.41529411764706,-33746.564885496184,-2253.4351145038167,5276.335877862595
490632,0,0,0,4908811243,4890.613649,0.010005,406,16554,450,-2079,-1230,-83,190,0.24301146850585936,9.90840357055664,0.2693476867675781,30.41529411764706,-33801.52671755725,-2280.916030534351,5221.374045801527
490633,0,0,0,4908821248,4890.623654,0.010005,386,16518,506,-2079,-1228,-83,189,0.23104046020507812,9.886855755615233,0.3028665100097656,30.41529411764706,-33746.564885496184,-2280.916030534351,5193.893129770992
490634,0,0,0,4908831253,4890.633659,0.010005,398,16568,508,-2081,-1232,-85,187,0.23822306518554687,9.916783276367187,0.30406361083984373,30.409411764705883,-33856.48854961832,-2335.87786259542,5138.931297709924
490635,0,0,0,4908841259,4890.643665,0.010006,382,16524,518,-2075,-1232,-89,186,0.22864625854492185,9.890447058105469,0.31004911499023435,30.427058823529414,-33856.48854961832,-2445.8015267175574,5111.4503816793895
490636,0,0,0,4908851264,4890.65367,0.010005,392,16496,424,-2078,-1225,-89,185,0.2346317626953125,9.873687646484374,0.2537853759765625,30.41823529411765,-33664.122137404585,-2445.8015267175574,5083.9694656488555
490637,0,0,0,4908861269,4890.663675,0.010005,394,16532,482,-2073,-1231,-78,186,0.23582886352539062,9.89523546142578,0.2885013000488281,30.43294117647059,-33829.00763358779,-2143.5114503816794,5111.4503816793895
490638,0,0,0,4908871274,4890.67368,0.010005,366,16568,458,-2083,-1232,-84,186,0.21906945190429686,9.916783276367187,0.2741360900878906,30.40352941176471,-33856.48854961832,-2308.3969465648856,5111.4503816793895
490639,0,0,0,4908881279,4890.683685,0.010005,360,16502,468,-2085,-1232,-82,181,0.2154781494140625,9.87727894897461,0.28012159423828126,30.39764705882353,-33856.48854961832,-2253.4351145038167,4974.045801526718
490640,0,0,0,4908891285,4890.693691,0.010006,358,16514,458,-2086,-1231,-88,196,0.21428104858398436,9.884461553955077,0.2741360900878906,30.39470588235294,-33829.00763358779,-2418.320610687023,5386.259541984733
490641,0,0,0,4908901290,4890.703696,0.010005,418,16528,428,-2082,-1229,-90,187,0.2501940734863281,9.892841259765625,0.2561795776367187,30.406470588235294,-33774.04580152672,-2473.282442748092,5138.931297709924
490642,0,0,0,4908911295,4890.713701,0.010005,386,16552,462,-2085,-1233,-89,186,0.23104046020507812,9.907206469726562,0.2765302917480469,30.39764705882353,-33883.96946564886,-2445.8015267175574,5111.4503816793895
490643,0,0,0,4908921300,4890.723706,0.010005,378,16522,458,-2087,-1229,-83,184,0.2262520568847656,9.889249957275391,0.2741360900878906,30.391764705882352,-33774.04580152672,-2280.916030534351,5056.488549618321
490644,0,0,0,4908931305,4890.733711,0.010005,394,16532,502,-2084,-1225,-87,189,0.23582886352539062,9.89523546142578,0.30047230834960936,30.40058823529412,-33664.122137404585,-2390.8396946564885,5193.893129770992
490645,0,0,0,4908941311,4890.743717,0.010006,334,16566,480,-2078,-1226,-88,187,0.19991583862304688,9.91558617553711,0.28730419921875,30.41823529411765,-33691.603053435116,-2418.320610687023,5138.931297709924
490646,0,0,0,4908951316,4890.753722,0.010005,368,16578,472,-2081,-1228,-87,182,0.22026655273437498,9.922768780517577,0.2825157958984375,30.409411764705883,-33746.564885496184,-2390.8396946564885,5001.526717557253
490647,0,0,0,4908961321,4890.763727,0.010005,366,16548,554,-2075,-1225,-84,183,0.21906945190429686,9.904812268066406,0.3315969299316406,30.427058823529414,-33664.122137404585,-2308.3969465648856,5029.007633587787
490648,0,0,0,4908971326,4890.773732,0.010005,402,16556,498,-2077,-1232,-90,186,0.24061726684570311,9.909600671386718,0.2980781066894531,30.421176470588236,-33856.48854961832,-2473.282442748092,5111.4503816793895
490649,0,0,0,4908981331,4890.783737,0.010005,396,16546,484,-2078,-1232,-90,181,0.23702596435546874,9.903615167236328,0.28969840087890625,30.41823529411765,-33856.48854961832,-2473.282442748092,4974.045801526718
490650,0,0,0,4908991337,4890.793743,0.010006,376,16582,490,-2082,-1232,-82,181,0.22505495605468748,9.925162982177733,0.2932897033691406,30.406470588235294,-33856.48854961832,-2253.4351145038167,4974.045801526718
490651,0,0,0,4909001342,4890.803748,0.010005,346,16536,476,-2081,-1235,-82,191,0.20709844360351562,9.897629663085937,0.28490999755859375,30.409411764705883,-33938.931297709925,-2253.4351145038167,5248.854961832061
490652,0,0,0,4909011347,4890.813753,0.010005,324,16554,488,-2082,-1230,-87,185,0.19393033447265623,9.90840357055664,0.2920926025390625,30.406470588235294,-33801.52671755725,-2390.8396946564885,5083.9694656488555
490653,0,0,0,4909021352,4890.823758,0.010005,394,16564,512,-2080,-1226,-87,193,0.23582886352539062,9.91438907470703,0.3064578125,30.412352941176472,-33691.603053435116,-2390.8396946564885,5303.81679389313
490654,0,0,0,4909031357,4890.833763,0.010005,354,16494,460,-2077,-1233,-77,188,0.21188684692382811,9.872490545654296,0.2753331909179687,30.421176470588236,-33883.96946564886,-2116.030534351145,5166.412213740458
490655,0,0,0,4909041363,4890.843769,0.010006,416,16532,490,-2080,-1229,-84,192,0.24899697265624998,9.89523546142578,0.2932897033691406,30.412352941176472,-33774.04580152672,-2308.3969465648856,5276.335877862595
490656,0,0,0,4909051368,4890.853774,0.010005,374,16542,478,-2080,-1236,-91,190,0.22385785522460935,9.90122096557617,0.2861070983886719,30.412352941176472,-33966.41221374046,-2500.7633587786263,5221.374045801527
490657,0,0,0,4909061373,4890.863779,0.010005,332,16510,494,-2081,-1233,-84,193,0.19871873779296872,9.882067352294921,0.29568390502929687,30.409411764705883,-33883.96946564886,-2308.3969465648856,5303.81679389313
490658,0,0,0,4909071378,4890.873784,0.010005,356,16482,482,-2085,-1233,-88,187,0.21308394775390624,9.865307940673828,0.2885013000488281,30.39764705882353,-33883.96946564886,-2418.320610687023,5138.931297709924
490659,0,0,0,4909081383,4890.883789,0.010005,346,16578,514,-2080,-1232,-89,188,0.20709844360351562,9.922768780517577,0.3076549133300781,30.412352941176472,-33856.48854961832,-2445.8015267175574,5166.412213740458
490660,0,0,0,4909091389,4890.893795,0.010006,376,16522,498,-2076,-1229,-81,185,0.22505495605468748,9.889249957275391,0.2980781066894531,30.424117647058825,-33774.04580152672,-2225.9541984732828,5083.9694656488555
490661,0,0,0,4909101394,4890.9038,0.010005,368,16520,494,-2078,-1230,-84,186,0.22026655273437498,9.888052856445311,0.29568390502929687,30.41823529411765,-33801.52671755725,-2308.3969465648856,5111.4503816793895
490662,0,0,0,4909111399,4890.913805,0.010005,352,16524,460,-2087,-1230,-87,189,0.21068974609375,9.890447058105469,0.2753331909179687,30.391764705882352,-33801.52671755725,-2390.8396946564885,5193.893129770992
490663,0,0,0,4909121404,4890.92381,0.010005,402,16566,520,-2082,-1234,-89,186,0.24061726684570311,9.91558617553711,0.3112462158203125,30.406470588235294,-33911.45038167939,-2445.8015267175574,5111.4503816793895
490664,0,0,0,4909131409,4890.933815,0.010005,360,16510,420,-2080,-1232,-88,179,0.2154781494140625,9.882067352294921,0.25139117431640623,30.412352941176472,-33856.48854961832,-2418.320610687023,4919.083969465649
490665,0,0,0,4909141414,4890.94382,0.010005,364,16592,436,-2080,-1235,-92,184,0.21787235107421873,9.931148486328125,0.2609679809570312,30.412352941176472,-33938.931297709925,-2528.2442748091603,5056.488549618321
490666,0,0,0,4909151420,4890.953826,0.010006,358,16540,482,-2079,-1233,-83,191,0.21428104858398436,9.900023864746093,0.2885013000488281,30.41529411764706,-33883.96946564886,-2280.916030534351,5248.854961832061
490667,0,0,0,4909161425,4890.963831,0.010005,354,16528,480,-2078,-1236,-83,200,0.21188684692382811,9.892841259765625,0.28730419921875,30.41823529411765,-33966.41221374046,-2280.916030534351,5496.183206106871
490668,0,0,0,4909171430,4890.973836,0.010005,366,16520,506,-2080,-1232,-85,194,0.21906945190429686,9.888052856445311,0.3028665100097656,30.412352941176472,-33856.48854961832,-2335.87786259542,5331.297709923664
490669,0,0,0,4909181435,4890.983841,0.010005,362,16518,504,-2075,-1229,-77,182,0.2166752502441406,9.886855755615233,0.3016694091796875,30.427058823529414,-33774.04580152672,-2116.030534351145,5001.526717557253
490670,0,0,0,4909191440,4890.993846,0.010005,382,16518,476,-2080,-1239,-84,185,0.22864625854492185,9.886855755615233,0.28490999755859375,30.412352941176472,-34048.85496183206,-2308.3969465648856,5083.9694656488555
490671,0,0,0,4909201446,4891.003852,0.010006,390,16558,460,-2081,-1237,-92,189,0.23343466186523437,9.910797772216796,0.2753331909179687,30.409411764705883,-33993.89312977099,-2528.2442748091603,5193.893129770992
490672,0,0,0,4909211451,4891.013857,0.010005,366,16544,472,-2073,-1236,-84,190,0.21906945190429686,9.90241806640625,0.2825157958984375,30.43294117647059,-33966.41221374046,-2308.3969465648856,5221.374045801527
490673,0,0,0,4909221456,4891.023862,0.010005,340,16534,504,-2074,-1233,-83,189,0.20350714111328125,9.896432562255859,0.3016694091796875,30.43,-33883.96946564886,-2280.916030534351,5193.893129770992
490674,0,0,0,4909231461,4891.033867,0.010005,386,16534,500,-2077,-1229,-89,183,0.23104046020507812,9.896432562255859,0.29927520751953124,30.421176470588236,-33774.04580152672,-2445.8015267175574,5029.007633587787
490675,0,0,0,4909241466,4891.043872,0.010005,392,16564,486,-2074,-1227,-91,180,0.2346317626953125,9.91438907470703,0.29089550170898437,30.43,-33719.08396946565,-2500.7633587786263,4946.564885496184
490676,0,0,0,4909251472,4891.053878,0.010006,364,16544,502,-2077,-1230,-85,186,0.21787235107421873,9.90241806640625,0.30047230834960936,30.421176470588236,-33801.52671755725,-2335.87786259542,5111.4503816793895
490677,0,0,0,4909261477,4891.063883,0.010005,368,16518,502,-2080,-1230,-83,184,0.22026655273437498,9.886855755615233,0.30047230834960936,30.412352941176472,-33801.52671755725,-2280.916030534351,5056.488549618321
490678,0,0,0,4909271482,4891.073888,0.010005,360,16538,488,-2083,-1225,-86,189,0.2154781494140625,9.898826763916015,0.2920926025390625,30.40352941176471,-33664.122137404585,-2363.3587786259545,5193.893129770992
490679,0,0,0,4909281487,4891.083893,0.010005,360,16510,482,-2076,-1234,-88,186,0.2154781494140625,9.882067352294921,0.2885013000488281,30.424117647058825,-33911.45038167939,-2418.320610687023,5111.4503816793895
490680,0,0,0,4909291492,4891.093898,0.010005,354,16534,462,-2080,-1234,-92,181,0.21188684692382811,9.896432562255859,0.2765302917480469,30.412352941176472,-33911.45038167939,-2528.2442748091603,4974.045801526718
490681,0,0,0,4909301498,4891.103904,0.010006,332,16536,476,-2077,-1230,-92,186,0.19871873779296872,9.897629663085937,0.28490999755859375,30.421176470588236,-33801.52671755725,-2528.2442748091603,5111.4503816793895
490682,0,0,0,4909311503,4891.113909,0.010005,360,16562,474,-2081,-1236,-84,182,0.2154781494140625,9.913191973876952,0.28371289672851563,30.409411764705883,-33966.41221374046,-2308.3969465648856,5001.526717557253
490683,0,0,0,4909321508,4891.123914,0.010005,386,16510,512,-2076,-1228,-90,187,0.23104046020507812,9.882067352294921,0.3064578125,30.424117647058825,-33746.564885496184,-2473.282442748092,5138.931297709924
490684,0,0,0,4909331513,4891.133919,0.010005,410,16584,476,-2078,-1231,-85,184,0.2454056701660156,9.926360083007811,0.28490999755859375,30.41823529411765,-33829.00763358779,-2335.87786259542,5056.488549618321
490685,0,0,0,4909341518,4891.143924,0.010005,374,16556,494,-2082,-1229,-81,184,0.22385785522460935,9.909600671386718,0.29568390502929687,30.406470588235294,-33774.04580152672,-2225.9541984732828,5056.488549618321
490686,0,0,0,4909351524,4891.15393,0.010006,364,16540,518,-2078,-1234,-84,196,0.21787235107421873,9.900023864746093,0.31004911499023435,30.41823529411765,-33911.45038167939,-2308.3969465648856,5386.259541984733
490687,0,0,0,4909361529,4891.163935,0.010005,374,16566,428,-2076,-1232,-89,193,0.22385785522460935,9.91558617553711,0.2561795776367187,30.424117647058825,-33856.48854961832,-2445.8015267175574,5303.81679389313
490688,0,0,0,4909371534,4891.17394,0.010005,352,16570,424,-2076,-1231,-87,187,0.21068974609375,9.917980377197265,0.2537853759765625,30.424117647058825,-33829.00763358779,-2390.8396946564885,5138.931297709924
490689,0,0,0,4909381539,4891.183945,0.010005,360,16538,476,-2078,-1229,-85,188,0.2154781494140625,9.898826763916015,0.28490999755859375,30.41823529411765,-33774.04580152672,-2335.87786259542,5166.412213740458
490690,0,0,0,4909391544,4891.19395,0.010005,356,16548,464,-2073,-1233,-91,182,0.21308394775390624,9.904812268066406,0.277727392578125,30.43294117647059,-33883.96946564886,-2500.7633587786263,5001.526717557253
490691,0,0,0,4909401550,4891.203956,0.010006,394,16544,490,-2076,-1237,-91,183,0.23582886352539062,9.90241806640625,0.2932897033691406,30.424117647058825,-33993.89312977099,-2500.7633587786263,5029.007633587787
490692,0,0,0,4909411555,4891.213961,0.010005,338,16554,430,-2080,-1230,-83,188,0.20231004028320312,9.90840357055664,0.25737667846679685,30.412352941176472,-33801.52671755725,-2280.916030534351,5166.412213740458
490693,0,0,0,4909421560,4891.223966,0.010005,388,16562,486,-2077,-1223,-89,185,0.23223756103515625,9.913191973876952,0.29089550170898437,30.421176470588236,-33609.16030534351,-2445.8015267175574,5083.9694656488555
490694,0,0,0,4909431565,4891.233971,0.010005,338,16544,514,-2078,-1231,-87,181,0.20231004028320312,9.90241806640625,0.3076549133300781,30.41823529411765,-33829.00763358779,-2390.8396946564885,4974.045801526718
490695,0,0,0,4909441570,4891.243976,0.010005,350,16552,480,-2080,-1225,-92,187,0.20949264526367187,9.907206469726562,0.28730419921875,30.412352941176472,-33664.122137404585,-2528.2442748091603,5138.931297709924
490696,0,0,0,4909451575,4891.253981,0.010005,358,16566,468,-2079,-1229,-88,185,0.21428104858398436,9.91558617553711,0.28012159423828126,30.41529411764706,-33774.04580152672,-2418.320610687023,5083.9694656488555
490697,0,0,0,4909461581,4891.263987,0.010006,360,16522,480,-2079,-1224,-86,184,0.2154781494140625,9.889249957275391,0.28730419921875,30.41529411764706,-33636.64122137405,-2363.3587786259545,5056.488549618321
490698,0,0,0,4909471586,4891.273992,0.010005,324,16528,510,-2074,-1229,-97,187,0.19393033447265623,9.892841259765625,0.30526071166992186,30.43,-33774.04580152672,-2665.648854961832,5138.931297709924
490699,0,0,0,4909481591,4891.283997,0.010005,380,16542,480,-2076,-1233,-86,189,0.22744915771484372,9.90122096557617,0.28730419921875,30.424117647058825,-33883.96946564886,-2363.3587786259545,5193.893129770992
490700,0,0,0,4909491596,4891.294002,0.010005,370,16564,508,-2078,-1231,-79,187,0.2214636535644531,9.91438907470703,0.30406361083984373,30.41823529411765,-33829.00763358779,-2170.992366412214,5138.931297709924
490701,0,0,0,4909501601,4891.304007,0.010005,386,16580,446,-2080,-1227,-86,192,0.23104046020507812,9.923965881347655,0.26695348510742184,30.412352941176472,-33719.08396946565,-2363.3587786259545,5276.335877862595
490702,0,0,0,4909511607,4891.314013,0.010006,368,16542,458,-2079,-1229,-90,194,0.22026655273437498,9.90122096557617,0.2741360900878906,30.41529411764706,-33774.04580152672,-2473.282442748092,5331.297709923664
490703,0,0,0,4909521612,4891.324018,0.010005,392,16548,520,-2077,-1229,-85,184,0.2346317626953125,9.904812268066406,0.3112462158203125,30.421176470588236,-33774.04580152672,-2335.87786259542,5056.488549618321
490704,0,0,0,4909531617,4891.334023,0.010005,396,16570,468,-2073,-1232,-83,183,0.23702596435546874,9.917980377197265,0.28012159423828126,30.43294117647059,-33856.48854961832,-2280.916030534351,5029.007633587787
490705,0,0,0,4909541622,4891.344028,0.010005,378,16562,508,-2075,-1235,-86,180,0.2262520568847656,9.913191973876952,0.30406361083984373,30.427058823529414,-33938.931297709925,-2363.3587786259545,4946.564885496184
490706,0,0,0,4909551627,4891.354033,0.010005,342,16558,458,-2079,-1232,-89,186,0.20470424194335937,9.910797772216796,0.2741360900878906,30.41529411764706,-33856.48854961832,-2445.8015267175574,5111.4503816793895
490707,0,0,0,4909561633,4891.364039,0.010006,386,16572,446,-2079,-1235,-85,180,0.23104046020507812,9.919177478027343,0.26695348510742184,30.41529411764706,-33938.931297709925,-2335.87786259542,4946.564885496184
490708,0,0,0,4909571638,4891.374044,0.010005,424,16526,488,-2077,-1228,-88,186,0.2537853759765625,9.891644158935547,0.2920926025390625,30.421176470588236,-33746.564885496184,-2418.320610687023,5111.4503816793895
490709,0,0,0,4909581643,4891.384049,0.010005,390,16538,458,-2077,-1239,-88,187,0.23343466186523437,9.898826763916015,0.2741360900878906,30.421176470588236,-34048.85496183206,-2418.320610687023,5138.931297709924
490710,0,0,0,4909591648,4891.394054,0.010005,406,16580,488,-2078,-1235,-87,196,0.24301146850585936,9.923965881347655,0.2920926025390625,30.41823529411765,-33938.931297709925,-2390.8396946564885,5386.259541984733
490711,0,0,0,4909601653,4891.404059,0.010005,360,16548,498,-2075,-1235,-85,185,0.2154781494140625,9.904812268066406,0.2980781066894531,30.427058823529414,-33938.931297709925,-2335.87786259542,5083.9694656488555
490712,0,0,0,4909611659,4891.414065,0.010006,374,16566,486,-2075,-1234,-87,187,0.22385785522460935,9.91558617553711,0.29089550170898437,30.427058823529414,-33911.45038167939,-2390.8396946564885,5138.931297709924
490713,0,0,0,4909621664,4891.42407,0.010005,378,16548,480,-2072,-1233,-82,190,0.2262520568847656,9.904812268066406,0.28730419921875,30.435882352941178,-33883.96946564886,-2253.4351145038167,5221.374045801527
490714,0,0,0,4909631669,4891.434075,0.010005,386,16568,494,-2079,-1227,-87,180,0.23104046020507812,9.916783276367187,0.29568390502929687,30.41529411764706,-33719.08396946565,-2390.8396946564885,4946.564885496184
490715,0,0,0,4909641674,4891.44408,0.010005,326,16556,452,-2082,-1225,-83,180,0.19512743530273435,9.909600671386718,0.2705447875976562,30.406470588235294,-33664.122137404585,-2280.916030534351,4946.564885496184
490716,0,0,0,4909651679,4891.454085,0.010005,402,16528,434,-2084,-1228,-85,190,0.24061726684570311,9.892841259765625,0.2597708801269531,30.40058823529412,-33746.564885496184,-2335.87786259542,5221.374045801527
490717,0,0,0,4909661685,4891.464091,0.010006,388,16530,454,-2079,-1226,-95,184,0.23223756103515625,9.894038360595703,0.27174188842773433,30.41529411764706,-33691.603053435116,-2610.6870229007636,5056.488549618321
490718,0,0,0,4909671690,4891.474096,0.010005,324,16550,470,-2079,-1227,-91,180,0.19393033447265623,9.906009368896484,0.2813186950683594,30.41529411764706,-33719.08396946565,-2500.7633587786263,4946.564885496184
490719,0,0,0,4909681695,4891.484101,0.010005,346,16544,524,-2078,-1228,-90,189,0.20709844360351562,9.90241806640625,0.3136404174804687,30.41823529411765,-33746.564885496184,-2473.282442748092,5193.893129770992
490720,0,0,0,4909691700,4891.494106,0.010005,374,16554,436,-2082,-1230,-88,181,0.22385785522460935,9.90840357055664,0.2609679809570312,30.406470588235294,-33801.52671755725,-2418.320610687023,4974.045801526718
490721,0,0,0,4909701705,4891.504111,0.010005,370,16518,492,-2077,-1226,-92,183,0.2214636535644531,9.886855755615233,0.29448680419921874,30.421176470588236,-33691.603053435116,-2528.2442748091603,5029.007633587787
490722,0,0,0,4909711710,4891.514116,0.010005,396,16542,506,-2083,-1226,-95,187,0.23702596435546874,9.90122096557617,0.3028665100097656,30.40352941176471,-33691.603053435116,-2610.6870229007636,5138.931297709924
490723,0,0,0,4909721716,4891.524122,0.010006,350,16564,562,-2084,-1225,-97,181,0.20949264526367187,9.91438907470703,0.3363853332519531,30.40058823529412,-33664.122137404585,-2665.648854961832,4974.045801526718
490724,0,0,0,4909731721,4891.534127,0.010005,388,16566,470,-2079,-1228,-86,189,0.23223756103515625,9.91558617553711,0.2813186950683594,30.41529411764706,-33746.564885496184,-2363.3587786259545,5193.893129770992
490725,0,0,0,4909741726,4891.544132,0.010005,352,16540,442,-2079,-1232,-89,183,0.21068974609375,9.900023864746093,0.2645592834472656,30.41529411764706,-33856.48854961832,-2445.8015267175574,5029.007633587787
490726,0,0,0,4909751731,4891.554137,0.010005,370,16562,542,-2079,-1227,-89,180,0.2214636535644531,9.913191973876952,0.32441432495117184,30.41529411764706,-33719.08396946565,-2445.8015267175574,4946.564885496184
490727,0,0,0,4909761736,4891.564142,0.010005,426,16516,514,-2076,-1231,-87,177,0.2549824768066406,9.885658654785155,0.3076549133300781,30.424117647058825,-33829.00763358779,-2390.8396946564885,4864.122137404581
490728,0,0,0,4909771742,4891.574148,0.010006,402,16496,492,-2079,-1227,-81,189,0.24061726684570311,9.873687646484374,0.29448680419921874,30.41529411764706,-33719.08396946565,-2225.9541984732828,5193.893129770992
490729,0,0,0,4909781747,4891.584153,0.010005,400,16564,436,-2082,-1231,-85,192,0.239420166015625,9.91438907470703,0.2609679809570312,30.406470588235294,-33829.00763358779,-2335.87786259542,5276.335877862595
490730,0,0,0,4909791752,4891.594158,0.010005,410,16532,476,-2071,-1233,-86,187,0.2454056701660156,9.89523546142578,0.28490999755859375,30.438823529411767,-33883.96946564886,-2363.3587786259545,5138.931297709924
490731,0,0,0,4909801757,4891.604163,0.010005,334,16548,506,-2077,-1227,-92,183,0.19991583862304688,9.904812268066406,0.3028665100097656,30.421176470588236,-33719.08396946565,-2528.2442748091603,5029.007633587787
490732,0,0,0,4909811762,4891.614168,0.010005,372,16534,480,-2078,-1226,-82,183,0.22266075439453123,9.896432562255859,0.28730419921875,30.41823529411765,-33691.603053435116,-2253.4351145038167,5029.007633587787
490733,0,0,0,4909821768,4891.624174,0.010006,368,16528,492,-2080,-1230,-81,182,0.22026655273437498,9.892841259765625,0.29448680419921874,30.412352941176472,-33801.52671755725,-2225.9541984732828,5001.526717557253
490734,0,0,0,4909831773,4891.634179,0.010005,374,16564,426,-2076,-1232,-86,179,0.22385785522460935,9.91438907470703,0.2549824768066406,30.424117647058825,-33856.48854961832,-2363.3587786259545,4919.083969465649
490735,0,0,0,4909841778,4891.644184,0.010005,386,16556,524,-2083,-1231,-82,180,0.23104046020507812,9.909600671386718,0.3136404174804687,30.40352941176471,-33829.00763358779,-2253.4351145038167,4946.564885496184
490736,0,0,0,4909851783,4891.654189,0.010005,396,16588,498,-2079,-1232,-84,180,0.23702596435546874,9.928754284667969,0.2980781066894531,30.41529411764706,-33856.48854961832,-2308.3969465648856,4946.564885496184
490737,0,0,0,4909861788,4891.664194,0.010005,368,16580,444,-2077,-1230,-87,180,0.22026655273437498,9.923965881347655,0.2657563842773437,30.421176470588236,-33801.52671755725,-2390.8396946564885,4946.564885496184
490738,0,0,0,4909871794,4891.6742,0.010006,402,16552,478,-2076,-1231,-89,185,0.24061726684570311,9.907206469726562,0.2861070983886719,30.424117647058825,-33829.00763358779,-2445.8015267175574,5083.9694656488555
490739,0,0,0,4909881799,4891.684205,0.010005,392,16548,462,-2078,-1235,-84,180,0.2346317626953125,9.904812268066406,0.2765302917480469,30.41823529411765,-33938.931297709925,-2308.3969465648856,4946.564885496184
490740,0,0,0,4909891804,4891.69421,0.010005,326,16572,502,-2073,-1232,-86,192,0.19512743530273435,9.919177478027343,0.30047230834960936,30.43294117647059,-33856.48854961832,-2363.3587786259545,5276.335877862595
490741,0,0,0,4909901809,4891.704215,0.010005,396,16536,480,-2077,-1230,-86,190,0.23702596435546874,9.897629663085937,0.28730419921875,30.421176470588236,-33801.52671755725,-2363.3587786259545,5221.374045801527
490742,0,0,0,4909911814,4891.71422,0.010005,376,16572,476,-2077,-1231,-85,187,0.22505495605468748,9.919177478027343,0.28490999755859375,30.421176470588236,-33829.00763358779,-2335.87786259542,5138.931297709924
490743,0,0,0,4909921820,4891.724226,0.010006,346,16560,482,-2082,-1230,-87,187,0.20709844360351562,9.911994873046874,0.2885013000488281,30.406470588235294,-33801.52671755725,-2390.8396946564885,5138.931297709924
490744,0,0,0,4909931825,4891.734231,0.010005,382,16556,486,-2084,-1228,-88,185,0.22864625854492185,9.909600671386718,0.29089550170898437,30.40058823529412,-33746.564885496184,-2418.320610687023,5083.9694656488555
490745,0,0,0,4909941830,4891.744236,0.010005,302,16526,456,-2076,-1226,-81,182,0.18076222534179687,9.891644158935547,0.27293898925781246,30.424117647058825,-33691.603053435116,-2225.9541984732828,5001.526717557253
490746,0,0,0,4909951835,4891.754241,0.010005,374,16518,472,-2073,-1229,-83,180,0.22385785522460935,9.886855755615233,0.2825157958984375,30.43294117647059,-33774.04580152672,-2280.916030534351,4946.564885496184
490747,0,0,0,4909961840,4891.764246,0.010005,324,16546,538,-2076,-1235,-81,189,0.19393033447265623,9.903615167236328,0.3220201232910156,30.424117647058825,-33938.931297709925,-2225.9541984732828,5193.893129770992
490748,0,0,0,4909971846,4891.774252,0.010006,412,16562,492,-2077,-1233,-85,189,0.24660277099609373,9.913191973876952,0.29448680419921874,30.421176470588236,-33883.96946564886,-2335.87786259542,5193.893129770992
490749,0,0,0,4909981851,4891.784257,0.010005,402,16538,492,-2083,-1232,-84,180,0.24061726684570311,9.898826763916015,0.29448680419921874,30.40352941176471,-33856.48854961832,-2308.3969465648856,4946.564885496184
490750,0,0,0,4909991856,4891.794262,0.010005,370,16514,520,-2078,-1232,-89,187,0.2214636535644531,9.884461553955077,0.3112462158203125,30.41823529411765,-33856.48854961832,-2445.8015267175574,5138.931297709924
490751,0,0,0,4910001861,4891.804267,0.010005,318,16516,444,-2081,-1229,-82,185,0.19033903198242186,9.885658654785155,0.2657563842773437,30.409411764705883,-33774.04580152672,-2253.4351145038167,5083.9694656488555
490752,0,0,0,4910011866,4891.814272,0.010005,392,16520,412,-2081,-1233,-98,180,0.2346317626953125,9.888052856445311,0.24660277099609373,30.409411764705883,-33883.96946564886,-2693.1297709923665,4946.564885496184
490753,0,0,0,4910021872,4891.824278,0.010006,384,16536,480,-2078,-1233,-87,195,0.229843359375,9.897629663085937,0.28730419921875,30.41823529411765,-33883.96946564886,-2390.8396946564885,5358.778625954199
490754,0,0,0,4910031877,4891.834283,0.010005,352,16528,486,-2081,-1231,-84,184,0.21068974609375,9.892841259765625,0.29089550170898437,30.409411764705883,-33829.00763358779,-2308.3969465648856,5056.488549618321
490755,0,0,0,4910041882,4891.844288,0.010005,380,16550,466,-2078,-1228,-89,190,0.22744915771484372,9.906009368896484,0.27892449340820313,30.41823529411765,-33746.564885496184,-2445.8015267175574,5221.374045801527
490756,0,0,0,4910051887,4891.854293,0.010005,394,16518,436,-2080,-1233,-90,184,0.23582886352539062,9.886855755615233,0.2609679809570312,30.412352941176472,-33883.96946564886,-2473.282442748092,5056.488549618321
490757,0,0,0,4910061892,4891.864298,0.010005,404,16536,454,-2073,-1226,-88,185,0.24181436767578124,9.897629663085937,0.27174188842773433,30.43294117647059,-33691.603053435116,-2418.320610687023,5083.9694656488555
490758,0,0,0,4910071898,4891.874304,0.010006,396,16496,504,-2084,-1232,-86,189,0.23702596435546874,9.873687646484374,0.3016694091796875,30.40058823529412,-33856.48854961832,-2363.3587786259545,5193.893129770992
490759,0,0,0,4910081903,4891.884309,0.010005,374,16536,492,-2079,-1229,-81,187,0.22385785522460935,9.897629663085937,0.29448680419921874,30.41529411764706,-33774.04580152672,-2225.9541984732828,5138.931297709924
490760,0,0,0,4910091908,4891.894314,0.010005,426,16570,500,-2080,-1231,-75,185,0.2549824768066406,9.917980377197265,0.29927520751953124,30.412352941176472,-33829.00763358779,-2061.0687022900765,5083.9694656488555
490761,0,0,0,4910101913,4891.904319,0.010005,436,16522,458,-2081,-1234,-85,183,0.2609679809570312,9.889249957275391,0.2741360900878906,30.409411764705883,-33911.45038167939,-2335.87786259542,5029.007633587787
490762,0,0,0,4910111918,4891.914324,0.010005,364,16530,474,-2077,-1227,-82,182,0.21787235107421873,9.894038360595703,0.28371289672851563,30.421176470588236,-33719.08396946565,-2253.4351145038167,5001.526717557253
490763,0,0,0,4910121923,4891.924329,0.010005,378,16506,444,-2080,-1228,-85,185,0.2262520568847656,9.879673150634765,0.2657563842773437,30.412352941176472,-33746.564885496184,-2335.87786259542,5083.9694656488555
490764,0,0,0,4910131929,4891.934335,0.010006,384,16526,528,-2082,-1233,-87,193,0.229843359375,9.891644158935547,0.316034619140625,30.406470588235294,-33883.96946564886,-2390.8396946564885,5303.81679389313
490765,0,0,0,4910141934,4891.94434,0.010005,378,16558,462,-2080,-1230,-81,192,0.2262520568847656,9.910797772216796,0.2765302917480469,30.412352941176472,-33801.52671755725,-2225.9541984732828,5276.335877862595
490766,0,0,0,4910151939,4891.954345,0.010005,352,16566,500,-2071,-1230,-82,183,0.21068974609375,9.91558617553711,0.29927520751953124,30.438823529411767,-33801.52671755725,-2253.4351145038167,5029.007633587787
490767,0,0,0,4910161944,4891.96435,0.010005,368,16554,494,-2079,-1236,-95,184,0.22026655273437498,9.90840357055664,0.29568390502929687,30.41529411764706,-33966.41221374046,-2610.6870229007636,5056.488549618321
490768,0,0,0,4910171949,4891.974355,0.010005,354,16564,468,-2077,-1236,-89,183,0.21188684692382811,9.91438907470703,0.28012159423828126,30.421176470588236,-33966.41221374046,-2445.8015267175574,5029.007633587787
490769,0,0,0,4910181955,4891.984361,0.010006,358,16566,468,-2085,-1236,-91,179,0.21428104858398436,9.91558617553711,0.28012159423828126,30.39764705882353,-33966.41221374046,-2500.7633587786263,4919.083969465649
490770,0,0,0,4910191960,4891.994366,0.010005,326,16546,408,-2079,-1234,-81,185,0.19512743530273435,9.903615167236328,0.2442085693359375,30.41529411764706,-33911.45038167939,-2225.9541984732828,5083.9694656488555
490771,0,0,0,4910201965,4892.004371,0.010005,368,16552,472,-2080,-1232,-83,179,0.22026655273437498,9.907206469726562,0.2825157958984375,30.412352941176472,-33856.48854961832,-2280.916030534351,4919.083969465649
490772,0,0,0,4910211970,4892.014376,0.010005,374,16550,468,-2078,-1234,-81,189,0.22385785522460935,9.906009368896484,0.28012159423828126,30.41823529411765,-33911.45038167939,-2225.9541984732828,5193.893129770992
490773,0,0,0,4910221975,4892.024381,0.010005,342,16542,450,-2078,-1229,-86,189,0.20470424194335937,9.90122096557617,0.2693476867675781,30.41823529411765,-33774.04580152672,-2363.3587786259545,5193.893129770992
490774,0,0,0,4910231981,4892.034387,0.010006,368,16546,520,-2074,-1229,-79,186,0.22026655273437498,9.903615167236328,0.3112462158203125,30.43,-33774.04580152672,-2170.992366412214,5111.4503816793895
490775,0,0,0,4910241986,4892.044392,0.010005,366,16536,448,-2081,-1229,-80,194,0.21906945190429686,9.897629663085937,0.26815058593749996,30.409411764705883,-33774.04580152672,-2198.4732824427483,5331.297709923664
490776,0,0,0,4910251991,4892.054397,0.010005,376,16556,480,-2081,-1230,-91,190,0.22505495605468748,9.909600671386718,0.28730419921875,30.409411764705883,-33801.52671755725,-2500.7633587786263,5221.374045801527
490777,0,0,0,4910261996,4892.064402,0.010005,362,16568,496,-2079,-1230,-90,196,0.2166752502441406,9.916783276367187,0.296881005859375,30.41529411764706,-33801.52671755725,-2473.282442748092,5386.259541984733
490778,0,0,0,4910272001,4892.074407,0.010005,362,16538,454,-2074,-1229,-90,185,0.2166752502441406,9.898826763916015,0.27174188842773433,30.43,-33774.04580152672,-2473.282442748092,5083.9694656488555
490779,0,0,0,4910282007,4892.084413,0.010006,386,16554,520,-2076,-1225,-88,179,0.23104046020507812,9.90840357055664,0.3112462158203125,30.424117647058825,-33664.122137404585,-2418.320610687023,4919.083969465649
490780,0,0,0,4910292012,4892.094418,0.010005,328,16518,494,-2075,-1230,-87,193,0.19632453613281248,9.886855755615233,0.29568390502929687,30.427058823529414,-33801.52671755725,-2390.8396946564885,5303.81679389313
490781,0,0,0,4910302017,4892.104423,0.010005,338,16540,432,-2076,-1231,-89,185,0.20231004028320312,9.900023864746093,0.258573779296875,30.424117647058825,-33829.00763358779,-2445.8015267175574,5083.9694656488555
490782,0,0,0,4910312022,4892.114428,0.010005,372,16562,464,-2077,-1227,-82,188,0.22266075439453123,9.913191973876952,0.277727392578125,30.421176470588236,-33719.08396946565,-2253.4351145038167,5166.412213740458
490783,0,0,0,4910322027,4892.124433,0.010005,362,16486,446,-2079,-1225,-85,183,0.2166752502441406,9.867702142333984,0.26695348510742184,30.41529411764706,-33664.122137404585,-2335.87786259542,5029.007633587787
490784,0,0,0,4910332033,4892.134439,0.010006,352,16524,472,-2079,-1232,-87,188,0.21068974609375,9.890447058105469,0.2825157958984375,30.41529411764706,-33856.48854961832,-2390.8396946564885,5166.412213740458
490785,0,0,0,4910342038,4892.144444,0.010005,402,16548,532,-2075,-1231,-87,184,0.24061726684570311,9.904812268066406,0.3184288208007812,30.427058823529414,-33829.00763358779,-2390.8396946564885,5056.488549618321
490786,0,0,0,4910352043,4892.154449,0.010005,388,16522,468,-2072,-1229,-93,179,0.23223756103515625,9.889249957275391,0.28012159423828126,30.435882352941178,-33774.04580152672,-2555.7251908396947,4919.083969465649
490787,0,0,0,4910362048,4892.164454,0.010005,346,16576,490,-2081,-1226,-93,189,0.20709844360351562,9.9215716796875,0.2932897033691406,30.409411764705883,-33691.603053435116,-2555.7251908396947,5193.893129770992
490788,0,0,0,4910372053,4892.174459,0.010005,406,16552,496,-2083,-1230,-91,181,0.24301146850585936,9.907206469726562,0.296881005859375,30.40352941176471,-33801.52671755725,-2500.7633587786263,4974.045801526718
490789,0,0,0,4910382059,4892.184465,0.010006,384,16540,446,-2086,-1227,-83,184,0.229843359375,9.900023864746093,0.26695348510742184,30.39470588235294,-33719.08396946565,-2280.916030534351,5056.488549618321
490790,0,0,0,4910392064,4892.19447,0.010005,364,16564,446,-2081,-1231,-90,178,0.21787235107421873,9.91438907470703,0.26695348510742184,30.409411764705883,-33829.00763358779,-2473.282442748092,4891.603053435115
490791,0,0,0,4910402069,4892.204475,0.010005,368,16580,450,-2079,-1232,-90,192,0.22026655273437498,9.923965881347655,0.2693476867675781,30.41529411764706,-33856.48854961832,-2473.282442748092,5276.335877862595
490792,0,0,0,4910412074,4892.21448,0.010005,380,16550,498,-2076,-1229,-85,183,0.22744915771484372,9.906009368896484,0.2980781066894531,30.424117647058825,-33774.04580152672,-2335.87786259542,5029.007633587787
490793,0,0,0,4910422079,4892.224485,0.010005,382,16562,450,-2081,-1234,-84,179,0.22864625854492185,9.913191973876952,0.2693476867675781,30.409411764705883,-33911.45038167939,-2308.3969465648856,4919.083969465649
490794,0,0,0,4910432085,4892.234491,0.010006,376,16554,500,-2076,-1229,-85,186,0.22505495605468748,9.90840357055664,0.29927520751953124,30.424117647058825,-33774.04580152672,-2335.87786259542,5111.4503816793895
490795,0,0,0,4910442090,4892.244496,0.010005,394,16538,486,-2076,-1230,-85,183,0.23582886352539062,9.898826763916015,0.29089550170898437,30.424117647058825,-33801.52671755725,-2335.87786259542,5029.007633587787
490796,0,0,0,4910452095,4892.254501,0.010005,362,16516,468,-2077,-1235,-89,189,0.2166752502441406,9.885658654785155,0.28012159423828126,30.421176470588236,-33938.931297709925,-2445.8015267175574,5193.893129770992
490797,0,0,0,4910462100,4892.264506,0.010005,382,16542,494,-2074,-1231,-95,190,0.22864625854492185,9.90122096557617,0.29568390502929687,30.43,-33829.00763358779,-2610.6870229007636,5221.374045801527
490798,0,0,0,4910472105,4892.274511,0.010005,342,16572,472,-2081,-1231,-81,187,0.20470424194335937,9.919177478027343,0.2825157958984375,30.409411764705883,-33829.00763358779,-2225.9541984732828,5138.931297709924
490799,0,0,0,4910482110,4892.284516,0.010005,392,16590,442,-2082,-1233,-90,180,0.2346317626953125,9.929951385498047,0.2645592834472656,30.406470588235294,-33883.96946564886,-2473.282442748092,4946.564885496184
490800,0,0,0,4910492116,4892.294522,0.010006,364,16594,490,-2081,-1229,-83,183,0.21787235107421873,9.932345587158203,0.2932897033691406,30.409411764705883,-33774.04580152672,-2280.916030534351,5029.007633587787
490801,0,0,0,4910502121,4892.304527,0.010005,420,16560,450,-2075,-1232,-88,187,0.25139117431640623,9.911994873046874,0.2693476867675781,30.427058823529414,-33856.48854961832,-2418.320610687023,5138.931297709924
490802,0,0,0,4910512126,4892.314532,0.010005,392,16506,502,-2083,-1228,-86,189,0.2346317626953125,9.879673150634765,0.30047230834960936,30.40352941176471,-33746.564885496184,-2363.3587786259545,5193.893129770992
490803,0,0,0,4910522131,4892.324537,0.010005,338,16546,446,-2083,-1227,-86,187,0.20231004028320312,9.903615167236328,0.26695348510742184,30.40352941176471,-33719.08396946565,-2363.3587786259545,5138.931297709924
490804,0,0,0,4910532136,4892.334542,0.010005,362,16558,464,-2080,-1226,-84,189,0.2166752502441406,9.910797772216796,0.277727392578125,30.412352941176472,-33691.603053435116,-2308.3969465648856,5193.893129770992
490805,0,0,0,4910542142,4892.344548,0.010006,382,16550,444,-2080,-1223,-89,187,0.22864625854492185,9.906009368896484,0.2657563842773437,30.412352941176472,-33609.16030534351,-2445.8015267175574,5138.931297709924
490806,0,0,0,4910552147,4892.354553,0.010005,378,16522,468,-2081,-1225,-88,184,0.2262520568847656,9.889249957275391,0.28012159423828126,30.409411764705883,-33664.122137404585,-2418.320610687023,5056.488549618321
490807,0,0,0,4910562152,4892.364558,0.010005,340,16578,408,-2082,-1237,-89,185,0.20350714111328125,9.922768780517577,0.2442085693359375,30.406470588235294,-33993.89312977099,-2445.8015267175574,5083.9694656488555
490808,0,0,0,4910572157,4892.374563,0.010005,314,16556,504,-2082,-1231,-90,190,0.1879448303222656,9.909600671386718,0.3016694091796875,30.406470588235294,-33829.00763358779,-2473.282442748092,5221.374045801527
490809,0,0,0,4910582162,4892.384568,0.010005,350,16518,540,-2084,-1228,-84,185,0.20949264526367187,9.886855755615233,0.3232172241210937,30.40058823529412,-33746.564885496184,-2308.3969465648856,5083.9694656488555
490810,0,0,0,4910592168,4892.394574,0.010006,400,16516,518,-2078,-1223,-81,189,0.239420166015625,9.885658654785155,0.31004911499023435,30.41823529411765,-33609.16030534351,-2225.9541984732828,5193.893129770992
490811,0,0,0,4910602173,4892.404579,0.010005,342,16558,456,-2084,-1228,-84,189,0.20470424194335937,9.910797772216796,0.27293898925781246,30.40058823529412,-33746.564885496184,-2308.3969465648856,5193.893129770992
490812,0,0,0,4910612178,4892.414584,0.010005,386,16530,440,-2081,-1238,-75,183,0.23104046020507812,9.894038360595703,0.26336218261718747,30.409411764705883,-34021.37404580153,-2061.0687022900765,5029.007633587787
490813,0,0,0,4910622183,4892.424589,0.010005,360,16540,420,-2078,-1229,-85,197,0.2154781494140625,9.900023864746093,0.25139117431640623,30.41823529411765,-33774.04580152672,-2335.87786259542,5413.740458015267
490814,0,0,0,4910632188,4892.434594,0.010005,414,16548,474,-2081,-1231,-84,182,0.24779987182617186,9.904812268066406,0.28371289672851563,30.409411764705883,-33829.00763358779,-2308.3969465648856,5001.526717557253
490815,0,0,0,4910642194,4892.4446,0.010006,382,16528,484,-2085,-1227,-86,192,0.22864625854492185,9.892841259765625,0.28969840087890625,30.39764705882353,-33719.08396946565,-2363.3587786259545,5276.335877862595
490816,0,0,0,4910652199,4892.454605,0.010005,390,16560,520,-2084,-1234,-80,191,0.23343466186523437,9.911994873046874,0.3112462158203125,30.40058823529412,-33911.45038167939,-2198.4732824427483,5248.854961832061
490817,0,0,0,4910662204,4892.46461,0.010005,334,16596,516,-2079,-1231,-86,187,0.19991583862304688,9.93354268798828,0.30885201416015623,30.41529411764706,-33829.00763358779,-2363.3587786259545,5138.931297709924
490818,0,0,0,4910672209,4892.474615,0.010005,392,16528,502,-2079,-1228,-81,183,0.2346317626953125,9.892841259765625,0.30047230834960936,30.41529411764706,-33746.564885496184,-2225.9541984732828,5029.007633587787
490819,0,0,0,4910682214,4892.48462,0.010005,344,16540,446,-2076,-1231,-88,183,0.2059013427734375,9.900023864746093,0.26695348510742184,30.424117647058825,-33829.00763358779,-2418.320610687023,5029.007633587787
490820,0,0,0,4910692220,4892.494626,0.010006,396,16558,448,-2077,-1229,-86,183,0.23702596435546874,9.910797772216796,0.26815058593749996,30.421176470588236,-33774.04580152672,-2363.3587786259545,5029.007633587787
490821,0,0,0,4910702225,4892.504631,0.010005,380,16550,478,-2082,-1227,-83,180,0.22744915771484372,9.906009368896484,0.2861070983886719,30.406470588235294,-33719.08396946565,-2280.916030534351,4946.564885496184
490822,0,0,0,4910712230,4892.514636,0.010005,406,16532,490,-2077,-1227,-85,184,0.24301146850585936,9.89523546142578,0.2932897033691406,30.421176470588236,-33719.08396946565,-2335.87786259542,5056.488549618321
490823,0,0,0,4910722235,4892.524641,0.010005,352,16568,512,-2078,-1233,-85,177,0.21068974609375,9.916783276367187,0.3064578125,30.41823529411765,-33883.96946564886,-2335.87786259542,4864.122137404581
490824,0,0,0,4910732240,4892.534646,0.010005,334,16530,468,-2079,-1225,-90,187,0.19991583862304688,9.894038360595703,0.28012159423828126,30.41529411764706,-33664.122137404585,-2473.282442748092,5138.931297709924
490825,0,0,0,4910742246,4892.544652,0.010006,378,16540,466,-2080,-1227,-86,194,0.2262520568847656,9.900023864746093,0.27892449340820313,30.412352941176472,-33719.08396946565,-2363.3587786259545,5331.297709923664
490826,0,0,0,4910752251,4892.554657,0.010005,400,16522,516,-2078,-1224,-86,179,0.239420166015625,9.889249957275391,0.30885201416015623,30.41823529411765,-33636.64122137405,-2363.3587786259545,4919.083969465649
490827,0,0,0,4910762256,4892.564662,0.010005,374,16562,492,-2082,-1232,-82,180,0.22385785522460935,9.913191973876952,0.29448680419921874,30.406470588235294,-33856.48854961832,-2253.4351145038167,4946.564885496184
490828,0,0,0,4910772261,4892.574667,0.010005,402,16522,474,-2073,-1235,-85,191,0.24061726684570311,9.889249957275391,0.28371289672851563,30.43294117647059,-33938.931297709925,-2335.87786259542,5248.854961832061
490829,0,0,0,4910782266,4892.584672,0.010005,392,16536,488,-2077,-1232,-87,179,0.2346317626953125,9.897629663085937,0.2920926025390625,30.421176470588236,-33856.48854961832,-2390.8396946564885,4919.083969465649
490830,0,0,0,4910792272,4892.594678,0.010006,372,16494,452,-2083,-1232,-80,179,0.22266075439453123,9.872490545654296,0.2705447875976562,30.40352941176471,-33856.48854961832,-2198.4732824427483,4919.083969465649
490831,0,0,0,4910802277,4892.604683,0.010005,368,16570,504,-2081,-1228,-84,177,0.22026655273437498,9.917980377197265,0.3016694091796875,30.409411764705883,-33746.564885496184,-2308.3969465648856,4864.122137404581
490832,0,0,0,4910812282,4892.614688,0.010005,382,16546,496,-2075,-1222,-81,181,0.22864625854492185,9.903615167236328,0.296881005859375,30.427058823529414,-33581.67938931298,-2225.9541984732828,4974.045801526718
490833,0,0,0,4910822287,4892.624693,0.010005,358,16526,458,-2076,-1232,-86,180,0.21428104858398436,9.891644158935547,0.2741360900878906,30.424117647058825,-33856.48854961832,-2363.3587786259545,4946.564885496184
490834,0,0,0,4910832292,4892.634698,0.010005,330,16556,474,-2079,-1227,-84,191,0.1975216369628906,9.909600671386718,0.28371289672851563,30.41529411764706,-33719.08396946565,-2308.3969465648856,5248.854961832061
490835,0,0,0,4910842298,4892.644704,0.010006,376,16516,482,-2084,-1233,-86,187,0.22505495605468748,9.885658654785155,0.2885013000488281,30.40058823529412,-33883.96946564886,-2363.3587786259545,5138.931297709924
490836,0,0,0,4910852303,4892.654709,0.010005,350,16574,472,-2081,-1232,-83,182,0.20949264526367187,9.920374578857421,0.2825157958984375,30.409411764705883,-33856.48854961832,-2280.916030534351,5001.526717557253
490837,0,0,0,4910862308,4892.664714,0.010005,332,16514,418,-2081,-1232,-83,185,0.19871873779296872,9.884461553955077,0.2501940734863281,30.409411764705883,-33856.48854961832,-2280.916030534351,5083.9694656488555
490838,0,0,0,4910872313,4892.674719,0.010005,362,16550,512,-2082,-1235,-86,185,0.2166752502441406,9.906009368896484,0.3064578125,30.406470588235294,-33938.931297709925,-2363.3587786259545,5083.9694656488555
490839,0,0,0,4910882318,4892.684724,0.010005,356,16558,504,-2082,-1233,-90,188,0.21308394775390624,9.910797772216796,0.3016694091796875,30.406470588235294,-33883.96946564886,-2473.282442748092,5166.412213740458
490840,0,0,0,4910892323,4892.694729,0.010005,384,16546,466,-2078,-1234,-82,182,0.229843359375,9.903615167236328,0.27892449340820313,30.41823529411765,-33911.45038167939,-2253.4351145038167,5001.526717557253
490841,0,0,0,4910902329,4892.704735,0.010006,364,16596,480,-2073,-1232,-88,181,0.21787235107421873,9.93354268798828,0.28730419921875,30.43294117647059,-33856.48854961832,-2418.320610687023,4974.045801526718
490842,0,0,0,4910912334,4892.71474,0.010005,380,16522,492,-2084,-1234,-90,184,0.22744915771484372,9.889249957275391,0.29448680419921874,30.40058823529412,-33911.45038167939,-2473.282442748092,5056.488549618321
490843,0,0,0,4910922339,4892.724745,0.010005,368,16544,402,-2085,-1234,-83,192,0.22026655273437498,9.90241806640625,0.24061726684570311,30.39764705882353,-33911.45038167939,-2280.916030534351,5276.335877862595
490844,0,0,0,4910932344,4892.73475,0.010005,398,16554,512,-2084,-1236,-79,178,0.23822306518554687,9.90840357055664,0.3064578125,30.40058823529412,-33966.41221374046,-2170.992366412214,4891.603053435115
490845,0,0,0,4910942349,4892.744755,0.010005,424,16534,440,-2082,-1229,-90,192,0.2537853759765625,9.896432562255859,0.26336218261718747,30.406470588235294,-33774.04580152672,-2473.282442748092,5276.335877862595
490846,0,0,0,4910952355,4892.754761,0.010006,394,16548,488,-2079,-1231,-93,190,0.23582886352539062,9.904812268066406,0.2920926025390625,30.41529411764706,-33829.00763358779,-2555.7251908396947,5221.374045801527
490847,0,0,0,4910962360,4892.764766,0.010005,374,16526,442,-2077,-1231,-91,186,0.22385785522460935,9.891644158935547,0.2645592834472656,30.421176470588236,-33829.00763358779,-2500.7633587786263,5111.4503816793895
490848,0,0,0,4910972365,4892.774771,0.010005,368,16554,514,-2081,-1230,-90,180,0.22026655273437498,9.90840357055664,0.3076549133300781,30.409411764705883,-33801.52671755725,-2473.282442748092,4946.564885496184
490849,0,0,0,4910982370,4892.784776,0.010005,384,16572,458,-2085,-1225,-85,182,0.229843359375,9.919177478027343,0.2741360900878906,30.39764705882353,-33664.122137404585,-2335.87786259542,5001.526717557253
490850,0,0,0,4910992375,4892.794781,0.010005,362,16554,456,-2087,-1227,-85,174,0.2166752502441406,9.90840357055664,0.27293898925781246,30.391764705882352,-33719.08396946565,-2335.87786259542,4781.679389312977
490851,0,0,0,4911002381,4892.804787,0.010006,382,16594,498,-2082,-1225,-89,183,0.22864625854492185,9.932345587158203,0.2980781066894531,30.406470588235294,-33664.122137404585,-2445.8015267175574,5029.007633587787
490852,0,0,0,4911012386,4892.814792,0.010005,362,16558,438,-2079,-1230,-88,182,0.2166752502441406,9.910797772216796,0.26216508178710934,30.41529411764706,-33801.52671755725,-2418.320610687023,5001.526717557253
490853,0,0,0,4911022391,4892.824797,0.010005,368,16522,516,-2079,-1230,-89,193,0.22026655273437498,9.889249957275391,0.30885201416015623,30.41529411764706,-33801.52671755725,-2445.8015267175574,5303.81679389313
490854,0,0,0,4911032396,4892.834802,0.010005,408,16506,432,-2074,-1223,-91,185,0.2442085693359375,9.879673150634765,0.258573779296875,30.43,-33609.16030534351,-2500.7633587786263,5083.9694656488555
490855,0,0,0,4911042401,4892.844807,0.010005,372,16568,474,-2081,-1227,-85,186,0.22266075439453123,9.916783276367187,0.28371289672851563,30.409411764705883,-33719.08396946565,-2335.87786259542,5111.4503816793895
490856,0,0,0,4911052407,4892.854813,0.010006,344,16580,452,-2084,-1226,-87,185,0.2059013427734375,9.923965881347655,0.2705447875976562,30.40058823529412,-33691.603053435116,-2390.8396946564885,5083.9694656488555
490857,0,0,0,4911062412,4892.864818,0.010005,364,16564,456,-2083,-1227,-88,182,0.21787235107421873,9.91438907470703,0.27293898925781246,30.40352941176471,-33719.08396946565,-2418.320610687023,5001.526717557253
490858,0,0,0,4911072417,4892.874823,0.010005,380,16552,512,-2076,-1232,-83,183,0.22744915771484372,9.907206469726562,0.3064578125,30.424117647058825,-33856.48854961832,-2280.916030534351,5029.007633587787
490859,0,0,0,4911082422,4892.884828,0.010005,378,16540,488,-2083,-1231,-84,181,0.2262520568847656,9.900023864746093,0.2920926025390625,30.40352941176471,-33829.00763358779,-2308.3969465648856,4974.045801526718
490860,0,0,0,4911092427,4892.894833,0.010005,386,16560,442,-2078,-1230,-88,177,0.23104046020507812,9.911994873046874,0.2645592834472656,30.41823529411765,-33801.52671755725,-2418.320610687023,4864.122137404581
490861,0,0,0,4911102433,4892.904839,0.010006,354,16520,508,-2077,-1228,-84,180,0.21188684692382811,9.888052856445311,0.30406361083984373,30.421176470588236,-33746.564885496184,-2308.3969465648856,4946.564885496184
490862,0,0,0,4911112438,4892.914844,0.010005,380,16546,464,-2076,-1228,-86,184,0.22744915771484372,9.903615167236328,0.277727392578125,30.424117647058825,-33746.564885496184,-2363.3587786259545,5056.488549618321
490863,0,0,0,4911122443,4892.924849,0.010005,392,16532,496,-2079,-1227,-82,184,0.2346317626953125,9.89523546142578,0.296881005859375,30.41529411764706,-33719.08396946565,-2253.4351145038167,5056.488549618321
490864,0,0,0,4911132448,4892.934854,0.010005,354,16524,478,-2075,-1235,-91,185,0.21188684692382811,9.890447058105469,0.2861070983886719,30.427058823529414,-33938.931297709925,-2500.7633587786263,5083.9694656488555
490865,0,0,0,4911142453,4892.944859,0.010005,374,16540,446,-2082,-1233,-86,186,0.22385785522460935,9.900023864746093,0.26695348510742184,30.406470588235294,-33883.96946564886,-2363.3587786259545,5111.4503816793895
490866,0,0,0,4911152459,4892.954865,0.010006,338,16518,476,-2078,-1230,-87,184,0.20231004028320312,9.886855755615233,0.28490999755859375,30.41823529411765,-33801.52671755725,-2390.8396946564885,5056.488549618321
490867,0,0,0,4911162464,4892.96487,0.010005,394,16538,482,-2073,-1230,-88,189,0.23582886352539062,9.898826763916015,0.2885013000488281,30.43294117647059,-33801.52671755725,-2418.320610687023,5193.893129770992
490868,0,0,0,4911172469,4892.974875,0.010005,394,16538,458,-2078,-1237,-90,189,0.23582886352539062,9.898826763916015,0.2741360900878906,30.41823529411765,-33993.89312977099,-2473.282442748092,5193.893129770992
490869,0,0,0,4911182474,4892.98488,0.010005,374,16564,472,-2075,-1234,-83,184,0.22385785522460935,9.91438907470703,0.2825157958984375,30.427058823529414,-33911.45038167939,-2280.916030534351,5056.488549618321
490870,0,0,0,4911192479,4892.994885,0.010005,390,16540,426,-2078,-1229,-87,185,0.23343466186523437,9.900023864746093,0.2549824768066406,30.41823529411765,-33774.04580152672,-2390.8396946564885,5083.9694656488555
490871,0,0,0,4911202485,4893.004891,0.010006,350,16528,454,-2076,-1225,-89,182,0.20949264526367187,9.892841259765625,0.27174188842773433,30.424117647058825,-33664.122137404585,-2445.8015267175574,5001.526717557253
490872,0,0,0,4911212490,4893.014896,0.010005,346,16534,464,-2076,-1235,-81,178,0.20709844360351562,9.896432562255859,0.277727392578125,30.424117647058825,-33938.931297709925,-2225.9541984732828,4891.603053435115
490873,0,0,0,4911222495,4893.024901,0.010005,370,16526,472,-2077,-1233,-84,185,0.2214636535644531,9.891644158935547,0.2825157958984375,30.421176470588236,-33883.96946564886,-2308.3969465648856,5083.9694656488555
490874,0,0,0,4911232500,4893.034906,0.010005,376,16528,540,-2084,-1226,-78,177,0.22505495605468748,9.892841259765625,0.3232172241210937,30.40058823529412,-33691.603053435116,-2143.5114503816794,4864.122137404581
490875,0,0,0,4911242505,4893.044911,0.010005,382,16572,450,-2081,-1234,-93,186,0.22864625854492185,9.919177478027343,0.2693476867675781,30.409411764705883,-33911.45038167939,-2555.7251908396947,5111.4503816793895
490876,0,0,0,4911252510,4893.054916,0.010005,372,16518,464,-2077,-1231,-91,186,0.22266075439453123,9.886855755615233,0.277727392578125,30.421176470588236,-33829.00763358779,-2500.7633587786263,5111.4503816793895
490877,0,0,0,4911262516,4893.064922,0.010006,372,16520,472,-2077,-1227,-90,181,0.22266075439453123,9.888052856445311,0.2825157958984375,30.421176470588236,-33719.08396946565,-2473.282442748092,4974.045801526718
490878,0,0,0,4911272521,4893.074927,0.010005,362,16536,486,-2077,-1228,-90,194,0.2166752502441406,9.897629663085937,0.29089550170898437,30.421176470588236,-33746.564885496184,-2473.282442748092,5331.297709923664
490879,0,0,0,4911282526,4893.084932,0.010005,332,16568,440,-2082,-1232,-91,179,0.19871873779296872,9.916783276367187,0.26336218261718747,30.406470588235294,-33856.48854961832,-2500.7633587786263,4919.083969465649
490880,0,0,0,4911292531,4893.094937,0.010005,376,16554,482,-2086,-1231,-88,179,0.22505495605468748,9.90840357055664,0.2885013000488281,30.39470588235294,-33829.00763358779,-2418.320610687023,4919.083969465649
490881,0,0,0,4911302536,4893.104942,0.010005,364,16538,514,-2078,-1226,-84,185,0.21787235107421873,9.898826763916015,0.3076549133300781,30.41823529411765,-33691.603053435116,-2308.3969465648856,5083.9694656488555
490882,0,0,0,4911312542,4893.114948,0.010006,354,16542,434,-2087,-1235,-91,184,0.21188684692382811,9.90122096557617,0.2597708801269531,30.391764705882352,-33938.931297709925,-2500.7633587786263,5056.488549618321
490883,0,0,0,4911322547,4893.124953,0.010005,368,16560,584,-2081,-1229,-90,185,0.22026655273437498,9.911994873046874,0.3495534423828125,30.409411764705883,-33774.04580152672,-2473.282442748092,5083.9694656488555
490884,0,0,0,4911332552,4893.134958,0.010005,322,16560,512,-2075,-1232,-90,184,0.1927332336425781,9.911994873046874,0.3064578125,30.427058823529414,-33856.48854961832,-2473.282442748092,5056.488549618321
490885,0,0,0,4911342557,4893.144963,0.010005,360,16556,458,-2079,-1229,-84,189,0.2154781494140625,9.909600671386718,0.2741360900878906,30.41529411764706,-33774.04580152672,-2308.3969465648856,5193.893129770992
490886,0,0,0,4911352562,4893.154968,0.010005,372,16576,466,-2079,-1227,-88,196,0.22266075439453123,9.9215716796875,0.27892449340820313,30.41529411764706,-33719.08396946565,-2418.320610687023,5386.259541984733
490887,0,0,0,4911362568,4893.164974,0.010006,384,16544,488,-2074,-1226,-86,193,0.229843359375,9.90241806640625,0.2920926025390625,30.43,-33691.603053435116,-2363.3587786259545,5303.81679389313
490888,0,0,0,4911372573,4893.174979,0.010005,360,16514,450,-2081,-1233,-83,183,0.2154781494140625,9.884461553955077,0.2693476867675781,30.409411764705883,-33883.96946564886,-2280.916030534351,5029.007633587787
490889,0,0,0,4911382578,4893.184984,0.010005,400,16556,524,-2081,-1229,-90,179,0.239420166015625,9.909600671386718,0.3136404174804687,30.409411764705883,-33774.04580152672,-2473.282442748092,4919.083969465649
490890,0,0,0,4911392583,4893.194989,0.010005,386,16518,520,-2078,-1230,-93,185,0.23104046020507812,9.886855755615233,0.3112462158203125,30.41823529411765,-33801.52671755725,-2555.7251908396947,5083.9694656488555
490891,0,0,0,4911402588,4893.204994,0.010005,358,16530,378,-2075,-1235,-89,177,0.21428104858398436,9.894038360595703,0.2262520568847656,30.427058823529414,-33938.931297709925,-2445.8015267175574,4864.122137404581
490892,0,0,0,4911412594,4893.215,0.010006,376,16546,490,-2079,-1229,-89,179,0.22505495605468748,9.903615167236328,0.2932897033691406,30.41529411764706,-33774.04580152672,-2445.8015267175574,4919.083969465649
490893,0,0,0,4911422599,4893.225005,0.010005,376,16506,448,-2080,-1229,-83,192,0.22505495605468748,9.879673150634765,0.26815058593749996,30.412352941176472,-33774.04580152672,-2280.916030534351,5276.335877862595
490894,0,0,0,4911432604,4893.23501,0.010005,410,16548,470,-2078,-1232,-91,191,0.2454056701660156,9.904812268066406,0.2813186950683594,30.41823529411765,-33856.48854961832,-2500.7633587786263,5248.854961832061
490895,0,0,0,4911442609,4893.245015,0.010005,366,16568,490,-2078,-1235,-83,191,0.21906945190429686,9.916783276367187,0.2932897033691406,30.41823529411765,-33938.931297709925,-2280.916030534351,5248.854961832061
490896,0,0,0,4911452614,4893.25502,0.010005,388,16536,436,-2081,-1234,-91,190,0.23223756103515625,9.897629663085937,0.2609679809570312,30.409411764705883,-33911.45038167939,-2500.7633587786263,5221.374045801527
490897,0,0,0,4911462620,4893.265026,0.010006,410,16534,422,-2075,-1229,-94,182,0.2454056701660156,9.896432562255859,0.25258827514648435,30.427058823529414,-33774.04580152672,-2583.206106870229,5001.526717557253
490898,0,0,0,4911472625,4893.275031,0.010005,366,16568,508,-2073,-1224,-88,184,0.21906945190429686,9.916783276367187,0.30406361083984373,30.43294117647059,-33636.64122137405,-2418.320610687023,5056.488549618321
490899,0,0,0,4911482630,4893.285036,0.010005,424,16542,464,-2072,-1234,-89,186,0.2537853759765625,9.90122096557617,0.277727392578125,30.435882352941178,-33911.45038167939,-2445.8015267175574,5111.4503816793895
490900,0,0,0,4911492635,4893.295041,0.010005,408,16538,490,-2075,-1232,-88,182,0.2442085693359375,9.898826763916015,0.2932897033691406,30.427058823529414,-33856.48854961832,-2418.320610687023,5001.526717557253
490901,0,0,0,4911502640,4893.305046,0.010005,368,16548,484,-2078,-1233,-91,188,0.22026655273437498,9.904812268066406,0.28969840087890625,30.41823529411765,-33883.96946564886,-2500.7633587786263,5166.412213740458
490902,0,0,0,4911512646,4893.315052,0.010006,388,16502,494,-2077,-1236,-85,188,0.23223756103515625,9.87727894897461,0.29568390502929687,30.421176470588236,-33966.41221374046,-2335.87786259542,5166.412213740458
490903,0,0,0,4911522651,4893.325057,0.010005,388,16576,466,-2079,-1232,-83,182,0.23223756103515625,9.9215716796875,0.27892449340820313,30.41529411764706,-33856.48854961832,-2280.916030534351,5001.526717557253
490904,0,0,0,4911532656,4893.335062,0.010005,364,16540,472,-2075,-1234,-88,191,0.21787235107421873,9.900023864746093,0.2825157958984375,30.427058823529414,-33911.45038167939,-2418.320610687023,5248.854961832061
490905,0,0,0,4911542661,4893.345067,0.010005,348,16534,506,-2077,-1231,-92,188,0.20829554443359374,9.896432562255859,0.3028665100097656,30.421176470588236,-33829.00763358779,-2528.2442748091603,5166.412213740458
490906,0,0,0,4911552666,4893.355072,0.010005,364,16574,502,-2077,-1233,-87,189,0.21787235107421873,9.920374578857421,0.30047230834960936,30.421176470588236,-33883.96946564886,-2390.8396946564885,5193.893129770992
490907,0,0,0,4911562672,4893.365078,0.010006,358,16528,450,-2073,-1234,-85,185,0.21428104858398436,9.892841259765625,0.2693476867675781,30.43294117647059,-33911.45038167939,-2335.87786259542,5083.9694656488555
490908,0,0,0,4911572677,4893.375083,0.010005,358,16518,482,-2072,-1234,-96,188,0.21428104858398436,9.886855755615233,0.2885013000488281,30.435882352941178,-33911.45038167939,-2638.1679389312976,5166.412213740458
490909,0,0,0,4911582682,4893.385088,0.010005,380,16544,378,-2073,-1235,-90,189,0.22744915771484372,9.90241806640625,0.2262520568847656,30.43294117647059,-33938.931297709925,-2473.282442748092,5193.893129770992
490910,0,0,0,4911592687,4893.395093,0.010005,394,16542,470,-2074,-1222,-88,186,0.23582886352539062,9.90122096557617,0.2813186950683594,30.43,-33581.67938931298,-2418.320610687023,5111.4503816793895
490911,0,0,0,4911602692,4893.405098,0.010005,356,16538,464,-2077,-1226,-94,182,0.21308394775390624,9.898826763916015,0.277727392578125,30.421176470588236,-33691.603053435116,-2583.206106870229,5001.526717557253
490912,0,0,0,4911612698,4893.415104,0.010006,354,16526,450,-2075,-1229,-95,188,0.21188684692382811,9.891644158935547,0.2693476867675781,30.427058823529414,-33774.04580152672,-2610.6870229007636,5166.412213740458
490913,0,0,0,4911622703,4893.425109,0.010005,346,16542,500,-2077,-1230,-95,185,0.20709844360351562,9.90122096557617,0.29927520751953124,30.421176470588236,-33801.52671755725,-2610.6870229007636,5083.9694656488555
490914,0,0,0,4911632708,4893.435114,0.010005,404,16526,548,-2080,-1230,-89,186,0.24181436767578124,9.891644158935547,0.3280056274414062,30.412352941176472,-33801.52671755725,-2445.8015267175574,5111.4503816793895
490915,0,0,0,4911642713,4893.445119,0.010005,366,16532,494,-2077,-1233,-84,191,0.21906945190429686,9.89523546142578,0.29568390502929687,30.421176470588236,-33883.96946564886,-2308.3969465648856,5248.854961832061
490916,0,0,0,4911652718,4893.455124,0.010005,388,16514,494,-2081,-1233,-84,185,0.23223756103515625,9.884461553955077,0.29568390502929687,30.409411764705883,-33883.96946564886,-2308.3969465648856,5083.9694656488555
490917,0,0,0,4911662724,4893.46513,0.010006,346,16546,502,-2076,-1234,-87,185,0.20709844360351562,9.903615167236328,0.30047230834960936,30.424117647058825,-33911.45038167939,-2390.8396946564885,5083.9694656488555
490918,0,0,0,4911672729,4893.475135,0.010005,388,16546,464,-2075,-1238,-89,186,0.23223756103515625,9.903615167236328,0.277727392578125,30.427058823529414,-34021.37404580153,-2445.8015267175574,5111.4503816793895
490919,0,0,0,4911682734,4893.48514,0.010005,410,16540,436,-2072,-1229,-83,187,0.2454056701660156,9.900023864746093,0.2609679809570312,30.435882352941178,-33774.04580152672,-2280.916030534351,5138.931297709924
490920,0,0,0,4911692739,4893.495145,0.010005,342,16522,516,-2074,-1231,-84,187,0.20470424194335937,9.889249957275391,0.30885201416015623,30.43,-33829.00763358779,-2308.3969465648856,5138.931297709924
490921,0,0,0,4911702744,4893.50515,0.010005,348,16558,462,-2072,-1232,-81,188,0.20829554443359374,9.910797772216796,0.2765302917480469,30.435882352941178,-33856.48854961832,-2225.9541984732828,5166.412213740458
490922,0,0,0,4911712749,4893.515155,0.010005,372,16508,436,-2075,-1227,-86,186,0.22266075439453123,9.880870251464843,0.2609679809570312,30.427058823529414,-33719.08396946565,-2363.3587786259545,5111.4503816793895
490923,0,0,0,4911722755,4893.525161,0.010006,390,16576,436,-2078,-1226,-89,183,0.23343466186523437,9.9215716796875,0.2609679809570312,30.41823529411765,-33691.603053435116,-2445.8015267175574,5029.007633587787
490924,0,0,0,4911732760,4893.535166,0.010005,384,16518,446,-2076,-1225,-84,181,0.229843359375,9.886855755615233,0.26695348510742184,30.424117647058825,-33664.122137404585,-2308.3969465648856,4974.045801526718
490925,0,0,0,4911742765,4893.545171,0.010005,366,16550,496,-2079,-1227,-90,183,0.21906945190429686,9.906009368896484,0.296881005859375,30.41529411764706,-33719.08396946565,-2473.282442748092,5029.007633587787
490926,0,0,0,4911752770,4893.555176,0.010005,384,16560,430,-2073,-1234,-82,187,0.229843359375,9.911994873046874,0.25737667846679685,30.43294117647059,-33911.45038167939,-2253.4351145038167,5138.931297709924
490927,0,0,0,4911762775,4893.565181,0.010005,384,16546,470,-2075,-1236,-86,186,0.229843359375,9.903615167236328,0.2813186950683594,30.427058823529414,-33966.41221374046,-2363.3587786259545,5111.4503816793895
490928,0,0,0,4911772781,4893.575187,0.010006,362,16542,504,-2074,-1230,-81,188,0.2166752502441406,9.90122096557617,0.3016694091796875,30.43,-33801.52671755725,-2225.9541984732828,5166.412213740458
490929,0,0,0,4911782786,4893.585192,0.010005,366,16522,500,-2080,-1229,-89,179,0.21906945190429686,9.889249957275391,0.29927520751953124,30.412352941176472,-33774.04580152672,-2445.8015267175574,4919.083969465649
490930,0,0,0,4911792791,4893.595197,0.010005,350,16544,492,-2078,-1230,-86,188,0.20949264526367187,9.90241806640625,0.29448680419921874,30.41823529411765,-33801.52671755725,-2363.3587786259545,5166.412213740458
490931,0,0,0,4911802796,4893.605202,0.010005,372,16528,464,-2073,-1229,-83,193,0.22266075439453123,9.892841259765625,0.277727392578125,30.43294117647059,-33774.04580152672,-2280.916030534351,5303.81679389313
490932,0,0,0,4911812801,4893.615207,0.010005,358,16540,466,-2069,-1230,-92,187,0.21428104858398436,9.900023864746093,0.27892449340820313,30.44470588235294,-33801.52671755725,-2528.2442748091603,5138.931297709924
490933,0,0,0,4911822807,4893.625213,0.010006,350,16570,526,-2073,-1228,-88,188,0.20949264526367187,9.917980377197265,0.31483751831054685,30.43294117647059,-33746.564885496184,-2418.320610687023,5166.412213740458
490934,0,0,0,4911832812,4893.635218,0.010005,378,16540,488,-2076,-1226,-89,183,0.2262520568847656,9.900023864746093,0.2920926025390625,30.424117647058825,-33691.603053435116,-2445.8015267175574,5029.007633587787
490935,0,0,0,4911842817,4893.645223,0.010005,354,16550,474,-2080,-1229,-90,185,0.21188684692382811,9.906009368896484,0.28371289672851563,30.412352941176472,-33774.04580152672,-2473.282442748092,5083.9694656488555
490936,0,0,0,4911852822,4893.655228,0.010005,372,16554,460,-2078,-1232,-81,189,0.22266075439453123,9.90840357055664,0.2753331909179687,30.41823529411765,-33856.48854961832,-2225.9541984732828,5193.893129770992
490937,0,0,0,4911862827,4893.665233,0.010005,362,16586,498,-2078,-1229,-86,188,0.2166752502441406,9.92755718383789,0.2980781066894531,30.41823529411765,-33774.04580152672,-2363.3587786259545,5166.412213740458
490938,0,0,0,4911872833,4893.675239,0.010006,362,16566,508,-2080,-1231,-83,196,0.2166752502441406,9.91558617553711,0.30406361083984373,30.412352941176472,-33829.00763358779,-2280.916030534351,5386.259541984733
490939,0,0,0,4911882838,4893.685244,0.010005,400,16560,466,-2080,-1230,-84,188,0.239420166015625,9.911994873046874,0.27892449340820313,30.412352941176472,-33801.52671755725,-2308.3969465648856,5166.412213740458
490940,0,0,0,4911892843,4893.695249,0.010005,350,16500,432,-2080,-1227,-92,194,0.20949264526367187,9.87608184814453,0.258573779296875,30.412352941176472,-33719.08396946565,-2528.2442748091603,5331.297709923664
490941,0,0,0,4911902848,4893.705254,0.010005,372,16558,528,-2083,-1227,-88,186,0.22266075439453123,9.910797772216796,0.316034619140625,30.40352941176471,-33719.08396946565,-2418.320610687023,5111.4503816793895
490942,0,0,0,4911912853,4893.715259,0.010005,392,16548,480,-2083,-1231,-90,188,0.2346317626953125,9.904812268066406,0.28730419921875,30.40352941176471,-33829.00763358779,-2473.282442748092,5166.412213740458
490943,0,0,0,4911922859,4893.725265,0.010006,388,16518,444,-2077,-1228,-89,194,0.23223756103515625,9.886855755615233,0.2657563842773437,30.421176470588236,-33746.564885496184,-2445.8015267175574,5331.297709923664
490944,0,0,0,4911932864,4893.73527,0.010005,406,16542,456,-2080,-1227,-83,188,0.24301146850585936,9.90122096557617,0.27293898925781246,30.412352941176472,-33719.08396946565,-2280.916030534351,5166.412213740458
490945,0,0,0,4911942869,4893.745275,0.010005,398,16588,530,-2076,-1230,-92,190,0.23822306518554687,9.928754284667969,0.3172317199707031,30.424117647058825,-33801.52671755725,-2528.2442748091603,5221.374045801527
490946,0,0,0,4911952874,4893.75528,0.010005,380,16538,468,-2080,-1231,-89,190,0.22744915771484372,9.898826763916015,0.28012159423828126,30.412352941176472,-33829.00763358779,-2445.8015267175574,5221.374045801527
490947,0,0,0,4911962879,4893.765285,0.010005,342,16546,476,-2080,-1225,-81,188,0.20470424194335937,9.903615167236328,0.28490999755859375,30.412352941176472,-33664.122137404585,-2225.9541984732828,5166.412213740458
490948,0,0,0,4911972885,4893.775291,0.010006,362,16530,480,-2078,-1231,-88,182,0.2166752502441406,9.894038360595703,0.28730419921875,30.41823529411765,-33829.00763358779,-2418.320610687023,5001.526717557253
490949,0,0,0,4911982890,4893.785296,0.010005,400,16516,482,-2079,-1233,-81,188,0.239420166015625,9.885658654785155,0.2885013000488281,30.41529411764706,-33883.96946564886,-2225.9541984732828,5166.412213740458
490950,0,0,0,4911992895,4893.795301,0.010005,388,16520,464,-2075,-1233,-88,188,0.23223756103515625,9.888052856445311,0.277727392578125,30.427058823529414,-33883.96946564886,-2418.320610687023,5166.412213740458
490951,0,0,0,4912002900,4893.805306,0.010005,404,16520,462,-2073,-1237,-89,187,0.24181436767578124,9.888052856445311,0.2765302917480469,30.43294117647059,-33993.89312977099,-2445.8015267175574,5138.931297709924
490952,0,0,0,4912012905,4893.815311,0.010005,382,16526,480,-2083,-1238,-93,185,0.22864625854492185,9.891644158935547,0.28730419921875,30.40352941176471,-34021.37404580153,-2555.7251908396947,5083.9694656488555
490953,0,0,0,4912022911,4893.825317,0.010006,374,16542,536,-2078,-1231,-88,183,0.22385785522460935,9.90122096557617,0.32082302246093747,30.41823529411765,-33829.00763358779,-2418.320610687023,5029.007633587787
490954,0,0,0,4912032916,4893.835322,0.010005,322,16556,498,-2077,-1229,-92,189,0.1927332336425781,9.909600671386718,0.2980781066894531,30.421176470588236,-33774.04580152672,-2528.2442748091603,5193.893129770992
490955,0,0,0,4912042921,4893.845327,0.010005,366,16526,442,-2082,-1229,-88,189,0.21906945190429686,9.891644158935547,0.2645592834472656,30.406470588235294,-33774.04580152672,-2418.320610687023,5193.893129770992
490956,0,0,0,4912052926,4893.855332,0.010005,346,16514,486,-2081,-1223,-93,190,0.20709844360351562,9.884461553955077,0.29089550170898437,30.409411764705883,-33609.16030534351,-2555.7251908396947,5221.374045801527
490957,0,0,0,4912062931,4893.865337,0.010005,404,16520,522,-2083,-1230,-84,197,0.24181436767578124,9.888052856445311,0.3124433166503906,30.40352941176471,-33801.52671755725,-2308.3969465648856,5413.740458015267
490958,0,0,0,4912072937,4893.875343,0.010006,334,16504,478,-2085,-1226,-80,184,0.19991583862304688,9.878476049804688,0.2861070983886719,30.39764705882353,-33691.603053435116,-2198.4732824427483,5056.488549618321
490959,0,0,0,4912082942,4893.885348,0.010005,390,16528,490,-2080,-1226,-82,183,0.23343466186523437,9.892841259765625,0.2932897033691406,30.412352941176472,-33691.603053435116,-2253.4351145038167,5029.007633587787
490960,0,0,0,4912092947,4893.895353,0.010005,402,16576,504,-2077,-1230,-83,183,0.24061726684570311,9.9215716796875,0.3016694091796875,30.421176470588236,-33801.52671755725,-2280.916030534351,5029.007633587787
490961,0,0,0,4912102952,4893.905358,0.010005,330,16562,486,-2079,-1231,-87,182,0.1975216369628906,9.913191973876952,0.29089550170898437,30.41529411764706,-33829.00763358779,-2390.8396946564885,5001.526717557253
490962,0,0,0,4912112957,4893.915363,0.010005,348,16562,484,-2075,-1226,-87,176,0.20829554443359374,9.913191973876952,0.28969840087890625,30.427058823529414,-33691.603053435116,-2390.8396946564885,4836.641221374046
490963,0,0,0,4912122963,4893.925369,0.010006,362,16544,436,-2073,-1231,-88,184,0.2166752502441406,9.90241806640625,0.2609679809570312,30.43294117647059,-33829.00763358779,-2418.320610687023,5056.488549618321
490964,0,0,0,4912132968,4893.935374,0.010005,346,16572,578,-2074,-1231,-84,185,0.20709844360351562,9.919177478027343,0.3459621398925781,30.43,-33829.00763358779,-2308.3969465648856,5083.9694656488555
490965,0,0,0,4912142973,4893.945379,0.010005,368,16512,506,-2080,-1225,-81,186,0.22026655273437498,9.883264453125,0.3028665100097656,30.412352941176472,-33664.122137404585,-2225.9541984732828,5111.4503816793895
490966,0,0,0,4912152978,4893.955384,0.010005,382,16548,506,-2078,-1224,-86,187,0.22864625854492185,9.904812268066406,0.3028665100097656,30.41823529411765,-33636.64122137405,-2363.3587786259545,5138.931297709924
490967,0,0,0,4912162983,4893.965389,0.010005,364,16540,498,-2077,-1233,-87,191,0.21787235107421873,9.900023864746093,0.2980781066894531,30.421176470588236,-33883.96946564886,-2390.8396946564885,5248.854961832061
490968,0,0,0,4912172988,4893.975394,0.010005,360,16574,468,-2075,-1231,-91,190,0.2154781494140625,9.920374578857421,0.28012159423828126,30.427058823529414,-33829.00763358779,-2500.7633587786263,5221.374045801527
490969,0,0,0,4912182994,4893.9854,0.010006,422,16566,500,-2080,-1234,-81,185,0.25258827514648435,9.91558617553711,0.29927520751953124,30.412352941176472,-33911.45038167939,-2225.9541984732828,5083.9694656488555
490970,0,0,0,4912192999,4893.995405,0.010005,358,16536,538,-2076,-1235,-87,186,0.21428104858398436,9.897629663085937,0.3220201232910156,30.424117647058825,-33938.931297709925,-2390.8396946564885,5111.4503816793895
490971,0,0,0,4912203004,4894.00541,0.010005,328,16546,486,-2076,-1232,-84,195,0.19632453613281248,9.903615167236328,0.29089550170898437,30.424117647058825,-33856.48854961832,-2308.3969465648856,5358.778625954199
490972,0,0,0,4912213009,4894.015415,0.010005,358,16510,472,-2078,-1230,-83,185,0.21428104858398436,9.882067352294921,0.2825157958984375,30.41823529411765,-33801.52671755725,-2280.916030534351,5083.9694656488555
490973,0,0,0,4912223014,4894.02542,0.010005,366,16536,378,-2075,-1231,-85,192,0.21906945190429686,9.897629663085937,0.2262520568847656,30.427058823529414,-33829.00763358779,-2335.87786259542,5276.335877862595
490974,0,0,0,4912233020,4894.035426,0.010006,332,16526,484,-2077,-1235,-81,185,0.19871873779296872,9.891644158935547,0.28969840087890625,30.421176470588236,-33938.931297709925,-2225.9541984732828,5083.9694656488555
490975,0,0,0,4912243025,4894.045431,0.010005,340,16542,512,-2078,-1233,-86,182,0.20350714111328125,9.90122096557617,0.3064578125,30.41823529411765,-33883.96946564886,-2363.3587786259545,5001.526717557253
490976,0,0,0,4912253030,4894.055436,0.010005,340,16550,504,-2077,-1229,-88,176,0.20350714111328125,9.906009368896484,0.3016694091796875,30.421176470588236,-33774.04580152672,-2418.320610687023,4836.641221374046
490977,0,0,0,4912263035,4894.065441,0.010005,348,16524,452,-2083,-1228,-85,186,0.20829554443359374,9.890447058105469,0.2705447875976562,30.40352941176471,-33746.564885496184,-2335.87786259542,5111.4503816793895
490978,0,0,0,4912273040,4894.075446,0.010005,392,16562,494,-2077,-1230,-85,193,0.2346317626953125,9.913191973876952,0.29568390502929687,30.421176470588236,-33801.52671755725,-2335.87786259542,5303.81679389313
490979,0,0,0,4912283046,4894.085452,0.010006,388,16552,484,-2077,-1229,-83,185,0.23223756103515625,9.907206469726562,0.28969840087890625,30.421176470588236,-33774.04580152672,-2280.916030534351,5083.9694656488555
490980,0,0,0,4912293051,4894.095457,0.010005,342,16548,420,-2077,-1228,-87,193,0.20470424194335937,9.904812268066406,0.25139117431640623,30.421176470588236,-33746.564885496184,-2390.8396946564885,5303.81679389313
490981,0,0,0,4912303056,4894.105462,0.010005,410,16544,518,-2078,-1237,-88,187,0.2454056701660156,9.90241806640625,0.31004911499023435,30.41823529411765,-33993.89312977099,-2418.320610687023,5138.931297709924
490982,0,0,0,4912313061,4894.115467,0.010005,364,16540,428,-2077,-1235,-83,187,0.21787235107421873,9.900023864746093,0.2561795776367187,30.421176470588236,-33938.931297709925,-2280.916030534351,5138.931297709924
490983,0,0,0,4912323066,4894.125472,0.010005,408,16550,412,-2079,-1228,-83,188,0.2442085693359375,9.906009368896484,0.24660277099609373,30.41529411764706,-33746.564885496184,-2280.916030534351,5166.412213740458
490984,0,0,0,4912333072,4894.135478,0.010006,390,16564,516,-2078,-1231,-76,191,0.23343466186523437,9.91438907470703,0.30885201416015623,30.41823529411765,-33829.00763358779,-2088.549618320611,5248.854961832061
490985,0,0,0,4912343077,4894.145483,0.010005,320,16524,426,-2081,-1228,-83,183,0.19153613281249998,9.890447058105469,0.2549824768066406,30.409411764705883,-33746.564885496184,-2280.916030534351,5029.007633587787
490986,0,0,0,4912353082,4894.155488,0.010005,356,16582,462,-2076,-1230,-85,185,0.21308394775390624,9.925162982177733,0.2765302917480469,30.424117647058825,-33801.52671755725,-2335.87786259542,5083.9694656488555
490987,0,0,0,4912363087,4894.165493,0.010005,356,16586,398,-2073,-1228,-88,186,0.21308394775390624,9.92755718383789,0.23822306518554687,30.43294117647059,-33746.564885496184,-2418.320610687023,5111.4503816793895
490988,0,0,0,4912373092,4894.175498,0.010005,376,16566,474,-2075,-1236,-81,188,0.22505495605468748,9.91558617553711,0.28371289672851563,30.427058823529414,-33966.41221374046,-2225.9541984732828,5166.412213740458
490989,0,0,0,4912383098,4894.185504,0.010006,394,16560,518,-2071,-1231,-77,191,0.23582886352539062,9.911994873046874,0.31004911499023435,30.438823529411767,-33829.00763358779,-2116.030534351145,5248.854961832061
490990,0,0,0,4912393103,4894.195509,0.010005,426,16538,494,-2073,-1231,-76,180,0.2549824768066406,9.898826763916015,0.29568390502929687,30.43294117647059,-33829.00763358779,-2088.549618320611,4946.564885496184
490991,0,0,0,4912403108,4894.205514,0.010005,376,16546,510,-2074,-1234,-92,188,0.22505495605468748,9.903615167236328,0.30526071166992186,30.43,-33911.45038167939,-2528.2442748091603,5166.412213740458
490992,0,0,0,4912413113,4894.215519,0.010005,388,16560,446,-2078,-1231,-87,179,0.23223756103515625,9.911994873046874,0.26695348510742184,30.41823529411765,-33829.00763358779,-2390.8396946564885,4919.083969465649
490993,0,0,0,4912423118,4894.225524,0.010005,372,16522,488,-2082,-1229,-85,184,0.22266075439453123,9.889249957275391,0.2920926025390625,30.406470588235294,-33774.04580152672,-2335.87786259542,5056.488549618321
490994,0,0,0,4912433124,4894.23553,0.010006,386,16518,542,-2077,-1235,-84,186,0.23104046020507812,9.886855755615233,0.32441432495117184,30.421176470588236,-33938.931297709925,-2308.3969465648856,5111.4503816793895
490995,0,0,0,4912443129,4894.245535,0.010005,384,16526,500,-2082,-1230,-79,184,0.229843359375,9.891644158935547,0.29927520751953124,30.406470588235294,-33801.52671755725,-2170.992366412214,5056.488549618321
490996,0,0,0,4912453134,4894.25554,0.010005,392,16532,434,-2081,-1231,-79,185,0.2346317626953125,9.89523546142578,0.2597708801269531,30.409411764705883,-33829.00763358779,-2170.992366412214,5083.9694656488555
490997,0,0,0,4912463139,4894.265545,0.010005,374,16564,434,-2073,-1231,-89,192,0.22385785522460935,9.91438907470703,0.2597708801269531,30.43294117647059,-33829.00763358779,-2445.8015267175574,5276.335877862595
490998,0,0,0,4912473144,4894.27555,0.010005,378,16516,524,-2075,-1228,-86,184,0.2262520568847656,9.885658654785155,0.3136404174804687,30.427058823529414,-33746.564885496184,-2363.3587786259545,5056.488549618321
490999,0,0,0,4912483150,4894.285556,0.010006,332,16514,512,-2072,-1226,-88,189,0.19871873779296872,9.884461553955077,0.3064578125,30.435882352941178,-33691.603053435116,-2418.320610687023,5193.893129770992
491000,0,0,0,4912493155,4894.295561,0.010005,336,16568,444,-2072,-1232,-76,194,0.201112939453125,9.916783276367187,0.2657563842773437,30.435882352941178,-33856.48854961832,-2088.549618320611,5331.297709923664
491001,0,0,0,4912503160,4894.305566,0.010005,330,16554,462,-2077,-1230,-83,182,0.1975216369628906,9.90840357055664,0.2765302917480469,30.421176470588236,-33801.52671755725,-2280.916030534351,5001.526717557253
491002,0,0,0,4912513165,4894.315571,0.010005,378,16550,514,-2079,-1229,-89,189,0.2262520568847656,9.906009368896484,0.3076549133300781,30.41529411764706,-33774.04580152672,-2445.8015267175574,5193.893129770992
491003,0,0,0,4912523170,4894.325576,0.010005,384,16572,530,-2083,-1230,-94,189,0.229843359375,9.919177478027343,0.3172317199707031,30.40352941176471,-33801.52671755725,-2583.206106870229,5193.893129770992
491004,0,0,0,4912533176,4894.335582,0.010006,386,16506,476,-2072,-1232,-85,187,0.23104046020507812,9.879673150634765,0.28490999755859375,30.435882352941178,-33856.48854961832,-2335.87786259542,5138.931297709924
491005,0,0,0,4912543181,4894.345587,0.010005,362,16514,484,-2073,-1232,-87,178,0.2166752502441406,9.884461553955077,0.28969840087890625,30.43294117647059,-33856.48854961832,-2390.8396946564885,4891.603053435115
491006,0,0,0,4912553186,4894.355592,0.010005,376,16580,484,-2073,-1235,-83,185,0.22505495605468748,9.923965881347655,0.28969840087890625,30.43294117647059,-33938.931297709925,-2280.916030534351,5083.9694656488555
491007,0,0,0,4912563191,4894.365597,0.010005,388,16536,434,-2070,-1227,-85,182,0.23223756103515625,9.897629663085937,0.2597708801269531,30.441764705882356,-33719.08396946565,-2335.87786259542,5001.526717557253
491008,0,0,0,4912573196,4894.375602,0.010005,358,16502,490,-2075,-1225,-81,191,0.21428104858398436,9.87727894897461,0.2932897033691406,30.427058823529414,-33664.122137404585,-2225.9541984732828,5248.854961832061
491009,0,0,0,4912583202,4894.385608,0.010006,368,16530,506,-2077,-1233,-89,186,0.22026655273437498,9.894038360595703,0.3028665100097656,30.421176470588236,-33883.96946564886,-2445.8015267175574,5111.4503816793895
491010,0,0,0,4912593207,4894.395613,0.010005,372,16568,474,-2077,-1234,-81,186,0.22266075439453123,9.916783276367187,0.28371289672851563,30.421176470588236,-33911.45038167939,-2225.9541984732828,5111.4503816793895
491011,0,0,0,4912603212,4894.405618,0.010005,352,16508,466,-2081,-1235,-82,181,0.21068974609375,9.880870251464843,0.27892449340820313,30.409411764705883,-33938.931297709925,-2253.4351145038167,4974.045801526718
491012,0,0,0,4912613217,4894.415623,0.010005,352,16558,498,-2079,-1225,-88,183,0.21068974609375,9.910797772216796,0.2980781066894531,30.41529411764706,-33664.122137404585,-2418.320610687023,5029.007633587787
491013,0,0,0,4912623222,4894.425628,0.010005,366,16532,474,-2079,-1225,-76,184,0.21906945190429686,9.89523546142578,0.28371289672851563,30.41529411764706,-33664.122137404585,-2088.549618320611,5056.488549618321
491014,0,0,0,4912633228,4894.435634,0.010006,380,16546,496,-2071,-1230,-87,182,0.22744915771484372,9.903615167236328,0.296881005859375,30.438823529411767,-33801.52671755725,-2390.8396946564885,5001.526717557253
491015,0,0,0,4912643233,4894.445639,0.010005,416,16514,472,-2077,-1233,-82,181,0.24899697265624998,9.884461553955077,0.2825157958984375,30.421176470588236,-33883.96946564886,-2253.4351145038167,4974.045801526718
491016,0,0,0,4912653238,4894.455644,0.010005,392,16562,478,-2076,-1236,-88,190,0.2346317626953125,9.913191973876952,0.2861070983886719,30.424117647058825,-33966.41221374046,-2418.320610687023,5221.374045801527
491017,0,0,0,4912663243,4894.465649,0.010005,386,16554,414,-2074,-1232,-86,183,0.23104046020507812,9.90840357055664,0.24779987182617186,30.43,-33856.48854961832,-2363.3587786259545,5029.007633587787
491018,0,0,0,4912673248,4894.475654,0.010005,384,16576,466,-2080,-1231,-84,181,0.229843359375,9.9215716796875,0.27892449340820313,30.412352941176472,-33829.00763358779,-2308.3969465648856,4974.045801526718
491019,0,0,0,4912683254,4894.48566,0.010006,380,16540,462,-2080,-1231,-83,188,0.22744915771484372,9.900023864746093,0.2765302917480469,30.412352941176472,-33829.00763358779,-2280.916030534351,5166.412213740458
491020,0,0,0,4912693259,4894.495665,0.010005,350,16532,432,-2077,-1228,-85,177,0.20949264526367187,9.89523546142578,0.258573779296875,30.421176470588236,-33746.564885496184,-2335.87786259542,4864.122137404581
491021,0,0,0,4912703264,4894.50567,0.010005,410,16544,520,-2077,-1231,-84,183,0.2454056701660156,9.90241806640625,0.3112462158203125,30.421176470588236,-33829.00763358779,-2308.3969465648856,5029.007633587787
491022,0,0,0,4912713269,4894.515675,0.010005,358,16518,476,-2079,-1230,-86,182,0.21428104858398436,9.886855755615233,0.28490999755859375,30.41529411764706,-33801.52671755725,-2363.3587786259545,5001.526717557253
491023,0,0,0,4912723274,4894.52568,0.010005,344,16546,450,-2077,-1235,-82,187,0.2059013427734375,9.903615167236328,0.2693476867675781,30.421176470588236,-33938.931297709925,-2253.4351145038167,5138.931297709924
491024,0,0,0,4912733279,4894.535685,0.010005,336,16564,472,-2082,-1234,-87,189,0.201112939453125,9.91438907470703,0.2825157958984375,30.406470588235294,-33911.45038167939,-2390.8396946564885,5193.893129770992
491025,0,0,0,4912743285,4894.545691,0.010006,382,16556,498,-2079,-1230,-84,181,0.22864625854492185,9.909600671386718,0.2980781066894531,30.41529411764706,-33801.52671755725,-2308.3969465648856,4974.045801526718
491026,0,0,0,4912753290,4894.555696,0.010005,366,16536,428,-2080,-1228,-84,183,0.21906945190429686,9.897629663085937,0.2561795776367187,30.412352941176472,-33746.564885496184,-2308.3969465648856,5029.007633587787
491027,0,0,0,4912763295,4894.565701,0.010005,358,16528,512,-2077,-1235,-78,189,0.21428104858398436,9.892841259765625,0.3064578125,30.421176470588236,-33938.931297709925,-2143.5114503816794,5193.893129770992
491028,0,0,0,4912773300,4894.575706,0.010005,370,16560,468,-2073,-1225,-84,189,0.2214636535644531,9.911994873046874,0.28012159423828126,30.43294117647059,-33664.122137404585,-2308.3969465648856,5193.893129770992
491029,0,0,0,4912783305,4894.585711,0.010005,382,16574,518,-2070,-1223,-84,186,0.22864625854492185,9.920374578857421,0.31004911499023435,30.441764705882356,-33609.16030534351,-2308.3969465648856,5111.4503816793895
491030,0,0,0,4912793311,4894.595717,0.010006,358,16550,508,-2076,-1227,-88,195,0.21428104858398436,9.906009368896484,0.30406361083984373,30.424117647058825,-33719.08396946565,-2418.320610687023,5358.778625954199
491031,0,0,0,4912803316,4894.605722,0.010005,362,16532,496,-2074,-1232,-85,188,0.2166752502441406,9.89523546142578,0.296881005859375,30.43,-33856.48854961832,-2335.87786259542,5166.412213740458
491032,0,0,0,4912813321,4894.615727,0.010005,368,16506,498,-2069,-1228,-82,192,0.22026655273437498,9.879673150634765,0.2980781066894531,30.44470588235294,-33746.564885496184,-2253.4351145038167,5276.335877862595
491033,0,0,0,4912823326,4894.625732,0.010005,380,16574,498,-2078,-1227,-86,194,0.22744915771484372,9.920374578857421,0.2980781066894531,30.41823529411765,-33719.08396946565,-2363.3587786259545,5331.297709923664
491034,0,0,0,4912833331,4894.635737,0.010005,372,16560,546,-2079,-1228,-83,189,0.22266075439453123,9.911994873046874,0.3268085266113281,30.41529411764706,-33746.564885496184,-2280.916030534351,5193.893129770992
491035,0,0,0,4912843337,4894.645743,0.010006,364,16530,480,-2082,-1227,-87,186,0.21787235107421873,9.894038360595703,0.28730419921875,30.406470588235294,-33719.08396946565,-2390.8396946564885,5111.4503816793895
491036,0,0,0,4912853342,4894.655748,0.010005,390,16540,454,-2076,-1231,-82,185,0.23343466186523437,9.900023864746093,0.27174188842773433,30.424117647058825,-33829.00763358779,-2253.4351145038167,5083.9694656488555
491037,0,0,0,4912863347,4894.665753,0.010005,362,16540,422,-2074,-1227,-85,185,0.2166752502441406,9.900023864746093,0.25258827514648435,30.43,-33719.08396946565,-2335.87786259542,5083.9694656488555
491038,0,0,0,4912873352,4894.675758,0.010005,390,16580,456,-2067,-1237,-81,182,0.23343466186523437,9.923965881347655,0.27293898925781246,30.45058823529412,-33993.89312977099,-2225.9541984732828,5001.526717557253
491039,0,0,0,4912883357,4894.685763,0.010005,360,16548,490,-2074,-1232,-83,187,0.2154781494140625,9.904812268066406,0.2932897033691406,30.43,-33856.48854961832,-2280.916030534351,5138.931297709924
491040,0,0,0,4912893363,4894.695769,0.010006,380,16520,452,-2075,-1235,-79,191,0.22744915771484372,9.888052856445311,0.2705447875976562,30.427058823529414,-33938.931297709925,-2170.992366412214,5248.854961832061
491041,0,0,0,4912903368,4894.705774,0.010005,316,16560,434,-2075,-1230,-81,188,0.18914193115234373,9.911994873046874,0.2597708801269531,30.427058823529414,-33801.52671755725,-2225.9541984732828,5166.412213740458
491042,0,0,0,4912913373,4894.715779,0.010005,340,16538,516,-2077,-1229,-80,188,0.20350714111328125,9.898826763916015,0.30885201416015623,30.421176470588236,-33774.04580152672,-2198.4732824427483,5166.412213740458
491043,0,0,0,4912923378,4894.725784,0.010005,378,16544,520,-2078,-1230,-84,196,0.2262520568847656,9.90241806640625,0.3112462158203125,30.41823529411765,-33801.52671755725,-2308.3969465648856,5386.259541984733
491044,0,0,0,4912933383,4894.735789,0.010005,292,16502,404,-2075,-1232,-87,190,0.17477672119140625,9.87727894897461,0.24181436767578124,30.427058823529414,-33856.48854961832,-2390.8396946564885,5221.374045801527
491045,0,0,0,4912943389,4894.745795,0.010006,386,16554,492,-2070,-1228,-88,189,0.23104046020507812,9.90840357055664,0.29448680419921874,30.441764705882356,-33746.564885496184,-2418.320610687023,5193.893129770992
491046,0,0,0,4912953394,4894.7558,0.010005,444,16546,456,-2076,-1231,-86,187,0.2657563842773437,9.903615167236328,0.27293898925781246,30.424117647058825,-33829.00763358779,-2363.3587786259545,5138.931297709924
491047,0,0,0,4912963399,4894.765805,0.010005,408,16534,512,-2075,-1229,-91,177,0.2442085693359375,9.896432562255859,0.3064578125,30.427058823529414,-33774.04580152672,-2500.7633587786263,4864.122137404581
491048,0,0,0,4912973404,4894.77581,0.010005,362,16526,524,-2071,-1229,-88,190,0.2166752502441406,9.891644158935547,0.3136404174804687,30.438823529411767,-33774.04580152672,-2418.320610687023,5221.374045801527
491049,0,0,0,4912983409,4894.785815,0.010005,392,16518,494,-2076,-1231,-87,194,0.2346317626953125,9.886855755615233,0.29568390502929687,30.424117647058825,-33829.00763358779,-2390.8396946564885,5331.297709923664
491050,0,0,0,4912993415,4894.795821,0.010006,326,16598,462,-2078,-1226,-82,188,0.19512743530273435,9.934739788818359,0.2765302917480469,30.41823529411765,-33691.603053435116,-2253.4351145038167,5166.412213740458
491051,0,0,0,4913003420,4894.805826,0.010005,358,16514,494,-2078,-1230,-83,190,0.21428104858398436,9.884461553955077,0.29568390502929687,30.41823529411765,-33801.52671755725,-2280.916030534351,5221.374045801527
491052,0,0,0,4913013425,4894.815831,0.010005,350,16568,460,-2075,-1237,-87,183,0.20949264526367187,9.916783276367187,0.2753331909179687,30.427058823529414,-33993.89312977099,-2390.8396946564885,5029.007633587787
491053,0,0,0,4913023430,4894.825836,0.010005,372,16566,480,-2079,-1231,-82,175,0.22266075439453123,9.91558617553711,0.28730419921875,30.41529411764706,-33829.00763358779,-2253.4351145038167,4809.160305343512
491054,0,0,0,4913033435,4894.835841,0.010005,420,16556,416,-2076,-1232,-85,184,0.25139117431640623,9.909600671386718,0.24899697265624998,30.424117647058825,-33856.48854961832,-2335.87786259542,5056.488549618321
491055,0,0,0,4913043441,4894.845847,0.010006,404,16514,482,-2071,-1236,-89,183,0.24181436767578124,9.884461553955077,0.2885013000488281,30.438823529411767,-33966.41221374046,-2445.8015267175574,5029.007633587787
491056,0,0,0,4913053446,4894.855852,0.010005,360,16552,466,-2078,-1238,-84,184,0.2154781494140625,9.907206469726562,0.27892449340820313,30.41823529411765,-34021.37404580153,-2308.3969465648856,5056.488549618321
491057,0,0,0,4913063451,4894.865857,0.010005,382,16488,492,-2079,-1227,-88,194,0.22864625854492185,9.868899243164062,0.29448680419921874,30.41529411764706,-33719.08396946565,-2418.320610687023,5331.297709923664
491058,0,0,0,4913073456,4894.875862,0.010005,362,16538,484,-2080,-1227,-88,183,0.2166752502441406,9.898826763916015,0.28969840087890625,30.412352941176472,-33719.08396946565,-2418.320610687023,5029.007633587787
491059,0,0,0,4913083461,4894.885867,0.010005,352,16536,482,-2074,-1229,-87,187,0.21068974609375,9.897629663085937,0.2885013000488281,30.43,-33774.04580152672,-2390.8396946564885,5138.931297709924
491060,0,0,0,4913093467,4894.895873,0.010006,362,16558,448,-2072,-1231,-84,183,0.2166752502441406,9.910797772216796,0.26815058593749996,30.435882352941178,-33829.00763358779,-2308.3969465648856,5029.007633587787
491061,0,0,0,4913103472,4894.905878,0.010005,376,16520,452,-2070,-1225,-80,192,0.22505495605468748,9.888052856445311,0.2705447875976562,30.441764705882356,-33664.122137404585,-2198.4732824427483,5276.335877862595
491062,0,0,0,4913113477,4894.915883,0.010005,336,16570,456,-2081,-1233,-80,184,0.201112939453125,9.917980377197265,0.27293898925781246,30.409411764705883,-33883.96946564886,-2198.4732824427483,5056.488549618321
491063,0,0,0,4913123482,4894.925888,0.010005,376,16520,510,-2073,-1227,-86,183,0.22505495605468748,9.888052856445311,0.30526071166992186,30.43294117647059,-33719.08396946565,-2363.3587786259545,5029.007633587787
491064,0,0,0,4913133487,4894.935893,0.010005,372,16546,458,-2071,-1231,-85,183,0.22266075439453123,9.903615167236328,0.2741360900878906,30.438823529411767,-33829.00763358779,-2335.87786259542,5029.007633587787
491065,0,0,0,4913143493,4894.945899,0.010006,372,16578,480,-2070,-1232,-92,181,0.22266075439453123,9.922768780517577,0.28730419921875,30.441764705882356,-33856.48854961832,-2528.2442748091603,4974.045801526718
491066,0,0,0,4913153498,4894.955904,0.010005,342,16538,454,-2075,-1232,-88,180,0.20470424194335937,9.898826763916015,0.27174188842773433,30.427058823529414,-33856.48854961832,-2418.320610687023,4946.564885496184
491067,0,0,0,4913163503,4894.965909,0.010005,382,16538,514,-2073,-1231,-84,186,0.22864625854492185,9.898826763916015,0.3076549133300781,30.43294117647059,-33829.00763358779,-2308.3969465648856,5111.4503816793895
491068,0,0,0,4913173508,4894.975914,0.010005,362,16554,528,-2072,-1231,-84,187,0.2166752502441406,9.90840357055664,0.316034619140625,30.435882352941178,-33829.00763358779,-2308.3969465648856,5138.931297709924
491069,0,0,0,4913183513,4894.985919,0.010005,356,16540,430,-2079,-1228,-82,193,0.21308394775390624,9.900023864746093,0.25737667846679685,30.41529411764706,-33746.564885496184,-2253.4351145038167,5303.81679389313
491070,0,0,0,4913193519,4894.995925,0.010006,354,16550,462,-2075,-1226,-84,189,0.21188684692382811,9.906009368896484,0.2765302917480469,30.427058823529414,-33691.603053435116,-2308.3969465648856,5193.893129770992
491071,0,0,0,4913203524,4895.00593,0.010005,364,16556,536,-2074,-1235,-87,190,0.21787235107421873,9.909600671386718,0.32082302246093747,30.43,-33938.931297709925,-2390.8396946564885,5221.374045801527
491072,0,0,0,4913213529,4895.015935,0.010005,354,16544,438,-2078,-1235,-87,184,0.21188684692382811,9.90241806640625,0.26216508178710934,30.41823529411765,-33938.931297709925,-2390.8396946564885,5056.488549618321
491073,0,0,0,4913223534,4895.02594,0.010005,384,16548,504,-2079,-1233,-92,185,0.229843359375,9.904812268066406,0.3016694091796875,30.41529411764706,-33883.96946564886,-2528.2442748091603,5083.9694656488555
491074,0,0,0,4913233539,4895.035945,0.010005,360,16552,492,-2067,-1235,-87,188,0.2154781494140625,9.907206469726562,0.29448680419921874,30.45058823529412,-33938.931297709925,-2390.8396946564885,5166.412213740458
491075,0,0,0,4913243545,4895.045951,0.010006,362,16574,450,-2066,-1231,-87,189,0.2166752502441406,9.920374578857421,0.2693476867675781,30.453529411764706,-33829.00763358779,-2390.8396946564885,5193.893129770992
491076,0,0,0,4913253550,4895.055956,0.010005,374,16506,402,-2071,-1225,-84,192,0.22385785522460935,9.879673150634765,0.24061726684570311,30.438823529411767,-33664.122137404585,-2308.3969465648856,5276.335877862595
491077,0,0,0,4913263555,4895.065961,0.010005,362,16550,502,-2074,-1229,-85,189,0.2166752502441406,9.906009368896484,0.30047230834960936,30.43,-33774.04580152672,-2335.87786259542,5193.893129770992
491078,0,0,0,4913273560,4895.075966,0.010005,376,16560,498,-2078,-1231,-84,186,0.22505495605468748,9.911994873046874,0.2980781066894531,30.41823529411765,-33829.00763358779,-2308.3969465648856,5111.4503816793895
491079,0,0,0,4913283565,4895.085971,0.010005,366,16592,508,-2074,-1233,-86,181,0.21906945190429686,9.931148486328125,0.30406361083984373,30.43,-33883.96946564886,-2363.3587786259545,4974.045801526718
491080,0,0,0,4913293571,4895.095977,0.010006,382,16518,502,-2066,-1229,-88,188,0.22864625854492185,9.886855755615233,0.30047230834960936,30.453529411764706,-33774.04580152672,-2418.320610687023,5166.412213740458
491081,0,0,0,4913303576,4895.105982,0.010005,376,16566,456,-2070,-1229,-87,187,0.22505495605468748,9.91558617553711,0.27293898925781246,30.441764705882356,-33774.04580152672,-2390.8396946564885,5138.931297709924
491082,0,0,0,4913313581,4895.115987,0.010005,366,16572,416,-2078,-1227,-84,187,0.21906945190429686,9.919177478027343,0.24899697265624998,30.41823529411765,-33719.08396946565,-2308.3969465648856,5138.931297709924
491083,0,0,0,4913323586,4895.125992,0.010005,374,16534,422,-2076,-1227,-84,183,0.22385785522460935,9.896432562255859,0.25258827514648435,30.424117647058825,-33719.08396946565,-2308.3969465648856,5029.007633587787
491084,0,0,0,4913333591,4895.135997,0.010005,376,16562,394,-2082,-1228,-92,186,0.22505495605468748,9.913191973876952,0.23582886352539062,30.406470588235294,-33746.564885496184,-2528.2442748091603,5111.4503816793895
491085,0,0,0,4913343596,4895.146002,0.010005,352,16560,470,-2075,-1232,-90,183,0.21068974609375,9.911994873046874,0.2813186950683594,30.427058823529414,-33856.48854961832,-2473.282442748092,5029.007633587787
491086,0,0,0,4913353602,4895.156008,0.010006,376,16500,462,-2076,-1230,-88,184,0.22505495605468748,9.87608184814453,0.2765302917480469,30.424117647058825,-33801.52671755725,-2418.320610687023,5056.488549618321
491087,0,0,0,4913363607,4895.166013,0.010005,380,16560,470,-2074,-1231,-87,188,0.22744915771484372,9.911994873046874,0.2813186950683594,30.43,-33829.00763358779,-2390.8396946564885,5166.412213740458
491088,0,0,0,4913373612,4895.176018,0.010005,378,16552,440,-2071,-1225,-85,175,0.2262520568847656,9.907206469726562,0.26336218261718747,30.438823529411767,-33664.122137404585,-2335.87786259542,4809.160305343512
491089,0,0,0,4913383617,4895.186023,0.010005,364,16556,476,-2079,-1233,-76,180,0.21787235107421873,9.909600671386718,0.28490999755859375,30.41529411764706,-33883.96946564886,-2088.549618320611,4946.564885496184
491090,0,0,0,4913393622,4895.196028,0.010005,374,16516,460,-2075,-1234,-90,185,0.22385785522460935,9.885658654785155,0.2753331909179687,30.427058823529414,-33911.45038167939,-2473.282442748092,5083.9694656488555
491091,0,0,0,4913403628,4895.206034,0.010006,396,16548,526,-2078,-1232,-83,186,0.23702596435546874,9.904812268066406,0.31483751831054685,30.41823529411765,-33856.48854961832,-2280.916030534351,5111.4503816793895
491092,0,0,0,4913413633,4895.216039,0.010005,338,16532,422,-2074,-1235,-85,188,0.20231004028320312,9.89523546142578,0.25258827514648435,30.43,-33938.931297709925,-2335.87786259542,5166.412213740458
491093,0,0,0,4913423638,4895.226044,0.010005,342,16568,504,-2075,-1233,-84,191,0.20470424194335937,9.916783276367187,0.3016694091796875,30.427058823529414,-33883.96946564886,-2308.3969465648856,5248.854961832061
491094,0,0,0,4913433643,4895.236049,0.010005,392,16510,498,-2076,-1227,-92,185,0.2346317626953125,9.882067352294921,0.2980781066894531,30.424117647058825,-33719.08396946565,-2528.2442748091603,5083.9694656488555
491095,0,0,0,4913443648,4895.246054,0.010005,302,16552,436,-2082,-1223,-85,184,0.18076222534179687,9.907206469726562,0.2609679809570312,30.406470588235294,-33609.16030534351,-2335.87786259542,5056.488549618321
491096,0,0,0,4913453654,4895.25606,0.010006,392,16506,496,-2080,-1230,-88,184,0.2346317626953125,9.879673150634765,0.296881005859375,30.412352941176472,-33801.52671755725,-2418.320610687023,5056.488549618321
491097,0,0,0,4913463659,4895.266065,0.010005,418,16536,552,-2077,-1235,-85,187,0.2501940734863281,9.897629663085937,0.33039982910156246,30.421176470588236,-33938.931297709925,-2335.87786259542,5138.931297709924
491098,0,0,0,4913473664,4895.27607,0.010005,314,16526,518,-2073,-1233,-83,193,0.1879448303222656,9.891644158935547,0.31004911499023435,30.43294117647059,-33883.96946564886,-2280.916030534351,5303.81679389313
491099,0,0,0,4913483669,4895.286075,0.010005,416,16576,454,-2078,-1231,-87,185,0.24899697265624998,9.9215716796875,0.27174188842773433,30.41823529411765,-33829.00763358779,-2390.8396946564885,5083.9694656488555
491100,0,0,0,4913493674,4895.29608,0.010005,342,16510,482,-2074,-1232,-87,184,0.20470424194335937,9.882067352294921,0.2885013000488281,30.43,-33856.48854961832,-2390.8396946564885,5056.488549618321
491101,0,0,0,4913503680,4895.306086,0.010006,330,16564,468,-2075,-1228,-78,180,0.1975216369628906,9.91438907470703,0.28012159423828126,30.427058823529414,-33746.564885496184,-2143.5114503816794,4946.564885496184
491102,0,0,0,4913513685,4895.316091,0.010005,342,16564,540,-2078,-1230,-84,183,0.20470424194335937,9.91438907470703,0.3232172241210937,30.41823529411765,-33801.52671755725,-2308.3969465648856,5029.007633587787
491103,0,0,0,4913523690,4895.326096,0.010005,370,16542,422,-2079,-1229,-94,185,0.2214636535644531,9.90122096557617,0.25258827514648435,30.41529411764706,-33774.04580152672,-2583.206106870229,5083.9694656488555
491104,0,0,0,4913533695,4895.336101,0.010005,342,16562,434,-2078,-1225,-92,186,0.20470424194335937,9.913191973876952,0.2597708801269531,30.41823529411765,-33664.122137404585,-2528.2442748091603,5111.4503816793895
491105,0,0,0,4913543700,4895.346106,0.010005,394,16472,486,-2077,-1227,-91,185,0.23582886352539062,9.859322436523437,0.29089550170898437,30.421176470588236,-33719.08396946565,-2500.7633587786263,5083.9694656488555
491106,0,0,0,4913553706,4895.356112,0.010006,372,16548,494,-2074,-1232,-83,183,0.22266075439453123,9.904812268066406,0.29568390502929687,30.43,-33856.48854961832,-2280.916030534351,5029.007633587787
491107,0,0,0,4913563711,4895.366117,0.010005,388,16516,464,-2073,-1230,-82,186,0.23223756103515625,9.885658654785155,0.277727392578125,30.43294117647059,-33801.52671755725,-2253.4351145038167,5111.4503816793895
491108,0,0,0,4913573716,4895.376122,0.010005,398,16542,510,-2075,-1229,-81,180,0.23822306518554687,9.90122096557617,0.30526071166992186,30.427058823529414,-33774.04580152672,-2225.9541984732828,4946.564885496184
491109,0,0,0,4913583721,4895.386127,0.010005,360,16564,512,-2073,-1227,-79,189,0.2154781494140625,9.91438907470703,0.3064578125,30.43294117647059,-33719.08396946565,-2170.992366412214,5193.893129770992
491110,0,0,0,4913593726,4895.396132,0.010005,372,16480,474,-2079,-1228,-83,187,0.22266075439453123,9.86411083984375,0.28371289672851563,30.41529411764706,-33746.564885496184,-2280.916030534351,5138.931297709924
491111,0,0,0,4913603732,4895.406138,0.010006,334,16548,480,-2074,-1232,-92,180,0.19991583862304688,9.904812268066406,0.28730419921875,30.43,-33856.48854961832,-2528.2442748091603,4946.564885496184
491112,0,0,0,4913613737,4895.416143,0.010005,376,16526,454,-2075,-1227,-80,181,0.22505495605468748,9.891644158935547,0.27174188842773433,30.427058823529414,-33719.08396946565,-2198.4732824427483,4974.045801526718
491113,0,0,0,4913623742,4895.426148,0.010005,384,16532,452,-2073,-1233,-81,176,0.229843359375,9.89523546142578,0.2705447875976562,30.43294117647059,-33883.96946564886,-2225.9541984732828,4836.641221374046
491114,0,0,0,4913633747,4895.436153,0.010005,376,16570,490,-2077,-1231,-83,182,0.22505495605468748,9.917980377197265,0.2932897033691406,30.421176470588236,-33829.00763358779,-2280.916030534351,5001.526717557253
491115,0,0,0,4913643752,4895.446158,0.010005,336,16524,452,-2075,-1226,-79,186,0.201112939453125,9.890447058105469,0.2705447875976562,30.427058823529414,-33691.603053435116,-2170.992366412214,5111.4503816793895
491116,0,0,0,4913653758,4895.456164,0.010006,390,16550,460,-2074,-1225,-82,191,0.23343466186523437,9.906009368896484,0.2753331909179687,30.43,-33664.122137404585,-2253.4351145038167,5248.854961832061
491117,0,0,0,4913663763,4895.466169,0.010005,368,16578,448,-2076,-1229,-82,187,0.22026655273437498,9.922768780517577,0.26815058593749996,30.424117647058825,-33774.04580152672,-2253.4351145038167,5138.931297709924
491118,0,0,0,4913673768,4895.476174,0.010005,362,16548,444,-2077,-1230,-79,183,0.2166752502441406,9.904812268066406,0.2657563842773437,30.421176470588236,-33801.52671755725,-2170.992366412214,5029.007633587787
491119,0,0,0,4913683773,4895.486179,0.010005,408,16564,474,-2073,-1230,-87,182,0.2442085693359375,9.91438907470703,0.28371289672851563,30.43294117647059,-33801.52671755725,-2390.8396946564885,5001.526717557253
491120,0,0,0,4913693778,4895.496184,0.010005,380,16588,524,-2077,-1229,-93,189,0.22744915771484372,9.928754284667969,0.3136404174804687,30.421176470588236,-33774.04580152672,-2555.7251908396947,5193.893129770992
491121,0,0,0,4913703784,4895.50619,0.010006,376,16500,496,-2081,-1234,-89,187,0.22505495605468748,9.87608184814453,0.296881005859375,30.409411764705883,-33911.45038167939,-2445.8015267175574,5138.931297709924
491122,0,0,0,4913713789,4895.516195,0.010005,352,16540,530,-2075,-1233,-89,189,0.21068974609375,9.900023864746093,0.3172317199707031,30.427058823529414,-33883.96946564886,-2445.8015267175574,5193.893129770992
491123,0,0,0,4913723794,4895.5262,0.010005,366,16516,444,-2075,-1237,-82,185,0.21906945190429686,9.885658654785155,0.2657563842773437,30.427058823529414,-33993.89312977099,-2253.4351145038167,5083.9694656488555
491124,0,0,0,4913733799,4895.536205,0.010005,370,16526,480,-2076,-1229,-85,188,0.2214636535644531,9.891644158935547,0.28730419921875,30.424117647058825,-33774.04580152672,-2335.87786259542,5166.412213740458
491125,0,0,0,4913743804,4895.54621,0.010005,376,16564,528,-2068,-1233,-83,191,0.22505495605468748,9.91438907470703,0.316034619140625,30.44764705882353,-33883.96946564886,-2280.916030534351,5248.854961832061
491126,0,0,0,4913753810,4895.556216,0.010006,382,16572,430,-2068,-1235,-87,185,0.22864625854492185,9.919177478027343,0.25737667846679685,30.44764705882353,-33938.931297709925,-2390.8396946564885,5083.9694656488555
491127,0,0,0,4913763815,4895.566221,0.010005,348,16514,468,-2080,-1227,-86,187,0.20829554443359374,9.884461553955077,0.28012159423828126,30.412352941176472,-33719.08396946565,-2363.3587786259545,5138.931297709924
491128,0,0,0,4913773820,4895.576226,0.010005,362,16544,462,-2078,-1226,-86,185,0.2166752502441406,9.90241806640625,0.2765302917480469,30.41823529411765,-33691.603053435116,-2363.3587786259545,5083.9694656488555
491129,0,0,0,4913783825,4895.586231,0.010005,336,16582,470,-2067,-1229,-86,189,0.201112939453125,9.925162982177733,0.2813186950683594,30.45058823529412,-33774.04580152672,-2363.3587786259545,5193.893129770992
491130,0,0,0,4913793830,4895.596236,0.010005,374,16572,506,-2071,-1231,-90,185,0.22385785522460935,9.919177478027343,0.3028665100097656,30.438823529411767,-33829.00763358779,-2473.282442748092,5083.9694656488555
491131,0,0,0,4913803836,4895.606242,0.010006,360,16568,506,-2074,-1236,-88,184,0.2154781494140625,9.916783276367187,0.3028665100097656,30.43,-33966.41221374046,-2418.320610687023,5056.488549618321
491132,0,0,0,4913813841,4895.616247,0.010005,302,16526,448,-2078,-1228,-95,185,0.18076222534179687,9.891644158935547,0.26815058593749996,30.41823529411765,-33746.564885496184,-2610.6870229007636,5083.9694656488555
491133,0,0,0,4913823846,4895.626252,0.010005,348,16524,496,-2072,-1227,-91,178,0.20829554443359374,9.890447058105469,0.296881005859375,30.435882352941178,-33719.08396946565,-2500.7633587786263,4891.603053435115
491134,0,0,0,4913833851,4895.636257,0.010005,340,16566,496,-2077,-1232,-81,192,0.20350714111328125,9.91558617553711,0.296881005859375,30.421176470588236,-33856.48854961832,-2225.9541984732828,5276.335877862595
491135,0,0,0,4913843856,4895.646262,0.010005,386,16564,460,-2076,-1231,-88,185,0.23104046020507812,9.91438907470703,0.2753331909179687,30.424117647058825,-33829.00763358779,-2418.320610687023,5083.9694656488555
491136,0,0,0,4913853862,4895.656268,0.010006,370,16548,470,-2072,-1233,-78,184,0.2214636535644531,9.904812268066406,0.2813186950683594,30.435882352941178,-33883.96946564886,-2143.5114503816794,5056.488549618321
491137,0,0,0,4913863867,4895.666273,0.010005,354,16558,410,-2077,-1226,-80,185,0.21188684692382811,9.910797772216796,0.2454056701660156,30.421176470588236,-33691.603053435116,-2198.4732824427483,5083.9694656488555
491138,0,0,0,4913873872,4895.676278,0.010005,394,16510,428,-2067,-1231,-76,188,0.23582886352539062,9.882067352294921,0.2561795776367187,30.45058823529412,-33829.00763358779,-2088.549618320611,5166.412213740458
491139,0,0,0,4913883877,4895.686283,0.010005,346,16550,454,-2070,-1226,-85,178,0.20709844360351562,9.906009368896484,0.27174188842773433,30.441764705882356,-33691.603053435116,-2335.87786259542,4891.603053435115
491140,0,0,0,4913893882,4895.696288,0.010005,368,16552,472,-2072,-1231,-89,186,0.22026655273437498,9.907206469726562,0.2825157958984375,30.435882352941178,-33829.00763358779,-2445.8015267175574,5111.4503816793895
491141,0,0,0,4913903888,4895.706294,0.010006,382,16534,498,-2075,-1239,-89,186,0.22864625854492185,9.896432562255859,0.2980781066894531,30.427058823529414,-34048.85496183206,-2445.8015267175574,5111.4503816793895
491142,0,0,0,4913913893,4895.716299,0.010005,404,16584,404,-2073,-1231,-80,183,0.24181436767578124,9.926360083007811,0.24181436767578124,30.43294117647059,-33829.00763358779,-2198.4732824427483,5029.007633587787
491143,0,0,0,4913923898,4895.726304,0.010005,368,16520,414,-2080,-1224,-81,182,0.22026655273437498,9.888052856445311,0.24779987182617186,30.412352941176472,-33636.64122137405,-2225.9541984732828,5001.526717557253
491144,0,0,0,4913933903,4895.736309,0.010005,324,16510,494,-2074,-1227,-89,187,0.19393033447265623,9.882067352294921,0.29568390502929687,30.43,-33719.08396946565,-2445.8015267175574,5138.931297709924
491145,0,0,0,4913943908,4895.746314,0.010005,362,16554,448,-2079,-1228,-87,190,0.2166752502441406,9.90840357055664,0.26815058593749996,30.41529411764706,-33746.564885496184,-2390.8396946564885,5221.374045801527
491146,0,0,0,4913953914,4895.75632,0.010006,378,16550,506,-2080,-1231,-83,186,0.2262520568847656,9.906009368896484,0.3028665100097656,30.412352941176472,-33829.00763358779,-2280.916030534351,5111.4503816793895
491147,0,0,0,4913963919,4895.766325,0.010005,386,16548,394,-2076,-1229,-79,183,0.23104046020507812,9.904812268066406,0.23582886352539062,30.424117647058825,-33774.04580152672,-2170.992366412214,5029.007633587787
491148,0,0,0,4913973924,4895.77633,0.010005,362,16550,416,-2078,-1232,-82,186,0.2166752502441406,9.906009368896484,0.24899697265624998,30.41823529411765,-33856.48854961832,-2253.4351145038167,5111.4503816793895
491149,0,0,0,4913983929,4895.786335,0.010005,320,16554,430,-2074,-1230,-87,189,0.19153613281249998,9.90840357055664,0.25737667846679685,30.43,-33801.52671755725,-2390.8396946564885,5193.893129770992
491150,0,0,0,4913993934,4895.79634,0.010005,346,16534,456,-2074,-1226,-86,186,0.20709844360351562,9.896432562255859,0.27293898925781246,30.43,-33691.603053435116,-2363.3587786259545,5111.4503816793895
491151,0,0,0,4914003939,4895.806345,0.010005,360,16526,498,-2072,-1232,-89,180,0.2154781494140625,9.891644158935547,0.2980781066894531,30.435882352941178,-33856.48854961832,-2445.8015267175574,4946.564885496184
491152,0,0,0,4914013945,4895.816351,0.010006,376,16548,462,-2079,-1231,-88,189,0.22505495605468748,9.904812268066406,0.2765302917480469,30.41529411764706,-33829.00763358779,-2418.320610687023,5193.893129770992
491153,0,0,0,4914023950,4895.826356,0.010005,330,16540,528,-2070,-1230,-85,190,0.1975216369628906,9.900023864746093,0.316034619140625,30.441764705882356,-33801.52671755725,-2335.87786259542,5221.374045801527
491154,0,0,0,4914033955,4895.836361,0.010005,374,16526,498,-2071,-1230,-84,188,0.22385785522460935,9.891644158935547,0.2980781066894531,30.438823529411767,-33801.52671755725,-2308.3969465648856,5166.412213740458
491155,0,0,0,4914043960,4895.846366,0.010005,358,16514,496,-2074,-1226,-86,184,0.21428104858398436,9.884461553955077,0.296881005859375,30.43,-33691.603053435116,-2363.3587786259545,5056.488549618321
491156,0,0,0,4914053965,4895.856371,0.010005,368,16556,436,-2077,-1230,-89,182,0.22026655273437498,9.909600671386718,0.2609679809570312,30.421176470588236,-33801.52671755725,-2445.8015267175574,5001.526717557253
491157,0,0,0,4914063971,4895.866377,0.010006,418,16566,442,-2076,-1228,-84,186,0.2501940734863281,9.91558617553711,0.2645592834472656,30.424117647058825,-33746.564885496184,-2308.3969465648856,5111.4503816793895
491158,0,0,0,4914073976,4895.876382,0.010005,338,16564,462,-2074,-1229,-86,174,0.20231004028320312,9.91438907470703,0.2765302917480469,30.43,-33774.04580152672,-2363.3587786259545,4781.679389312977
491159,0,0,0,4914083981,4895.886387,0.010005,396,16588,496,-2069,-1230,-84,190,0.23702596435546874,9.928754284667969,0.296881005859375,30.44470588235294,-33801.52671755725,-2308.3969465648856,5221.374045801527
491160,0,0,0,4914093986,4895.896392,0.010005,342,16530,448,-2073,-1226,-88,189,0.20470424194335937,9.894038360595703,0.26815058593749996,30.43294117647059,-33691.603053435116,-2418.320610687023,5193.893129770992
491161,0,0,0,4914103991,4895.906397,0.010005,358,16560,474,-2077,-1226,-85,181,0.21428104858398436,9.911994873046874,0.28371289672851563,30.421176470588236,-33691.603053435116,-2335.87786259542,4974.045801526718
491162,0,0,0,4914113997,4895.916403,0.010006,388,16560,408,-2076,-1239,-89,186,0.23223756103515625,9.911994873046874,0.2442085693359375,30.424117647058825,-34048.85496183206,-2445.8015267175574,5111.4503816793895
491163,0,0,0,4914124002,4895.926408,0.010005,362,16552,476,-2074,-1238,-84,185,0.2166752502441406,9.907206469726562,0.28490999755859375,30.43,-34021.37404580153,-2308.3969465648856,5083.9694656488555
491164,0,0,0,4914134007,4895.936413,0.010005,362,16592,514,-2071,-1231,-86,183,0.2166752502441406,9.931148486328125,0.3076549133300781,30.438823529411767,-33829.00763358779,-2363.3587786259545,5029.007633587787
491165,0,0,0,4914144012,4895.946418,0.010005,376,16544,468,-2072,-1236,-82,183,0.22505495605468748,9.90241806640625,0.28012159423828126,30.435882352941178,-33966.41221374046,-2253.4351145038167,5029.007633587787
491166,0,0,0,4914154017,4895.956423,0.010005,436,16534,540,-2074,-1231,-86,189,0.2609679809570312,9.896432562255859,0.3232172241210937,30.43,-33829.00763358779,-2363.3587786259545,5193.893129770992
491167,0,0,0,4914164023,4895.966429,0.010006,390,16508,482,-2079,-1236,-85,189,0.23343466186523437,9.880870251464843,0.2885013000488281,30.41529411764706,-33966.41221374046,-2335.87786259542,5193.893129770992
491168,0,0,0,4914174028,4895.976434,0.010005,406,16532,470,-2076,-1227,-86,191,0.24301146850585936,9.89523546142578,0.2813186950683594,30.424117647058825,-33719.08396946565,-2363.3587786259545,5248.854961832061
491169,0,0,0,4914184033,4895.986439,0.010005,394,16580,448,-2078,-1226,-84,190,0.23582886352539062,9.923965881347655,0.26815058593749996,30.41823529411765,-33691.603053435116,-2308.3969465648856,5221.374045801527
491170,0,0,0,4914194038,4895.996444,0.010005,350,16586,422,-2081,-1234,-91,185,0.20949264526367187,9.92755718383789,0.25258827514648435,30.409411764705883,-33911.45038167939,-2500.7633587786263,5083.9694656488555
491171,0,0,0,4914204043,4896.006449,0.010005,370,16544,464,-2079,-1237,-88,193,0.2214636535644531,9.90241806640625,0.277727392578125,30.41529411764706,-33993.89312977099,-2418.320610687023,5303.81679389313
491172,0,0,0,4914214049,4896.016455,0.010006,358,16520,460,-2079,-1229,-86,184,0.21428104858398436,9.888052856445311,0.2753331909179687,30.41529411764706,-33774.04580152672,-2363.3587786259545,5056.488549618321
491173,0,0,0,4914224054,4896.02646,0.010005,370,16548,464,-2081,-1229,-86,193,0.2214636535644531,9.904812268066406,0.277727392578125,30.409411764705883,-33774.04580152672,-2363.3587786259545,5303.81679389313
491174,0,0,0,4914234059,4896.036465,0.010005,364,16554,414,-2077,-1226,-78,187,0.21787235107421873,9.90840357055664,0.24779987182617186,30.421176470588236,-33691.603053435116,-2143.5114503816794,5138.931297709924
491175,0,0,0,4914244064,4896.04647,0.010005,376,16546,532,-2077,-1235,-82,183,0.22505495605468748,9.903615167236328,0.3184288208007812,30.421176470588236,-33938.931297709925,-2253.4351145038167,5029.007633587787
491176,0,0,0,4914254069,4896.056475,0.010005,370,16562,516,-2075,-1239,-85,188,0.2214636535644531,9.913191973876952,0.30885201416015623,30.427058823529414,-34048.85496183206,-2335.87786259542,5166.412213740458
491177,0,0,0,4914264075,4896.066481,0.010006,374,16554,422,-2074,-1227,-91,183,0.22385785522460935,9.90840357055664,0.25258827514648435,30.43,-33719.08396946565,-2500.7633587786263,5029.007633587787
491178,0,0,0,4914274080,4896.076486,0.010005,382,16562,418,-2072,-1228,-87,190,0.22864625854492185,9.913191973876952,0.2501940734863281,30.435882352941178,-33746.564885496184,-2390.8396946564885,5221.374045801527
491179,0,0,0,4914284085,4896.086491,0.010005,368,16554,472,-2073,-1231,-92,190,0.22026655273437498,9.90840357055664,0.2825157958984375,30.43294117647059,-33829.00763358779,-2528.2442748091603,5221.374045801527
491180,0,0,0,4914294090,4896.096496,0.010005,374,16546,430,-2075,-1232,-93,183,0.22385785522460935,9.903615167236328,0.25737667846679685,30.427058823529414,-33856.48854961832,-2555.7251908396947,5029.007633587787
491181,0,0,0,4914304095,4896.106501,0.010005,402,16556,460,-2078,-1229,-85,181,0.24061726684570311,9.909600671386718,0.2753331909179687,30.41823529411765,-33774.04580152672,-2335.87786259542,4974.045801526718
491182,0,0,0,4914314101,4896.116507,0.010006,348,16548,446,-2072,-1230,-82,183,0.20829554443359374,9.904812268066406,0.26695348510742184,30.435882352941178,-33801.52671755725,-2253.4351145038167,5029.007633587787
491183,0,0,0,4914324106,4896.126512,0.010005,388,16516,436,-2075,-1233,-88,181,0.23223756103515625,9.885658654785155,0.2609679809570312,30.427058823529414,-33883.96946564886,-2418.320610687023,4974.045801526718
491184,0,0,0,4914334111,4896.136517,0.010005,372,16538,426,-2076,-1230,-95,180,0.22266075439453123,9.898826763916015,0.2549824768066406,30.424117647058825,-33801.52671755725,-2610.6870229007636,4946.564885496184
491185,0,0,0,4914344116,4896.146522,0.010005,378,16556,504,-2077,-1235,-87,190,0.2262520568847656,9.909600671386718,0.3016694091796875,30.421176470588236,-33938.931297709925,-2390.8396946564885,5221.374045801527
491186,0,0,0,4914354121,4896.156527,0.010005,340,16518,432,-2074,-1227,-87,181,0.20350714111328125,9.886855755615233,0.258573779296875,30.43,-33719.08396946565,-2390.8396946564885,4974.045801526718
491187,0,0,0,4914364127,4896.166533,0.010006,370,16558,474,-2073,-1223,-77,184,0.2214636535644531,9.910797772216796,0.28371289672851563,30.43294117647059,-33609.16030534351,-2116.030534351145,5056.488549618321
491188,0,0,0,4914374132,4896.176538,0.010005,336,16540,498,-2077,-1226,-86,192,0.201112939453125,9.900023864746093,0.2980781066894531,30.421176470588236,-33691.603053435116,-2363.3587786259545,5276.335877862595
491189,0,0,0,4914384137,4896.186543,0.010005,356,16552,518,-2080,-1233,-86,189,0.21308394775390624,9.907206469726562,0.31004911499023435,30.412352941176472,-33883.96946564886,-2363.3587786259545,5193.893129770992
491190,0,0,0,4914394142,4896.196548,0.010005,358,16558,468,-2077,-1226,-91,183,0.21428104858398436,9.910797772216796,0.28012159423828126,30.421176470588236,-33691.603053435116,-2500.7633587786263,5029.007633587787
491191,0,0,0,4914404147,4896.206553,0.010005,392,16574,442,-2077,-1229,-86,182,0.2346317626953125,9.920374578857421,0.2645592834472656,30.421176470588236,-33774.04580152672,-2363.3587786259545,5001.526717557253
491192,0,0,0,4914414153,4896.216559,0.010006,346,16604,502,-2079,-1231,-87,192,0.20709844360351562,9.938331091308592,0.30047230834960936,30.41529411764706,-33829.00763358779,-2390.8396946564885,5276.335877862595
491193,0,0,0,4914424158,4896.226564,0.010005,354,16564,482,-2075,-1232,-88,186,0.21188684692382811,9.91438907470703,0.2885013000488281,30.427058823529414,-33856.48854961832,-2418.320610687023,5111.4503816793895
491194,0,0,0,4914434163,4896.236569,0.010005,364,16584,474,-2079,-1232,-88,192,0.21787235107421873,9.926360083007811,0.28371289672851563,30.41529411764706,-33856.48854961832,-2418.320610687023,5276.335877862595
491195,0,0,0,4914444168,4896.246574,0.010005,384,16554,542,-2078,-1228,-74,191,0.229843359375,9.90840357055664,0.32441432495117184,30.41823529411765,-33746.564885496184,-2033.587786259542,5248.854961832061
491196,0,0,0,4914454173,4896.256579,0.010005,340,16540,454,-2075,-1232,-83,188,0.20350714111328125,9.900023864746093,0.27174188842773433,30.427058823529414,-33856.48854961832,-2280.916030534351,5166.412213740458
491197,0,0,0,4914464179,4896.266585,0.010006,370,16552,454,-2073,-1232,-83,181,0.2214636535644531,9.907206469726562,0.27174188842773433,30.43294117647059,-33856.48854961832,-2280.916030534351,4974.045801526718
491198,0,0,0,4914474184,4896.27659,0.010005,398,16536,472,-2080,-1231,-84,187,0.23822306518554687,9.897629663085937,0.2825157958984375,30.412352941176472,-33829.00763358779,-2308.3969465648856,5138.931297709924
491199,0,0,0,4914484189,4896.286595,0.010005,350,16566,434,-2072,-1230,-82,192,0.20949264526367187,9.91558617553711,0.2597708801269531,30.435882352941178,-33801.52671755725,-2253.4351145038167,5276.335877862595
491200,0,0,0,4914494194,4896.2966,0.010005,380,16528,452,-2073,-1231,-84,190,0.22744915771484372,9.892841259765625,0.2705447875976562,30.43294117647059,-33829.00763358779,-2308.3969465648856,5221.374045801527
491201,0,0,0,4914504199,4896.306605,0.010005,436,16556,434,-2076,-1237,-89,192,0.2609679809570312,9.909600671386718,0.2597708801269531,30.424117647058825,-33993.89312977099,-2445.8015267175574,5276.335877862595
491202,0,0,0,4914514205,4896.316611,0.010006,430,16540,486,-2080,-1236,-85,188,0.25737667846679685,9.900023864746093,0.29089550170898437,30.412352941176472,-33966.41221374046,-2335.87786259542,5166.412213740458
491203,0,0,0,4914524210,4896.326616,0.010005,352,16572,420,-2076,-1231,-87,184,0.21068974609375,9.919177478027343,0.25139117431640623,30.424117647058825,-33829.00763358779,-2390.8396946564885,5056.488549618321
491204,0,0,0,4914534215,4896.336621,0.010005,380,16568,438,-2082,-1223,-90,175,0.22744915771484372,9.916783276367187,0.26216508178710934,30.406470588235294,-33609.16030534351,-2473.282442748092,4809.160305343512
491205,0,0,0,4914544220,4896.346626,0.010005,372,16566,468,-2078,-1234,-86,184,0.22266075439453123,9.91558617553711,0.28012159423828126,30.41823529411765,-33911.45038167939,-2363.3587786259545,5056.488549618321
491206,0,0,0,4914554225,4896.356631,0.010005,374,16568,420,-2074,-1235,-92,181,0.22385785522460935,9.916783276367187,0.25139117431640623,30.43,-33938.931297709925,-2528.2442748091603,4974.045801526718
491207,0,0,0,4914564231,4896.366637,0.010006,344,16556,556,-2076,-1241,-89,189,0.2059013427734375,9.909600671386718,0.3327940307617187,30.424117647058825,-34103.81679389313,-2445.8015267175574,5193.893129770992
491208,0,0,0,4914574236,4896.376642,0.010005,364,16548,438,-2074,-1239,-83,182,0.21787235107421873,9.904812268066406,0.26216508178710934,30.43,-34048.85496183206,-2280.916030534351,5001.526717557253
491209,0,0,0,4914584241,4896.386647,0.010005,370,16546,508,-2072,-1229,-81,184,0.2214636535644531,9.903615167236328,0.30406361083984373,30.435882352941178,-33774.04580152672,-2225.9541984732828,5056.488549618321
491210,0,0,0,4914594246,4896.396652,0.010005,390,16542,490,-2069,-1231,-82,192,0.23343466186523437,9.90122096557617,0.2932897033691406,30.44470588235294,-33829.00763358779,-2253.4351145038167,5276.335877862595
491211,0,0,0,4914604251,4896.406657,0.010005,372,16520,400,-2070,-1231,-88,193,0.22266075439453123,9.888052856445311,0.239420166015625,30.441764705882356,-33829.00763358779,-2418.320610687023,5303.81679389313
491212,0,0,0,4914614257,4896.416663,0.010006,376,16526,408,-2074,-1233,-89,190,0.22505495605468748,9.891644158935547,0.2442085693359375,30.43,-33883.96946564886,-2445.8015267175574,5221.374045801527
491213,0,0,0,4914624262,4896.426668,0.010005,352,16574,490,-2079,-1231,-88,188,0.21068974609375,9.920374578857421,0.2932897033691406,30.41529411764706,-33829.00763358779,-2418.320610687023,5166.412213740458
491214,0,0,0,4914634267,4896.436673,0.010005,344,16542,462,-2074,-1234,-83,189,0.2059013427734375,9.90122096557617,0.2765302917480469,30.43,-33911.45038167939,-2280.916030534351,5193.893129770992
491215,0,0,0,4914644272,4896.446678,0.010005,336,16540,438,-2070,-1228,-89,186,0.201112939453125,9.900023864746093,0.26216508178710934,30.441764705882356,-33746.564885496184,-2445.8015267175574,5111.4503816793895
491216,0,0,0,4914654277,4896.456683,0.010005,406,16524,526,-2079,-1228,-91,184,0.24301146850585936,9.890447058105469,0.31483751831054685,30.41529411764706,-33746.564885496184,-2500.7633587786263,5056.488549618321
491217,0,0,0,4914664283,4896.466689,0.010006,358,16524,502,-2073,-1225,-87,176,0.21428104858398436,9.890447058105469,0.30047230834960936,30.43294117647059,-33664.122137404585,-2390.8396946564885,4836.641221374046
491218,0,0,0,4914674288,4896.476694,0.010005,350,16540,430,-2079,-1229,-83,186,0.20949264526367187,9.900023864746093,0.25737667846679685,30.41529411764706,-33774.04580152672,-2280.916030534351,5111.4503816793895
491219,0,0,0,4914684293,4896.486699,0.010005,388,16596,448,-2078,-1234,-84,184,0.23223756103515625,9.93354268798828,0.26815058593749996,30.41823529411765,-33911.45038167939,-2308.3969465648856,5056.488549618321
491220,0,0,0,4914694298,4896.496704,0.010005,380,16562,502,-2080,-1232,-88,182,0.22744915771484372,9.913191973876952,0.30047230834960936,30.412352941176472,-33856.48854961832,-2418.320610687023,5001.526717557253
491221,0,0,0,4914704303,4896.506709,0.010005,330,16520,490,-2075,-1229,-86,185,0.1975216369628906,9.888052856445311,0.2932897033691406,30.427058823529414,-33774.04580152672,-2363.3587786259545,5083.9694656488555
491222,0,0,0,4914714309,4896.516715,0.010006,346,16530,504,-2077,-1225,-90,185,0.20709844360351562,9.894038360595703,0.3016694091796875,30.421176470588236,-33664.122137404585,-2473.282442748092,5083.9694656488555
491223,0,0,0,4914724314,4896.52672,0.010005,366,16552,490,-2074,-1228,-81,188,0.21906945190429686,9.907206469726562,0.2932897033691406,30.43,-33746.564885496184,-2225.9541984732828,5166.412213740458
491224,0,0,0,4914734319,4896.536725,0.010005,380,16566,472,-2073,-1227,-84,176,0.22744915771484372,9.91558617553711,0.2825157958984375,30.43294117647059,-33719.08396946565,-2308.3969465648856,4836.641221374046
491225,0,0,0,4914744324,4896.54673,0.010005,358,16544,472,-2075,-1231,-91,172,0.21428104858398436,9.90241806640625,0.2825157958984375,30.427058823529414,-33829.00763358779,-2500.7633587786263,4726.717557251909
491226,0,0,0,4914754329,4896.556735,0.010005,368,16536,454,-2080,-1230,-85,186,0.22026655273437498,9.897629663085937,0.27174188842773433,30.412352941176472,-33801.52671755725,-2335.87786259542,5111.4503816793895
491227,0,0,0,4914764335,4896.566741,0.010006,344,16564,444,-2082,-1234,-86,186,0.2059013427734375,9.91438907470703,0.2657563842773437,30.406470588235294,-33911.45038167939,-2363.3587786259545,5111.4503816793895
491228,0,0,0,4914774340,4896.576746,0.010005,356,16546,496,-2080,-1231,-86,186,0.21308394775390624,9.903615167236328,0.296881005859375,30.412352941176472,-33829.00763358779,-2363.3587786259545,5111.4503816793895
491229,0,0,0,4914784345,4896.586751,0.010005,394,16518,468,-2078,-1228,-89,192,0.23582886352539062,9.886855755615233,0.28012159423828126,30.41823529411765,-33746.564885496184,-2445.8015267175574,5276.335877862595
491230,0,0,0,4914794350,4896.596756,0.010005,366,16548,446,-2075,-1235,-91,179,0.21906945190429686,9.904812268066406,0.26695348510742184,30.427058823529414,-33938.931297709925,-2500.7633587786263,4919.083969465649
491231,0,0,0,4914804355,4896.606761,0.010005,348,16546,448,-2076,-1230,-90,188,0.20829554443359374,9.903615167236328,0.26815058593749996,30.424117647058825,-33801.52671755725,-2473.282442748092,5166.412213740458
491232,0,0,0,4914814361,4896.616767,0.010006,368,16558,478,-2076,-1233,-87,180,0.22026655273437498,9.910797772216796,0.2861070983886719,30.424117647058825,-33883.96946564886,-2390.8396946564885,4946.564885496184
491233,0,0,0,4914824366,4896.626772,0.010005,380,16518,470,-2075,-1234,-87,186,0.22744915771484372,9.886855755615233,0.2813186950683594,30.427058823529414,-33911.45038167939,-2390.8396946564885,5111.4503816793895
491234,0,0,0,4914834371,4896.636777,0.010005,352,16520,500,-2068,-1235,-90,183,0.21068974609375,9.888052856445311,0.29927520751953124,30.44764705882353,-33938.931297709925,-2473.282442748092,5029.007633587787
491235,0,0,0,4914844376,4896.646782,0.010005,370,16544,450,-2069,-1236,-90,185,0.2214636535644531,9.90241806640625,0.2693476867675781,30.44470588235294,-33966.41221374046,-2473.282442748092,5083.9694656488555
491236,0,0,0,4914854381,4896.656787,0.010005,398,16530,430,-2073,-1231,-80,184,0.23822306518554687,9.894038360595703,0.25737667846679685,30.43294117647059,-33829.00763358779,-2198.4732824427483,5056.488549618321
491237,0,0,0,4914864387,4896.666793,0.010006,374,16512,410,-2076,-1227,-86,192,0.22385785522460935,9.883264453125,0.2454056701660156,30.424117647058825,-33719.08396946565,-2363.3587786259545,5276.335877862595
491238,0,0,0,4914874392,4896.676798,0.010005,376,16544,434,-2075,-1229,-78,184,0.22505495605468748,9.90241806640625,0.2597708801269531,30.427058823529414,-33774.04580152672,-2143.5114503816794,5056.488549618321
491239,0,0,0,4914884397,4896.686803,0.010005,350,16546,462,-2073,-1232,-82,187,0.20949264526367187,9.903615167236328,0.2765302917480469,30.43294117647059,-33856.48854961832,-2253.4351145038167,5138.931297709924
491240,0,0,0,4914894402,4896.696808,0.010005,366,16564,434,-2079,-1228,-80,186,0.21906945190429686,9.91438907470703,0.2597708801269531,30.41529411764706,-33746.564885496184,-2198.4732824427483,5111.4503816793895
491241,0,0,0,4914904407,4896.706813,0.010005,410,16548,484,-2076,-1226,-84,187,0.2454056701660156,9.904812268066406,0.28969840087890625,30.424117647058825,-33691.603053435116,-2308.3969465648856,5138.931297709924
491242,0,0,0,4914914413,4896.716819,0.010006,372,16518,446,-2076,-1232,-87,189,0.22266075439453123,9.886855755615233,0.26695348510742184,30.424117647058825,-33856.48854961832,-2390.8396946564885,5193.893129770992
491243,0,0,0,4914924418,4896.726824,0.010005,406,16586,502,-2079,-1232,-87,189,0.24301146850585936,9.92755718383789,0.30047230834960936,30.41529411764706,-33856.48854961832,-2390.8396946564885,5193.893129770992
491244,0,0,0,4914934423,4896.736829,0.010005,392,16532,468,-2080,-1226,-86,181,0.2346317626953125,9.89523546142578,0.28012159423828126,30.412352941176472,-33691.603053435116,-2363.3587786259545,4974.045801526718
491245,0,0,0,4914944428,4896.746834,0.010005,364,16540,424,-2075,-1237,-94,192,0.21787235107421873,9.900023864746093,0.2537853759765625,30.427058823529414,-33993.89312977099,-2583.206106870229,5276.335877862595
491246,0,0,0,4914954433,4896.756839,0.010005,390,16512,522,-2077,-1233,-91,184,0.23343466186523437,9.883264453125,0.3124433166503906,30.421176470588236,-33883.96946564886,-2500.7633587786263,5056.488549618321
491247,0,0,0,4914964439,4896.766845,0.010006,372,16542,430,-2070,-1224,-84,187,0.22266075439453123,9.90122096557617,0.25737667846679685,30.441764705882356,-33636.64122137405,-2308.3969465648856,5138.931297709924
491248,0,0,0,4914974444,4896.77685,0.010005,358,16546,518,-2074,-1225,-87,194,0.21428104858398436,9.903615167236328,0.31004911499023435,30.43,-33664.122137404585,-2390.8396946564885,5331.297709923664
491249,0,0,0,4914984449,4896.786855,0.010005,362,16580,468,-2077,-1231,-87,187,0.2166752502441406,9.923965881347655,0.28012159423828126,30.421176470588236,-33829.00763358779,-2390.8396946564885,5138.931297709924
491250,0,0,0,4914994454,4896.79686,0.010005,376,16534,460,-2079,-1226,-85,190,0.22505495605468748,9.896432562255859,0.2753331909179687,30.41529411764706,-33691.603053435116,-2335.87786259542,5221.374045801527
491251,0,0,0,4915004459,4896.806865,0.010005,344,16584,450,-2081,-1226,-85,182,0.2059013427734375,9.926360083007811,0.2693476867675781,30.409411764705883,-33691.603053435116,-2335.87786259542,5001.526717557253
491252,0,0,0,4915014465,4896.816871,0.010006,356,16544,484,-2071,-1228,-84,186,0.21308394775390624,9.90241806640625,0.28969840087890625,30.438823529411767,-33746.564885496184,-2308.3969465648856,5111.4503816793895
491253,0,0,0,4915024470,4896.826876,0.010005,350,16504,506,-2073,-1233,-87,180,0.20949264526367187,9.878476049804688,0.3028665100097656,30.43294117647059,-33883.96946564886,-2390.8396946564885,4946.564885496184
491254,0,0,0,4915034475,4896.836881,0.010005,400,16534,474,-2074,-1228,-81,186,0.239420166015625,9.896432562255859,0.28371289672851563,30.43,-33746.564885496184,-2225.9541984732828,5111.4503816793895
491255,0,0,0,4915044480,4896.846886,0.010005,396,16520,546,-2075,-1234,-80,194,0.23702596435546874,9.888052856445311,0.3268085266113281,30.427058823529414,-33911.45038167939,-2198.4732824427483,5331.297709923664
491256,0,0,0,4915054485,4896.856891,0.010005,384,16516,512,-2070,-1234,-88,187,0.229843359375,9.885658654785155,0.3064578125,30.441764705882356,-33911.45038167939,-2418.320610687023,5138.931297709924
491257,0,0,0,4915064490,4896.866896,0.010005,392,16516,520,-2070,-1233,-85,183,0.2346317626953125,9.885658654785155,0.3112462158203125,30.441764705882356,-33883.96946564886,-2335.87786259542,5029.007633587787
491258,0,0,0,4915074496,4896.876902,0.010006,366,16538,502,-2075,-1233,-88,189,0.21906945190429686,9.898826763916015,0.30047230834960936,30.427058823529414,-33883.96946564886,-2418.320610687023,5193.893129770992
491259,0,0,0,4915084501,4896.886907,0.010005,396,16552,508,-2074,-1226,-87,188,0.23702596435546874,9.907206469726562,0.30406361083984373,30.43,-33691.603053435116,-2390.8396946564885,5166.412213740458
491260,0,0,0,4915094506,4896.896912,0.010005,358,16530,412,-2073,-1230,-87,189,0.21428104858398436,9.894038360595703,0.24660277099609373,30.43294117647059,-33801.52671755725,-2390.8396946564885,5193.893129770992
491261,0,0,0,4915104511,4896.906917,0.010005,374,16564,448,-2079,-1238,-91,187,0.22385785522460935,9.91438907470703,0.26815058593749996,30.41529411764706,-34021.37404580153,-2500.7633587786263,5138.931297709924
491262,0,0,0,4915114516,4896.916922,0.010005,366,16530,534,-2074,-1232,-92,189,0.21906945190429686,9.894038360595703,0.31962592163085934,30.43,-33856.48854961832,-2528.2442748091603,5193.893129770992
491263,0,0,0,4915124522,4896.926928,0.010006,388,16538,468,-2080,-1225,-85,187,0.23223756103515625,9.898826763916015,0.28012159423828126,30.412352941176472,-33664.122137404585,-2335.87786259542,5138.931297709924
491264,0,0,0,4915134527,4896.936933,0.010005,348,16540,566,-2079,-1231,-86,185,0.20829554443359374,9.900023864746093,0.3387795349121094,30.41529411764706,-33829.00763358779,-2363.3587786259545,5083.9694656488555
491265,0,0,0,4915144532,4896.946938,0.010005,370,16524,454,-2080,-1230,-88,179,0.2214636535644531,9.890447058105469,0.27174188842773433,30.412352941176472,-33801.52671755725,-2418.320610687023,4919.083969465649
491266,0,0,0,4915154537,4896.956943,0.010005,370,16530,522,-2075,-1230,-83,180,0.2214636535644531,9.894038360595703,0.3124433166503906,30.427058823529414,-33801.52671755725,-2280.916030534351,4946.564885496184
491267,0,0,0,4915164542,4896.966948,0.010005,372,16558,442,-2076,-1231,-85,190,0.22266075439453123,9.910797772216796,0.2645592834472656,30.424117647058825,-33829.00763358779,-2335.87786259542,5221.374045801527
491268,0,0,0,4915174548,4896.976954,0.010006,342,16554,422,-2075,-1229,-90,196,0.20470424194335937,9.90840357055664,0.25258827514648435,30.427058823529414,-33774.04580152672,-2473.282442748092,5386.259541984733
491269,0,0,0,4915184553,4896.986959,0.010005,356,16540,460,-2073,-1226,-91,191,0.21308394775390624,9.900023864746093,0.2753331909179687,30.43294117647059,-33691.603053435116,-2500.7633587786263,5248.854961832061
491270,0,0,0,4915194558,4896.996964,0.010005,384,16574,554,-2074,-1230,-86,189,0.229843359375,9.920374578857421,0.3315969299316406,30.43,-33801.52671755725,-2363.3587786259545,5193.893129770992
491271,0,0,0,4915204563,4897.006969,0.010005,322,16538,466,-2072,-1238,-78,187,0.1927332336425781,9.898826763916015,0.27892449340820313,30.435882352941178,-34021.37404580153,-2143.5114503816794,5138.931297709924
491272,0,0,0,4915214568,4897.016974,0.010005,354,16538,414,-2063,-1234,-86,185,0.21188684692382811,9.898826763916015,0.24779987182617186,30.462352941176473,-33911.45038167939,-2363.3587786259545,5083.9694656488555
491273,0,0,0,4915224574,4897.02698,0.010006,376,16584,426,-2067,-1231,-84,194,0.22505495605468748,9.926360083007811,0.2549824768066406,30.45058823529412,-33829.00763358779,-2308.3969465648856,5331.297709923664
491274,0,0,0,4915234579,4897.036985,0.010005,376,16556,464,-2069,-1237,-84,191,0.22505495605468748,9.909600671386718,0.277727392578125,30.44470588235294,-33993.89312977099,-2308.3969465648856,5248.854961832061
491275,0,0,0,4915244584,4897.04699,0.010005,334,16554,462,-2075,-1230,-76,182,0.19991583862304688,9.90840357055664,0.2765302917480469,30.427058823529414,-33801.52671755725,-2088.549618320611,5001.526717557253
491276,0,0,0,4915254589,4897.056995,0.010005,364,16566,468,-2075,-1228,-80,183,0.21787235107421873,9.91558617553711,0.28012159423828126,30.427058823529414,-33746.564885496184,-2198.4732824427483,5029.007633587787
491277,0,0,0,4915264594,4897.067,0.010005,354,16534,452,-2076,-1227,-90,183,0.21188684692382811,9.896432562255859,0.2705447875976562,30.424117647058825,-33719.08396946565,-2473.282442748092,5029.007633587787
491278,0,0,0,4915274600,4897.077006,0.010006,360,16504,470,-2074,-1226,-93,182,0.2154781494140625,9.878476049804688,0.2813186950683594,30.43,-33691.603053435116,-2555.7251908396947,5001.526717557253
491279,0,0,0,4915284605,4897.087011,0.010005,344,16536,524,-2075,-1231,-86,180,0.2059013427734375,9.897629663085937,0.3136404174804687,30.427058823529414,-33829.00763358779,-2363.3587786259545,4946.564885496184
491280,0,0,0,4915294610,4897.097016,0.010005,376,16524,430,-2077,-1231,-88,180,0.22505495605468748,9.890447058105469,0.25737667846679685,30.421176470588236,-33829.00763358779,-2418.320610687023,4946.564885496184
491281,0,0,0,4915304615,4897.107021,0.010005,384,16562,532,-2076,-1233,-82,180,0.229843359375,9.913191973876952,0.3184288208007812,30.424117647058825,-33883.96946564886,-2253.4351145038167,4946.564885496184
491282,0,0,0,4915314620,4897.117026,0.010005,370,16518,446,-2080,-1234,-93,184,0.2214636535644531,9.886855755615233,0.26695348510742184,30.412352941176472,-33911.45038167939,-2555.7251908396947,5056.488549618321
491283,0,0,0,4915324626,4897.127032,0.010006,330,16506,508,-2079,-1230,-90,182,0.1975216369628906,9.879673150634765,0.30406361083984373,30.41529411764706,-33801.52671755725,-2473.282442748092,5001.526717557253
491284,0,0,0,4915334631,4897.137037,0.010005,406,16546,380,-2082,-1229,-88,190,0.24301146850585936,9.903615167236328,0.22744915771484372,30.406470588235294,-33774.04580152672,-2418.320610687023,5221.374045801527
491285,0,0,0,4915344636,4897.147042,0.010005,320,16548,540,-2078,-1227,-86,188,0.19153613281249998,9.904812268066406,0.3232172241210937,30.41823529411765,-33719.08396946565,-2363.3587786259545,5166.412213740458
491286,0,0,0,4915354641,4897.157047,0.010005,384,16558,460,-2080,-1235,-81,178,0.229843359375,9.910797772216796,0.2753331909179687,30.412352941176472,-33938.931297709925,-2225.9541984732828,4891.603053435115
491287,0,0,0,4915364646,4897.167052,0.010005,378,16572,588,-2080,-1229,-87,189,0.2262520568847656,9.919177478027343,0.35194764404296874,30.412352941176472,-33774.04580152672,-2390.8396946564885,5193.893129770992
491288,0,0,0,4915374652,4897.177058,0.010006,370,16548,464,-2076,-1232,-89,185,0.2214636535644531,9.904812268066406,0.277727392578125,30.424117647058825,-33856.48854961832,-2445.8015267175574,5083.9694656488555
491289,0,0,0,4915384657,4897.187063,0.010005,334,16520,468,-2081,-1237,-86,187,0.19991583862304688,9.888052856445311,0.28012159423828126,30.409411764705883,-33993.89312977099,-2363.3587786259545,5138.931297709924
491290,0,0,0,4915394662,4897.197068,0.010005,382,16564,468,-2083,-1237,-84,188,0.22864625854492185,9.91438907470703,0.28012159423828126,30.40352941176471,-33993.89312977099,-2308.3969465648856,5166.412213740458
491291,0,0,0,4915404667,4897.207073,0.010005,330,16486,444,-2076,-1230,-81,183,0.1975216369628906,9.867702142333984,0.2657563842773437,30.424117647058825,-33801.52671755725,-2225.9541984732828,5029.007633587787
491292,0,0,0,4915414672,4897.217078,0.010005,374,16542,456,-2076,-1223,-84,180,0.22385785522460935,9.90122096557617,0.27293898925781246,30.424117647058825,-33609.16030534351,-2308.3969465648856,4946.564885496184
491293,0,0,0,4915424678,4897.227084,0.010006,374,16554,454,-2073,-1228,-85,187,0.22385785522460935,9.90840357055664,0.27174188842773433,30.43294117647059,-33746.564885496184,-2335.87786259542,5138.931297709924
491294,0,0,0,4915434683,4897.237089,0.010005,398,16556,478,-2079,-1230,-88,180,0.23822306518554687,9.909600671386718,0.2861070983886719,30.41529411764706,-33801.52671755725,-2418.320610687023,4946.564885496184
491295,0,0,0,4915444688,4897.247094,0.010005,388,16530,486,-2077,-1226,-84,185,0.23223756103515625,9.894038360595703,0.29089550170898437,30.421176470588236,-33691.603053435116,-2308.3969465648856,5083.9694656488555
491296,0,0,0,4915454693,4897.257099,0.010005,378,16538,520,-2075,-1229,-84,183,0.2262520568847656,9.898826763916015,0.3112462158203125,30.427058823529414,-33774.04580152672,-2308.3969465648856,5029.007633587787
491297,0,0,0,4915464698,4897.267104,0.010005,376,16506,478,-2075,-1226,-80,179,0.22505495605468748,9.879673150634765,0.2861070983886719,30.427058823529414,-33691.603053435116,-2198.4732824427483,4919.083969465649
491298,0,0,0,4915474704,4897.27711,0.010006,394,16536,504,-2077,-1237,-82,185,0.23582886352539062,9.897629663085937,0.3016694091796875,30.421176470588236,-33993.89312977099,-2253.4351145038167,5083.9694656488555
491299,0,0,0,4915484709,4897.287115,0.010005,410,16576,436,-2080,-1232,-82,183,0.2454056701660156,9.9215716796875,0.2609679809570312,30.412352941176472,-33856.48854961832,-2253.4351145038167,5029.007633587787
491300,0,0,0,4915494714,4897.29712,0.010005,406,16562,460,-2080,-1231,-84,188,0.24301146850585936,9.913191973876952,0.2753331909179687,30.412352941176472,-33829.00763358779,-2308.3969465648856,5166.412213740458
491301,0,0,0,4915504719,4897.307125,0.010005,330,16502,420,-2074,-1230,-84,189,0.1975216369628906,9.87727894897461,0.25139117431640623,30.43,-33801.52671755725,-2308.3969465648856,5193.893129770992
491302,0,0,0,4915514724,4897.31713,0.010005,346,16546,448,-2077,-1226,-76,185,0.20709844360351562,9.903615167236328,0.26815058593749996,30.421176470588236,-33691.603053435116,-2088.549618320611,5083.9694656488555
491303,0,0,0,4915524730,4897.327136,0.010006,394,16546,444,-2071,-1233,-87,188,0.23582886352539062,9.903615167236328,0.2657563842773437,30.438823529411767,-33883.96946564886,-2390.8396946564885,5166.412213740458
491304,0,0,0,4915534735,4897.337141,0.010005,380,16562,472,-2074,-1230,-87,187,0.22744915771484372,9.913191973876952,0.2825157958984375,30.43,-33801.52671755725,-2390.8396946564885,5138.931297709924
491305,0,0,0,4915544740,4897.347146,0.010005,368,16526,454,-2076,-1233,-81,184,0.22026655273437498,9.891644158935547,0.27174188842773433,30.424117647058825,-33883.96946564886,-2225.9541984732828,5056.488549618321
491306,0,0,0,4915554745,4897.357151,0.010005,338,16536,452,-2078,-1228,-88,187,0.20231004028320312,9.897629663085937,0.2705447875976562,30.41823529411765,-33746.564885496184,-2418.320610687023,5138.931297709924
491307,0,0,0,4915564750,4897.367156,0.010005,392,16542,462,-2073,-1229,-86,193,0.2346317626953125,9.90122096557617,0.2765302917480469,30.43294117647059,-33774.04580152672,-2363.3587786259545,5303.81679389313
491308,0,0,0,4915574756,4897.377162,0.010006,346,16546,440,-2071,-1227,-86,195,0.20709844360351562,9.903615167236328,0.26336218261718747,30.438823529411767,-33719.08396946565,-2363.3587786259545,5358.778625954199
491309,0,0,0,4915584761,4897.387167,0.010005,374,16564,450,-2075,-1238,-86,192,0.22385785522460935,9.91438907470703,0.2693476867675781,30.427058823529414,-34021.37404580153,-2363.3587786259545,5276.335877862595
491310,0,0,0,4915594766,4897.397172,0.010005,348,16532,478,-2072,-1231,-87,185,0.20829554443359374,9.89523546142578,0.2861070983886719,30.435882352941178,-33829.00763358779,-2390.8396946564885,5083.9694656488555
491311,0,0,0,4915604771,4897.407177,0.010005,354,16550,490,-2080,-1231,-86,192,0.21188684692382811,9.906009368896484,0.2932897033691406,30.412352941176472,-33829.00763358779,-2363.3587786259545,5276.335877862595
491312,0,0,0,4915614776,4897.417182,0.010005,404,16542,482,-2083,-1234,-82,187,0.24181436767578124,9.90122096557617,0.2885013000488281,30.40352941176471,-33911.45038167939,-2253.4351145038167,5138.931297709924
491313,0,0,0,4915624782,4897.427188,0.010006,402,16544,502,-2076,-1233,-91,182,0.24061726684570311,9.90241806640625,0.30047230834960936,30.424117647058825,-33883.96946564886,-2500.7633587786263,5001.526717557253
491314,0,0,0,4915634787,4897.437193,0.010005,362,16572,458,-2077,-1231,-84,186,0.2166752502441406,9.919177478027343,0.2741360900878906,30.421176470588236,-33829.00763358779,-2308.3969465648856,5111.4503816793895
491315,0,0,0,4915644792,4897.447198,0.010005,376,16544,468,-2077,-1230,-86,186,0.22505495605468748,9.90241806640625,0.28012159423828126,30.421176470588236,-33801.52671755725,-2363.3587786259545,5111.4503816793895
491316,0,0,0,4915654797,4897.457203,0.010005,366,16538,468,-2072,-1232,-74,188,0.21906945190429686,9.898826763916015,0.28012159423828126,30.435882352941178,-33856.48854961832,-2033.587786259542,5166.412213740458
491317,0,0,0,4915664802,4897.467208,0.010005,352,16564,542,-2074,-1232,-78,188,0.21068974609375,9.91438907470703,0.32441432495117184,30.43,-33856.48854961832,-2143.5114503816794,5166.412213740458
491318,0,0,0,4915674808,4897.477214,0.010006,350,16512,478,-2074,-1233,-84,178,0.20949264526367187,9.883264453125,0.2861070983886719,30.43,-33883.96946564886,-2308.3969465648856,4891.603053435115
491319,0,0,0,4915684813,4897.487219,0.010005,372,16574,512,-2073,-1235,-83,186,0.22266075439453123,9.920374578857421,0.3064578125,30.43294117647059,-33938.931297709925,-2280.916030534351,5111.4503816793895
491320,0,0,0,4915694818,4897.497224,0.010005,372,16538,518,-2074,-1232,-89,184,0.22266075439453123,9.898826763916015,0.31004911499023435,30.43,-33856.48854961832,-2445.8015267175574,5056.488549618321
491321,0,0,0,4915704823,4897.507229,0.010005,396,16544,438,-2073,-1233,-88,190,0.23702596435546874,9.90241806640625,0.26216508178710934,30.43294117647059,-33883.96946564886,-2418.320610687023,5221.374045801527
491322,0,0,0,4915714828,4897.517234,0.010005,334,16538,466,-2074,-1226,-78,189,0.19991583862304688,9.898826763916015,0.27892449340820313,30.43,-33691.603053435116,-2143.5114503816794,5193.893129770992
491323,0,0,0,4915724834,4897.52724,0.010006,380,16552,476,-2073,-1229,-91,188,0.22744915771484372,9.907206469726562,0.28490999755859375,30.43294117647059,-33774.04580152672,-2500.7633587786263,5166.412213740458
491324,0,0,0,4915734839,4897.537245,0.010005,380,16564,498,-2076,-1223,-83,185,0.22744915771484372,9.91438907470703,0.2980781066894531,30.424117647058825,-33609.16030534351,-2280.916030534351,5083.9694656488555
491325,0,0,0,4915744844,4897.54725,0.010005,414,16538,468,-2075,-1226,-81,186,0.24779987182617186,9.898826763916015,0.28012159423828126,30.427058823529414,-33691.603053435116,-2225.9541984732828,5111.4503816793895
491326,0,0,0,4915754849,4897.557255,0.010005,374,16530,468,-2072,-1234,-86,187,0.22385785522460935,9.894038360595703,0.28012159423828126,30.435882352941178,-33911.45038167939,-2363.3587786259545,5138.931297709924
491327,0,0,0,4915764854,4897.56726,0.010005,378,16544,448,-2073,-1234,-82,177,0.2262520568847656,9.90241806640625,0.26815058593749996,30.43294117647059,-33911.45038167939,-2253.4351145038167,4864.122137404581
491328,0,0,0,4915774860,4897.577266,0.010006,366,16550,452,-2075,-1235,-83,187,0.21906945190429686,9.906009368896484,0.2705447875976562,30.427058823529414,-33938.931297709925,-2280.916030534351,5138.931297709924
491329,0,0,0,4915784865,4897.587271,0.010005,392,16556,472,-2072,-1235,-92,183,0.2346317626953125,9.909600671386718,0.2825157958984375,30.435882352941178,-33938.931297709925,-2528.2442748091603,5029.007633587787
491330,0,0,0,4915794870,4897.597276,0.010005,400,16530,510,-2074,-1234,-91,192,0.239420166015625,9.894038360595703,0.30526071166992186,30.43,-33911.45038167939,-2500.7633587786263,5276.335877862595
491331,0,0,0,4915804875,4897.607281,0.010005,380,16546,466,-2076,-1236,-82,179,0.22744915771484372,9.903615167236328,0.27892449340820313,30.424117647058825,-33966.41221374046,-2253.4351145038167,4919.083969465649
491332,0,0,0,4915814880,4897.617286,0.010005,416,16564,462,-2075,-1236,-88,185,0.24899697265624998,9.91438907470703,0.2765302917480469,30.427058823529414,-33966.41221374046,-2418.320610687023,5083.9694656488555
491333,0,0,0,4915824886,4897.627292,0.010006,386,16572,460,-2076,-1229,-90,187,0.23104046020507812,9.919177478027343,0.2753331909179687,30.424117647058825,-33774.04580152672,-2473.282442748092,5138.931297709924
491334,0,0,0,4915834891,4897.637297,0.010005,350,16546,430,-2077,-1233,-82,186,0.20949264526367187,9.903615167236328,0.25737667846679685,30.421176470588236,-33883.96946564886,-2253.4351145038167,5111.4503816793895
491335,0,0,0,4915844896,4897.647302,0.010005,380,16570,506,-2075,-1229,-77,187,0.22744915771484372,9.917980377197265,0.3028665100097656,30.427058823529414,-33774.04580152672,-2116.030534351145,5138.931297709924
491336,0,0,0,4915854901,4897.657307,0.010005,366,16498,428,-2073,-1231,-89,179,0.21906945190429686,9.874884747314452,0.2561795776367187,30.43294117647059,-33829.00763358779,-2445.8015267175574,4919.083969465649
491337,0,0,0,4915864906,4897.667312,0.010005,348,16552,526,-2077,-1229,-87,187,0.20829554443359374,9.907206469726562,0.31483751831054685,30.421176470588236,-33774.04580152672,-2390.8396946564885,5138.931297709924
491338,0,0,0,4915874912,4897.677318,0.010006,394,16536,518,-2074,-1228,-88,185,0.23582886352539062,9.897629663085937,0.31004911499023435,30.43,-33746.564885496184,-2418.320610687023,5083.9694656488555
491339,0,0,0,4915884917,4897.687323,0.010005,398,16538,500,-2076,-1226,-79,186,0.23822306518554687,9.898826763916015,0.29927520751953124,30.424117647058825,-33691.603053435116,-2170.992366412214,5111.4503816793895
491340,0,0,0,4915894922,4897.697328,0.010005,400,16516,436,-2080,-1229,-81,183,0.239420166015625,9.885658654785155,0.2609679809570312,30.412352941176472,-33774.04580152672,-2225.9541984732828,5029.007633587787
491341,0,0,0,4915904927,4897.707333,0.010005,406,16538,454,-2075,-1229,-89,185,0.24301146850585936,9.898826763916015,0.27174188842773433,30.427058823529414,-33774.04580152672,-2445.8015267175574,5083.9694656488555
491342,0,0,0,4915914932,4897.717338,0.010005,394,16536,460,-2077,-1226,-93,180,0.23582886352539062,9.897629663085937,0.2753331909179687,30.421176470588236,-33691.603053435116,-2555.7251908396947,4946.564885496184
491343,0,0,0,4915924938,4897.727344,0.010006,404,16540,476,-2076,-1232,-82,180,0.24181436767578124,9.900023864746093,0.28490999755859375,30.424117647058825,-33856.48854961832,-2253.4351145038167,4946.564885496184
491344,0,0,0,4915934943,4897.737349,0.010005,392,16536,430,-2069,-1231,-84,184,0.2346317626953125,9.897629663085937,0.25737667846679685,30.44470588235294,-33829.00763358779,-2308.3969465648856,5056.488549618321
491345,0,0,0,4915944948,4897.747354,0.010005,380,16534,496,-2071,-1233,-90,183,0.22744915771484372,9.896432562255859,0.296881005859375,30.438823529411767,-33883.96946564886,-2473.282442748092,5029.007633587787
491346,0,0,0,4915954953,4897.757359,0.010005,362,16532,494,-2073,-1232,-88,190,0.2166752502441406,9.89523546142578,0.29568390502929687,30.43294117647059,-33856.48854961832,-2418.320610687023,5221.374045801527
491347,0,0,0,4915964958,4897.767364,0.010005,388,16512,478,-2068,-1231,-96,187,0.23223756103515625,9.883264453125,0.2861070983886719,30.44764705882353,-33829.00763358779,-2638.1679389312976,5138.931297709924
491348,0,0,0,4915974964,4897.77737,0.010006,374,16524,488,-2070,-1233,-91,179,0.22385785522460935,9.890447058105469,0.2920926025390625,30.441764705882356,-33883.96946564886,-2500.7633587786263,4919.083969465649
491349,0,0,0,4915984969,4897.787375,0.010005,376,16544,524,-2078,-1228,-85,184,0.22505495605468748,9.90241806640625,0.3136404174804687,30.41823529411765,-33746.564885496184,-2335.87786259542,5056.488549618321
491350,0,0,0,4915994974,4897.79738,0.010005,398,16564,462,-2073,-1233,-86,184,0.23822306518554687,9.91438907470703,0.2765302917480469,30.43294117647059,-33883.96946564886,-2363.3587786259545,5056.488549618321
491351,0,0,0,4916004979,4897.807385,0.010005,384,16550,468,-2074,-1230,-80,183,0.229843359375,9.906009368896484,0.28012159423828126,30.43,-33801.52671755725,-2198.4732824427483,5029.007633587787
491352,0,0,0,4916014984,4897.81739,0.010005,384,16550,470,-2075,-1229,-86,186,0.229843359375,9.906009368896484,0.2813186950683594,30.427058823529414,-33774.04580152672,-2363.3587786259545,5111.4503816793895
491353,0,0,0,4916024990,4897.827396,0.010006,356,16534,444,-2074,-1228,-82,184,0.21308394775390624,9.896432562255859,0.2657563842773437,30.43,-33746.564885496184,-2253.4351145038167,5056.488549618321
491354,0,0,0,4916034995,4897.837401,0.010005,348,16546,448,-2072,-1234,-84,182,0.20829554443359374,9.903615167236328,0.26815058593749996,30.435882352941178,-33911.45038167939,-2308.3969465648856,5001.526717557253
491355,0,0,0,4916045000,4897.847406,0.010005,378,16572,436,-2074,-1238,-90,181,0.2262520568847656,9.919177478027343,0.2609679809570312,30.43,-34021.37404580153,-2473.282442748092,4974.045801526718
491356,0,0,0,4916055005,4897.857411,0.010005,350,16536,452,-2075,-1233,-87,181,0.20949264526367187,9.897629663085937,0.2705447875976562,30.427058823529414,-33883.96946564886,-2390.8396946564885,4974.045801526718
491357,0,0,0,4916065010,4897.867416,0.010005,384,16554,452,-2072,-1232,-84,186,0.229843359375,9.90840357055664,0.2705447875976562,30.435882352941178,-33856.48854961832,-2308.3969465648856,5111.4503816793895
491358,0,0,0,4916075016,4897.877422,0.010006,376,16548,546,-2068,-1230,-85,189,0.22505495605468748,9.904812268066406,0.3268085266113281,30.44764705882353,-33801.52671755725,-2335.87786259542,5193.893129770992
491359,0,0,0,4916085021,4897.887427,0.010005,332,16532,474,-2073,-1229,-81,195,0.19871873779296872,9.89523546142578,0.28371289672851563,30.43294117647059,-33774.04580152672,-2225.9541984732828,5358.778625954199
491360,0,0,0,4916095026,4897.897432,0.010005,372,16536,420,-2074,-1229,-83,191,0.22266075439453123,9.897629663085937,0.25139117431640623,30.43,-33774.04580152672,-2280.916030534351,5248.854961832061
491361,0,0,0,4916105031,4897.907437,0.010005,340,16526,484,-2073,-1226,-89,188,0.20350714111328125,9.891644158935547,0.28969840087890625,30.43294117647059,-33691.603053435116,-2445.8015267175574,5166.412213740458
491362,0,0,0,4916115036,4897.917442,0.010005,364,16518,476,-2076,-1225,-91,190,0.21787235107421873,9.886855755615233,0.28490999755859375,30.424117647058825,-33664.122137404585,-2500.7633587786263,5221.374045801527
491363,0,0,0,4916125042,4897.927448,0.010006,376,16530,468,-2079,-1239,-88,191,0.22505495605468748,9.894038360595703,0.28012159423828126,30.41529411764706,-34048.85496183206,-2418.320610687023,5248.854961832061
491364,0,0,0,4916135047,4897.937453,0.010005,388,16538,414,-2078,-1234,-82,187,0.23223756103515625,9.898826763916015,0.24779987182617186,30.41823529411765,-33911.45038167939,-2253.4351145038167,5138.931297709924
491365,0,0,0,4916145052,4897.947458,0.010005,386,16538,486,-2074,-1239,-86,184,0.23104046020507812,9.898826763916015,0.29089550170898437,30.43,-34048.85496183206,-2363.3587786259545,5056.488549618321
491366,0,0,0,4916155057,4897.957463,0.010005,404,16486,438,-2075,-1235,-86,193,0.24181436767578124,9.867702142333984,0.26216508178710934,30.427058823529414,-33938.931297709925,-2363.3587786259545,5303.81679389313
491367,0,0,0,4916165062,4897.967468,0.010005,392,16532,480,-2074,-1233,-79,186,0.2346317626953125,9.89523546142578,0.28730419921875,30.43,-33883.96946564886,-2170.992366412214,5111.4503816793895
491368,0,0,0,4916175068,4897.977474,0.010006,328,16542,478,-2073,-1230,-79,186,0.19632453613281248,9.90122096557617,0.2861070983886719,30.43294117647059,-33801.52671755725,-2170.992366412214,5111.4503816793895
491369,0,0,0,4916185073,4897.987479,0.010005,394,16564,484,-2083,-1232,-82,179,0.23582886352539062,9.91438907470703,0.28969840087890625,30.40352941176471,-33856.48854961832,-2253.4351145038167,4919.083969465649
491370,0,0,0,4916195078,4897.997484,0.010005,398,16518,482,-2077,-1233,-85,188,0.23822306518554687,9.886855755615233,0.2885013000488281,30.421176470588236,-33883.96946564886,-2335.87786259542,5166.412213740458
491371,0,0,0,4916205083,4898.007489,0.010005,332,16550,418,-2074,-1236,-82,190,0.19871873779296872,9.906009368896484,0.2501940734863281,30.43,-33966.41221374046,-2253.4351145038167,5221.374045801527
491372,0,0,0,4916215088,4898.017494,0.010005,356,16556,428,-2071,-1228,-81,193,0.21308394775390624,9.909600671386718,0.2561795776367187,30.438823529411767,-33746.564885496184,-2225.9541984732828,5303.81679389313
491373,0,0,0,4916225094,4898.0275,0.010006,358,16570,468,-2071,-1229,-87,188,0.21428104858398436,9.917980377197265,0.28012159423828126,30.438823529411767,-33774.04580152672,-2390.8396946564885,5166.412213740458
491374,0,0,0,4916235099,4898.037505,0.010005,362,16512,460,-2074,-1226,-88,176,0.2166752502441406,9.883264453125,0.2753331909179687,30.43,-33691.603053435116,-2418.320610687023,4836.641221374046
491375,0,0,0,4916245104,4898.04751,0.010005,364,16556,466,-2075,-1230,-87,180,0.21787235107421873,9.909600671386718,0.27892449340820313,30.427058823529414,-33801.52671755725,-2390.8396946564885,4946.564885496184
491376,0,0,0,4916255109,4898.057515,0.010005,328,16554,496,-2078,-1233,-91,181,0.19632453613281248,9.90840357055664,0.296881005859375,30.41823529411765,-33883.96946564886,-2500.7633587786263,4974.045801526718
491377,0,0,0,4916265114,4898.06752,0.010005,340,16556,478,-2076,-1224,-87,182,0.20350714111328125,9.909600671386718,0.2861070983886719,30.424117647058825,-33636.64122137405,-2390.8396946564885,5001.526717557253
491378,0,0,0,4916275120,4898.077526,0.010006,364,16560,486,-2072,-1229,-86,184,0.21787235107421873,9.911994873046874,0.29089550170898437,30.435882352941178,-33774.04580152672,-2363.3587786259545,5056.488549618321
491379,0,0,0,4916285125,4898.087531,0.010005,422,16532,504,-2071,-1225,-83,187,0.25258827514648435,9.89523546142578,0.3016694091796875,30.438823529411767,-33664.122137404585,-2280.916030534351,5138.931297709924
491380,0,0,0,4916295130,4898.097536,0.010005,350,16578,506,-2073,-1229,-79,192,0.20949264526367187,9.922768780517577,0.3028665100097656,30.43294117647059,-33774.04580152672,-2170.992366412214,5276.335877862595
491381,0,0,0,4916305135,4898.107541,0.010005,368,16520,476,-2076,-1230,-83,192,0.22026655273437498,9.888052856445311,0.28490999755859375,30.424117647058825,-33801.52671755725,-2280.916030534351,5276.335877862595
491382,0,0,0,4916315140,4898.117546,0.010005,404,16562,462,-2073,-1234,-80,192,0.24181436767578124,9.913191973876952,0.2765302917480469,30.43294117647059,-33911.45038167939,-2198.4732824427483,5276.335877862595
491383,0,0,0,4916325146,4898.127552,0.010006,352,16538,500,-2071,-1229,-86,189,0.21068974609375,9.898826763916015,0.29927520751953124,30.438823529411767,-33774.04580152672,-2363.3587786259545,5193.893129770992
491384,0,0,0,4916335151,4898.137557,0.010005,356,16548,510,-2076,-1230,-89,196,0.21308394775390624,9.904812268066406,0.30526071166992186,30.424117647058825,-33801.52671755725,-2445.8015267175574,5386.259541984733
491385,0,0,0,4916345156,4898.147562,0.010005,342,16534,502,-2072,-1229,-85,188,0.20470424194335937,9.896432562255859,0.30047230834960936,30.435882352941178,-33774.04580152672,-2335.87786259542,5166.412213740458
491386,0,0,0,4916355161,4898.157567,0.010005,382,16524,482,-2070,-1233,-91,191,0.22864625854492185,9.890447058105469,0.2885013000488281,30.441764705882356,-33883.96946564886,-2500.7633587786263,5248.854961832061
491387,0,0,0,4916365166,4898.167572,0.010005,380,16554,490,-2071,-1237,-86,189,0.22744915771484372,9.90840357055664,0.2932897033691406,30.438823529411767,-33993.89312977099,-2363.3587786259545,5193.893129770992
491388,0,0,0,4916375172,4898.177578,0.010006,384,16548,466,-2079,-1229,-84,182,0.229843359375,9.904812268066406,0.27892449340820313,30.41529411764706,-33774.04580152672,-2308.3969465648856,5001.526717557253
491389,0,0,0,4916385177,4898.187583,0.010005,366,16574,530,-2070,-1237,-84,180,0.21906945190429686,9.920374578857421,0.3172317199707031,30.441764705882356,-33993.89312977099,-2308.3969465648856,4946.564885496184
491390,0,0,0,4916395182,4898.197588,0.010005,360,16540,492,-2072,-1232,-91,181,0.2154781494140625,9.900023864746093,0.29448680419921874,30.435882352941178,-33856.48854961832,-2500.7633587786263,4974.045801526718
491391,0,0,0,4916405187,4898.207593,0.010005,370,16556,478,-2072,-1230,-85,183,0.2214636535644531,9.909600671386718,0.2861070983886719,30.435882352941178,-33801.52671755725,-2335.87786259542,5029.007633587787
491392,0,0,0,4916415192,4898.217598,0.010005,374,16522,508,-2071,-1231,-87,186,0.22385785522460935,9.889249957275391,0.30406361083984373,30.438823529411767,-33829.00763358779,-2390.8396946564885,5111.4503816793895
491393,0,0,0,4916425198,4898.227604,0.010006,334,16518,526,-2076,-1233,-86,191,0.19991583862304688,9.886855755615233,0.31483751831054685,30.424117647058825,-33883.96946564886,-2363.3587786259545,5248.854961832061
491394,0,0,0,4916435203,4898.237609,0.010005,370,16562,456,-2074,-1230,-84,184,0.2214636535644531,9.913191973876952,0.27293898925781246,30.43,-33801.52671755725,-2308.3969465648856,5056.488549618321
491395,0,0,0,4916445208,4898.247614,0.010005,354,16532,472,-2074,-1230,-87,173,0.21188684692382811,9.89523546142578,0.2825157958984375,30.43,-33801.52671755725,-2390.8396946564885,4754.198473282443
491396,0,0,0,4916455213,4898.257619,0.010005,356,16550,512,-2070,-1227,-77,180,0.21308394775390624,9.906009368896484,0.3064578125,30.441764705882356,-33719.08396946565,-2116.030534351145,4946.564885496184
491397,0,0,0,4916465218,4898.267624,0.010005,386,16500,446,-2078,-1229,-81,183,0.23104046020507812,9.87608184814453,0.26695348510742184,30.41823529411765,-33774.04580152672,-2225.9541984732828,5029.007633587787
491398,0,0,0,4916475224,4898.27763,0.010006,394,16536,442,-2078,-1235,-85,186,0.23582886352539062,9.897629663085937,0.2645592834472656,30.41823529411765,-33938.931297709925,-2335.87786259542,5111.4503816793895
491399,0,0,0,4916485229,4898.287635,0.010005,326,16530,462,-2075,-1232,-82,183,0.19512743530273435,9.894038360595703,0.2765302917480469,30.427058823529414,-33856.48854961832,-2253.4351145038167,5029.007633587787
491400,0,0,0,4916495234,4898.29764,0.010005,392,16530,470,-2072,-1226,-88,194,0.2346317626953125,9.894038360595703,0.2813186950683594,30.435882352941178,-33691.603053435116,-2418.320610687023,5331.297709923664
491401,0,0,0,4916505239,4898.307645,0.010005,358,16516,480,-2071,-1230,-92,191,0.21428104858398436,9.885658654785155,0.28730419921875,30.438823529411767,-33801.52671755725,-2528.2442748091603,5248.854961832061
491402,0,0,0,4916515244,4898.31765,0.010005,342,16546,452,-2075,-1233,-85,181,0.20470424194335937,9.903615167236328,0.2705447875976562,30.427058823529414,-33883.96946564886,-2335.87786259542,4974.045801526718
491403,0,0,0,4916525250,4898.327656,0.010006,376,16594,500,-2079,-1233,-80,186,0.22505495605468748,9.932345587158203,0.29927520751953124,30.41529411764706,-33883.96946564886,-2198.4732824427483,5111.4503816793895
491404,0,0,0,4916535255,4898.337661,0.010005,352,16550,504,-2076,-1234,-82,190,0.21068974609375,9.906009368896484,0.3016694091796875,30.424117647058825,-33911.45038167939,-2253.4351145038167,5221.374045801527
491405,0,0,0,4916545260,4898.347666,0.010005,366,16512,484,-2077,-1231,-82,195,0.21906945190429686,9.883264453125,0.28969840087890625,30.421176470588236,-33829.00763358779,-2253.4351145038167,5358.778625954199
491406,0,0,0,4916555265,4898.357671,0.010005,368,16534,464,-2079,-1229,-79,188,0.22026655273437498,9.896432562255859,0.277727392578125,30.41529411764706,-33774.04580152672,-2170.992366412214,5166.412213740458
491407,0,0,0,4916565270,4898.367676,0.010005,316,16508,502,-2083,-1227,-77,180,0.18914193115234373,9.880870251464843,0.30047230834960936,30.40352941176471,-33719.08396946565,-2116.030534351145,4946.564885496184
491408,0,0,0,4916575276,4898.377682,0.010006,386,16544,506,-2079,-1229,-79,182,0.23104046020507812,9.90241806640625,0.3028665100097656,30.41529411764706,-33774.04580152672,-2170.992366412214,5001.526717557253
491409,0,0,0,4916585281,4898.387687,0.010005,402,16482,472,-2078,-1226,-82,185,0.24061726684570311,9.865307940673828,0.2825157958984375,30.41823529411765,-33691.603053435116,-2253.4351145038167,5083.9694656488555
491410,0,0,0,4916595286,4898.397692,0.010005,400,16536,512,-2077,-1226,-82,189,0.239420166015625,9.897629663085937,0.3064578125,30.421176470588236,-33691.603053435116,-2253.4351145038167,5193.893129770992
491411,0,0,0,4916605291,4898.407697,0.010005,392,16578,498,-2077,-1235,-82,183,0.2346317626953125,9.922768780517577,0.2980781066894531,30.421176470588236,-33938.931297709925,-2253.4351145038167,5029.007633587787
491412,0,0,0,4916615296,4898.417702,0.010005,366,16558,482,-2078,-1230,-88,188,0.21906945190429686,9.910797772216796,0.2885013000488281,30.41823529411765,-33801.52671755725,-2418.320610687023,5166.412213740458
491413,0,0,0,4916625302,4898.427708,0.010006,392,16560,480,-2071,-1233,-90,188,0.2346317626953125,9.911994873046874,0.28730419921875,30.438823529411767,-33883.96946564886,-2473.282442748092,5166.412213740458
491414,0,0,0,4916635307,4898.437713,0.010005,400,16534,478,-2073,-1228,-91,183,0.239420166015625,9.896432562255859,0.2861070983886719,30.43294117647059,-33746.564885496184,-2500.7633587786263,5029.007633587787
491415,0,0,0,4916645312,4898.447718,0.010005,386,16566,520,-2071,-1230,-86,186,0.23104046020507812,9.91558617553711,0.3112462158203125,30.438823529411767,-33801.52671755725,-2363.3587786259545,5111.4503816793895
491416,0,0,0,4916655317,4898.457723,0.010005,406,16538,470,-2074,-1229,-85,189,0.24301146850585936,9.898826763916015,0.2813186950683594,30.43,-33774.04580152672,-2335.87786259542,5193.893129770992
491417,0,0,0,4916665322,4898.467728,0.010005,378,16546,446,-2071,-1233,-88,192,0.2262520568847656,9.903615167236328,0.26695348510742184,30.438823529411767,-33883.96946564886,-2418.320610687023,5276.335877862595
491418,0,0,0,4916675328,4898.477734,0.010006,366,16536,430,-2077,-1228,-80,189,0.21906945190429686,9.897629663085937,0.25737667846679685,30.421176470588236,-33746.564885496184,-2198.4732824427483,5193.893129770992
491419,0,0,0,4916685333,4898.487739,0.010005,410,16562,432,-2074,-1232,-85,183,0.2454056701660156,9.913191973876952,0.258573779296875,30.43,-33856.48854961832,-2335.87786259542,5029.007633587787
491420,0,0,0,4916695338,4898.497744,0.010005,342,16532,454,-2066,-1237,-84,185,0.20470424194335937,9.89523546142578,0.27174188842773433,30.453529411764706,-33993.89312977099,-2308.3969465648856,5083.9694656488555
491421,0,0,0,4916705343,4898.507749,0.010005,386,16558,500,-2068,-1230,-82,186,0.23104046020507812,9.910797772216796,0.29927520751953124,30.44764705882353,-33801.52671755725,-2253.4351145038167,5111.4503816793895
491422,0,0,0,4916715348,4898.517754,0.010005,382,16544,478,-2075,-1236,-80,191,0.22864625854492185,9.90241806640625,0.2861070983886719,30.427058823529414,-33966.41221374046,-2198.4732824427483,5248.854961832061
491423,0,0,0,4916725354,4898.52776,0.010006,402,16528,490,-2077,-1232,-84,188,0.24061726684570311,9.892841259765625,0.2932897033691406,30.421176470588236,-33856.48854961832,-2308.3969465648856,5166.412213740458
491424,0,0,0,4916735359,4898.537765,0.010005,378,16552,460,-2076,-1227,-89,190,0.2262520568847656,9.907206469726562,0.2753331909179687,30.424117647058825,-33719.08396946565,-2445.8015267175574,5221.374045801527
491425,0,0,0,4916745364,4898.54777,0.010005,392,16544,518,-2076,-1231,-85,193,0.2346317626953125,9.90241806640625,0.31004911499023435,30.424117647058825,-33829.00763358779,-2335.87786259542,5303.81679389313
491426,0,0,0,4916755369,4898.557775,0.010005,402,16528,480,-2075,-1235,-87,192,0.24061726684570311,9.892841259765625,0.28730419921875,30.427058823529414,-33938.931297709925,-2390.8396946564885,5276.335877862595
491427,0,0,0,4916765374,4898.56778,0.010005,386,16514,486,-2074,-1236,-87,179,0.23104046020507812,9.884461553955077,0.29089550170898437,30.43,-33966.41221374046,-2390.8396946564885,4919.083969465649
491428,0,0,0,4916775380,4898.577786,0.010006,356,16554,446,-2079,-1233,-80,186,0.21308394775390624,9.90840357055664,0.26695348510742184,30.41529411764706,-33883.96946564886,-2198.4732824427483,5111.4503816793895
491429,0,0,0,4916785385,4898.587791,0.010005,368,16530,448,-2073,-1231,-86,186,0.22026655273437498,9.894038360595703,0.26815058593749996,30.43294117647059,-33829.00763358779,-2363.3587786259545,5111.4503816793895
491430,0,0,0,4916795390,4898.597796,0.010005,352,16558,496,-2079,-1227,-88,180,0.21068974609375,9.910797772216796,0.296881005859375,30.41529411764706,-33719.08396946565,-2418.320610687023,4946.564885496184
491431,0,0,0,4916805395,4898.607801,0.010005,386,16572,460,-2073,-1233,-85,180,0.23104046020507812,9.919177478027343,0.2753331909179687,30.43294117647059,-33883.96946564886,-2335.87786259542,4946.564885496184
491432,0,0,0,4916815400,4898.617806,0.010005,402,16560,442,-2072,-1231,-86,191,0.24061726684570311,9.911994873046874,0.2645592834472656,30.435882352941178,-33829.00763358779,-2363.3587786259545,5248.854961832061
491433,0,0,0,4916825406,4898.627812,0.010006,344,16564,498,-2070,-1230,-85,185,0.2059013427734375,9.91438907470703,0.2980781066894531,30.441764705882356,-33801.52671755725,-2335.87786259542,5083.9694656488555
491434,0,0,0,4916835411,4898.637817,0.010005,358,16558,426,-2078,-1223,-89,186,0.21428104858398436,9.910797772216796,0.2549824768066406,30.41823529411765,-33609.16030534351,-2445.8015267175574,5111.4503816793895
491435,0,0,0,4916845416,4898.647822,0.010005,376,16586,484,-2068,-1226,-89,192,0.22505495605468748,9.92755718383789,0.28969840087890625,30.44764705882353,-33691.603053435116,-2445.8015267175574,5276.335877862595
491436,0,0,0,4916855421,4898.657827,0.010005,356,16550,518,-2069,-1231,-84,189,0.21308394775390624,9.906009368896484,0.31004911499023435,30.44470588235294,-33829.00763358779,-2308.3969465648856,5193.893129770992
491437,0,0,0,4916865426,4898.667832,0.010005,374,16554,550,-2070,-1233,-84,181,0.22385785522460935,9.90840357055664,0.32920272827148434,30.441764705882356,-33883.96946564886,-2308.3969465648856,4974.045801526718
491438,0,0,0,4916875432,4898.677838,0.010006,350,16562,442,-2071,-1235,-85,185,0.20949264526367187,9.913191973876952,0.2645592834472656,30.438823529411767,-33938.931297709925,-2335.87786259542,5083.9694656488555
491439,0,0,0,4916885437,4898.687843,0.010005,370,16576,540,-2073,-1239,-88,192,0.2214636535644531,9.9215716796875,0.3232172241210937,30.43294117647059,-34048.85496183206,-2418.320610687023,5276.335877862595
491440,0,0,0,4916895442,4898.697848,0.010005,396,16566,466,-2072,-1232,-92,182,0.23702596435546874,9.91558617553711,0.27892449340820313,30.435882352941178,-33856.48854961832,-2528.2442748091603,5001.526717557253
491441,0,0,0,4916905447,4898.707853,0.010005,392,16514,458,-2071,-1229,-91,193,0.2346317626953125,9.884461553955077,0.2741360900878906,30.438823529411767,-33774.04580152672,-2500.7633587786263,5303.81679389313
491442,0,0,0,4916915452,4898.717858,0.010005,398,16570,478,-2071,-1234,-81,194,0.23822306518554687,9.917980377197265,0.2861070983886719,30.438823529411767,-33911.45038167939,-2225.9541984732828,5331.297709923664
491443,0,0,0,4916925458,4898.727864,0.010006,400,16534,436,-2075,-1232,-77,192,0.239420166015625,9.896432562255859,0.2609679809570312,30.427058823529414,-33856.48854961832,-2116.030534351145,5276.335877862595
491444,0,0,0,4916935463,4898.737869,0.010005,376,16562,420,-2077,-1238,-73,184,0.22505495605468748,9.913191973876952,0.25139117431640623,30.421176470588236,-34021.37404580153,-2006.1068702290077,5056.488549618321
491445,0,0,0,4916945468,4898.747874,0.010005,338,16550,446,-2075,-1232,-82,184,0.20231004028320312,9.906009368896484,0.26695348510742184,30.427058823529414,-33856.48854961832,-2253.4351145038167,5056.488549618321
491446,0,0,0,4916955473,4898.757879,0.010005,364,16528,478,-2073,-1231,-83,180,0.21787235107421873,9.892841259765625,0.2861070983886719,30.43294117647059,-33829.00763358779,-2280.916030534351,4946.564885496184
491447,0,0,0,4916965478,4898.767884,0.010005,392,16584,490,-2077,-1231,-89,186,0.2346317626953125,9.926360083007811,0.2932897033691406,30.421176470588236,-33829.00763358779,-2445.8015267175574,5111.4503816793895
491448,0,0,0,4916975484,4898.77789,0.010006,358,16538,488,-2077,-1230,-81,192,0.21428104858398436,9.898826763916015,0.2920926025390625,30.421176470588236,-33801.52671755725,-2225.9541984732828,5276.335877862595
491449,0,0,0,4916985489,4898.787895,0.010005,386,16516,506,-2072,-1227,-85,190,0.23104046020507812,9.885658654785155,0.3028665100097656,30.435882352941178,-33719.08396946565,-2335.87786259542,5221.374045801527
491450,0,0,0,4916995494,4898.7979,0.010005,334,16554,522,-2070,-1232,-90,185,0.19991583862304688,9.90840357055664,0.3124433166503906,30.441764705882356,-33856.48854961832,-2473.282442748092,5083.9694656488555
491451,0,0,0,4917005499,4898.807905,0.010005,352,16554,432,-2071,-1235,-82,192,0.21068974609375,9.90840357055664,0.258573779296875,30.438823529411767,-33938.931297709925,-2253.4351145038167,5276.335877862595
491452,0,0,0,4917015504,4898.81791,0.010005,352,16498,478,-2071,-1238,-82,195,0.21068974609375,9.874884747314452,0.2861070983886719,30.438823529411767,-34021.37404580153,-2253.4351145038167,5358.778625954199
491453,0,0,0,4917025510,4898.827916,0.010006,334,16596,478,-2081,-1234,-89,194,0.19991583862304688,9.93354268798828,0.2861070983886719,30.409411764705883,-33911.45038167939,-2445.8015267175574,5331.297709923664
491454,0,0,0,4917035515,4898.837921,0.010005,334,16564,466,-2079,-1226,-88,190,0.19991583862304688,9.91438907470703,0.27892449340820313,30.41529411764706,-33691.603053435116,-2418.320610687023,5221.374045801527
491455,0,0,0,4917045520,4898.847926,0.010005,362,16550,530,-2081,-1228,-87,177,0.2166752502441406,9.906009368896484,0.3172317199707031,30.409411764705883,-33746.564885496184,-2390.8396946564885,4864.122137404581
491456,0,0,0,4917055525,4898.857931,0.010005,390,16572,398,-2077,-1231,-86,182,0.23343466186523437,9.919177478027343,0.23822306518554687,30.421176470588236,-33829.00763358779,-2363.3587786259545,5001.526717557253
491457,0,0,0,4917065530,4898.867936,0.010005,402,16562,516,-2076,-1234,-85,188,0.24061726684570311,9.913191973876952,0.30885201416015623,30.424117647058825,-33911.45038167939,-2335.87786259542,5166.412213740458
491458,0,0,0,4917075536,4898.877942,0.010006,382,16480,446,-2078,-1232,-84,192,0.22864625854492185,9.86411083984375,0.26695348510742184,30.41823529411765,-33856.48854961832,-2308.3969465648856,5276.335877862595
491459,0,0,0,4917085541,4898.887947,0.010005,366,16572,490,-2076,-1224,-82,185,0.21906945190429686,9.919177478027343,0.2932897033691406,30.424117647058825,-33636.64122137405,-2253.4351145038167,5083.9694656488555
491460,0,0,0,4917095546,4898.897952,0.010005,366,16542,522,-2080,-1234,-89,190,0.21906945190429686,9.90122096557617,0.3124433166503906,30.412352941176472,-33911.45038167939,-2445.8015267175574,5221.374045801527
491461,0,0,0,4917105551,4898.907957,0.010005,362,16562,418,-2074,-1229,-85,193,0.2166752502441406,9.913191973876952,0.2501940734863281,30.43,-33774.04580152672,-2335.87786259542,5303.81679389313
491462,0,0,0,4917115556,4898.917962,0.010005,374,16560,498,-2077,-1230,-87,183,0.22385785522460935,9.911994873046874,0.2980781066894531,30.421176470588236,-33801.52671755725,-2390.8396946564885,5029.007633587787
491463,0,0,0,4917125562,4898.927968,0.010006,370,16568,470,-2075,-1230,-85,178,0.2214636535644531,9.916783276367187,0.2813186950683594,30.427058823529414,-33801.52671755725,-2335.87786259542,4891.603053435115
491464,0,0,0,4917135567,4898.937973,0.010005,364,16560,466,-2077,-1229,-86,185,0.21787235107421873,9.911994873046874,0.27892449340820313,30.421176470588236,-33774.04580152672,-2363.3587786259545,5083.9694656488555
491465,0,0,0,4917145572,4898.947978,0.010005,374,16530,468,-2074,-1227,-89,180,0.22385785522460935,9.894038360595703,0.28012159423828126,30.43,-33719.08396946565,-2445.8015267175574,4946.564885496184
491466,0,0,0,4917155577,4898.957983,0.010005,370,16536,560,-2073,-1229,-87,186,0.2214636535644531,9.897629663085937,0.33518823242187495,30.43294117647059,-33774.04580152672,-2390.8396946564885,5111.4503816793895
491467,0,0,0,4917165582,4898.967988,0.010005,346,16520,474,-2077,-1228,-91,184,0.20709844360351562,9.888052856445311,0.28371289672851563,30.421176470588236,-33746.564885496184,-2500.7633587786263,5056.488549618321
491468,0,0,0,4917175588,4898.977994,0.010006,326,16514,506,-2080,-1236,-88,185,0.19512743530273435,9.884461553955077,0.3028665100097656,30.412352941176472,-33966.41221374046,-2418.320610687023,5083.9694656488555
491469,0,0,0,4917185593,4898.987999,0.010005,370,16516,508,-2074,-1240,-89,184,0.2214636535644531,9.885658654785155,0.30406361083984373,30.43,-34076.3358778626,-2445.8015267175574,5056.488549618321
491470,0,0,0,4917195598,4898.998004,0.010005,402,16546,484,-2075,-1239,-93,185,0.24061726684570311,9.903615167236328,0.28969840087890625,30.427058823529414,-34048.85496183206,-2555.7251908396947,5083.9694656488555
491471,0,0,0,4917205603,4899.008009,0.010005,360,16566,498,-2079,-1233,-86,194,0.2154781494140625,9.91558617553711,0.2980781066894531,30.41529411764706,-33883.96946564886,-2363.3587786259545,5331.297709923664
491472,0,0,0,4917215608,4899.018014,0.010005,330,16596,482,-2077,-1236,-91,196,0.1975216369628906,9.93354268798828,0.2885013000488281,30.421176470588236,-33966.41221374046,-2500.7633587786263,5386.259541984733
491473,0,0,0,4917225614,4899.02802,0.010006,388,16510,498,-2073,-1229,-86,193,0.23223756103515625,9.882067352294921,0.2980781066894531,30.43294117647059,-33774.04580152672,-2363.3587786259545,5303.81679389313
491474,0,0,0,4917235619,4899.038025,0.010005,354,16520,470,-2076,-1231,-82,185,0.21188684692382811,9.888052856445311,0.2813186950683594,30.424117647058825,-33829.00763358779,-2253.4351145038167,5083.9694656488555
491475,0,0,0,4917245624,4899.04803,0.010005,354,16510,442,-2071,-1239,-89,190,0.21188684692382811,9.882067352294921,0.2645592834472656,30.438823529411767,-34048.85496183206,-2445.8015267175574,5221.374045801527
491476,0,0,0,4917255629,4899.058035,0.010005,352,16512,444,-2077,-1234,-84,192,0.21068974609375,9.883264453125,0.2657563842773437,30.421176470588236,-33911.45038167939,-2308.3969465648856,5276.335877862595
491477,0,0,0,4917265634,4899.06804,0.010005,382,16538,518,-2073,-1229,-84,191,0.22864625854492185,9.898826763916015,0.31004911499023435,30.43294117647059,-33774.04580152672,-2308.3969465648856,5248.854961832061
491478,0,0,0,4917275640,4899.078046,0.010006,336,16580,466,-2063,-1233,-83,188,0.201112939453125,9.923965881347655,0.27892449340820313,30.462352941176473,-33883.96946564886,-2280.916030534351,5166.412213740458
491479,0,0,0,4917285645,4899.088051,0.010005,336,16564,456,-2077,-1234,-82,190,0.201112939453125,9.91438907470703,0.27293898925781246,30.421176470588236,-33911.45038167939,-2253.4351145038167,5221.374045801527
491480,0,0,0,4917295650,4899.098056,0.010005,354,16534,434,-2075,-1233,-84,186,0.21188684692382811,9.896432562255859,0.2597708801269531,30.427058823529414,-33883.96946564886,-2308.3969465648856,5111.4503816793895
491481,0,0,0,4917305655,4899.108061,0.010005,368,16564,436,-2077,-1230,-81,189,0.22026655273437498,9.91438907470703,0.2609679809570312,30.421176470588236,-33801.52671755725,-2225.9541984732828,5193.893129770992
491482,0,0,0,4917315660,4899.118066,0.010005,316,16548,490,-2080,-1228,-80,185,0.18914193115234373,9.904812268066406,0.2932897033691406,30.412352941176472,-33746.564885496184,-2198.4732824427483,5083.9694656488555
491483,0,0,0,4917325666,4899.128072,0.010006,392,16588,496,-2073,-1232,-82,194,0.2346317626953125,9.928754284667969,0.296881005859375,30.43294117647059,-33856.48854961832,-2253.4351145038167,5331.297709923664
491484,0,0,0,4917335671,4899.138077,0.010005,340,16550,460,-2071,-1228,-91,188,0.20350714111328125,9.906009368896484,0.2753331909179687,30.438823529411767,-33746.564885496184,-2500.7633587786263,5166.412213740458
491485,0,0,0,4917345676,4899.148082,0.010005,418,16558,476,-2079,-1229,-90,181,0.2501940734863281,9.910797772216796,0.28490999755859375,30.41529411764706,-33774.04580152672,-2473.282442748092,4974.045801526718
491486,0,0,0,4917355681,4899.158087,0.010005,376,16578,518,-2074,-1233,-91,184,0.22505495605468748,9.922768780517577,0.31004911499023435,30.43,-33883.96946564886,-2500.7633587786263,5056.488549618321
491487,0,0,0,4917365686,4899.168092,0.010005,376,16574,458,-2076,-1237,-86,181,0.22505495605468748,9.920374578857421,0.2741360900878906,30.424117647058825,-33993.89312977099,-2363.3587786259545,4974.045801526718
491488,0,0,0,4917375692,4899.178098,0.010006,386,16514,484,-2073,-1234,-81,182,0.23104046020507812,9.884461553955077,0.28969840087890625,30.43294117647059,-33911.45038167939,-2225.9541984732828,5001.526717557253
491489,0,0,0,4917385697,4899.188103,0.010005,414,16570,448,-2076,-1234,-85,181,0.24779987182617186,9.917980377197265,0.26815058593749996,30.424117647058825,-33911.45038167939,-2335.87786259542,4974.045801526718
491490,0,0,0,4917395702,4899.198108,0.010005,406,16554,448,-2075,-1232,-84,189,0.24301146850585936,9.90840357055664,0.26815058593749996,30.427058823529414,-33856.48854961832,-2308.3969465648856,5193.893129770992
491491,0,0,0,4917405707,4899.208113,0.010005,356,16528,456,-2073,-1232,-83,187,0.21308394775390624,9.892841259765625,0.27293898925781246,30.43294117647059,-33856.48854961832,-2280.916030534351,5138.931297709924
491492,0,0,0,4917415712,4899.218118,0.010005,374,16582,526,-2075,-1228,-85,188,0.22385785522460935,9.925162982177733,0.31483751831054685,30.427058823529414,-33746.564885496184,-2335.87786259542,5166.412213740458
491493,0,0,0,4917425718,4899.228124,0.010006,360,16544,498,-2074,-1229,-84,188,0.2154781494140625,9.90241806640625,0.2980781066894531,30.43,-33774.04580152672,-2308.3969465648856,5166.412213740458
491494,0,0,0,4917435723,4899.238129,0.010005,386,16574,460,-2072,-1234,-84,187,0.23104046020507812,9.920374578857421,0.2753331909179687,30.435882352941178,-33911.45038167939,-2308.3969465648856,5138.931297709924
491495,0,0,0,4917445728,4899.248134,0.010005,344,16564,456,-2070,-1228,-94,191,0.2059013427734375,9.91438907470703,0.27293898925781246,30.441764705882356,-33746.564885496184,-2583.206106870229,5248.854961832061
491496,0,0,0,4917455733,4899.258139,0.010005,366,16534,494,-2070,-1227,-86,191,0.21906945190429686,9.896432562255859,0.29568390502929687,30.441764705882356,-33719.08396946565,-2363.3587786259545,5248.854961832061
491497,0,0,0,4917465738,4899.268144,0.010005,362,16526,500,-2070,-1229,-83,186,0.2166752502441406,9.891644158935547,0.29927520751953124,30.441764705882356,-33774.04580152672,-2280.916030534351,5111.4503816793895
491498,0,0,0,4917475744,4899.27815,0.010006,410,16532,484,-2073,-1228,-82,187,0.2454056701660156,9.89523546142578,0.28969840087890625,30.43294117647059,-33746.564885496184,-2253.4351145038167,5138.931297709924
491499,0,0,0,4917485749,4899.288155,0.010005,364,16510,510,-2077,-1228,-87,183,0.21787235107421873,9.882067352294921,0.30526071166992186,30.421176470588236,-33746.564885496184,-2390.8396946564885,5029.007633587787
491500,0,0,0,4917495754,4899.29816,0.010005,376,16544,522,-2074,-1231,-84,191,0.22505495605468748,9.90241806640625,0.3124433166503906,30.43,-33829.00763358779,-2308.3969465648856,5248.854961832061
491501,0,0,0,4917505759,4899.308165,0.010005,368,16552,514,-2074,-1230,-83,187,0.22026655273437498,9.907206469726562,0.3076549133300781,30.43,-33801.52671755725,-2280.916030534351,5138.931297709924
491502,0,0,0,4917515764,4899.31817,0.010005,332,16542,448,-2073,-1231,-85,187,0.19871873779296872,9.90122096557617,0.26815058593749996,30.43294117647059,-33829.00763358779,-2335.87786259542,5138.931297709924
491503,0,0,0,4917525770,4899.328176,0.010006,346,16544,454,-2070,-1229,-81,192,0.20709844360351562,9.90241806640625,0.27174188842773433,30.441764705882356,-33774.04580152672,-2225.9541984732828,5276.335877862595
491504,0,0,0,4917535775,4899.338181,0.010005,404,16532,444,-2070,-1231,-86,189,0.24181436767578124,9.89523546142578,0.2657563842773437,30.441764705882356,-33829.00763358779,-2363.3587786259545,5193.893129770992
491505,0,0,0,4917545780,4899.348186,0.010005,368,16582,466,-2073,-1233,-86,183,0.22026655273437498,9.925162982177733,0.27892449340820313,30.43294117647059,-33883.96946564886,-2363.3587786259545,5029.007633587787
491506,0,0,0,4917555785,4899.358191,0.010005,354,16526,456,-2073,-1232,-89,185,0.21188684692382811,9.891644158935547,0.27293898925781246,30.43294117647059,-33856.48854961832,-2445.8015267175574,5083.9694656488555
491507,0,0,0,4917565790,4899.368196,0.010005,346,16558,434,-2069,-1232,-87,188,0.20709844360351562,9.910797772216796,0.2597708801269531,30.44470588235294,-33856.48854961832,-2390.8396946564885,5166.412213740458
491508,0,0,0,4917575796,4899.378202,0.010006,360,16554,496,-2069,-1229,-82,183,0.2154781494140625,9.90840357055664,0.296881005859375,30.44470588235294,-33774.04580152672,-2253.4351145038167,5029.007633587787
491509,0,0,0,4917585801,4899.388207,0.010005,394,16530,484,-2071,-1234,-83,180,0.23582886352539062,9.894038360595703,0.28969840087890625,30.438823529411767,-33911.45038167939,-2280.916030534351,4946.564885496184
491510,0,0,0,4917595806,4899.398212,0.010005,376,16560,464,-2072,-1236,-84,189,0.22505495605468748,9.911994873046874,0.277727392578125,30.435882352941178,-33966.41221374046,-2308.3969465648856,5193.893129770992
491511,0,0,0,4917605811,4899.408217,0.010005,336,16510,428,-2077,-1230,-84,177,0.201112939453125,9.882067352294921,0.2561795776367187,30.421176470588236,-33801.52671755725,-2308.3969465648856,4864.122137404581
491512,0,0,0,4917615816,4899.418222,0.010005,366,16516,466,-2072,-1233,-84,180,0.21906945190429686,9.885658654785155,0.27892449340820313,30.435882352941178,-33883.96946564886,-2308.3969465648856,4946.564885496184
491513,0,0,0,4917625822,4899.428228,0.010006,366,16524,510,-2076,-1232,-78,183,0.21906945190429686,9.890447058105469,0.30526071166992186,30.424117647058825,-33856.48854961832,-2143.5114503816794,5029.007633587787
491514,0,0,0,4917635827,4899.438233,0.010005,370,16558,468,-2074,-1229,-83,186,0.2214636535644531,9.910797772216796,0.28012159423828126,30.43,-33774.04580152672,-2280.916030534351,5111.4503816793895
491515,0,0,0,4917645832,4899.448238,0.010005,400,16550,460,-2078,-1225,-89,186,0.239420166015625,9.906009368896484,0.2753331909179687,30.41823529411765,-33664.122137404585,-2445.8015267175574,5111.4503816793895
491516,0,0,0,4917655837,4899.458243,0.010005,388,16572,456,-2069,-1233,-81,186,0.23223756103515625,9.919177478027343,0.27293898925781246,30.44470588235294,-33883.96946564886,-2225.9541984732828,5111.4503816793895
491517,0,0,0,4917665842,4899.468248,0.010005,390,16590,532,-2072,-1232,-83,183,0.23343466186523437,9.929951385498047,0.3184288208007812,30.435882352941178,-33856.48854961832,-2280.916030534351,5029.007633587787
491518,0,0,0,4917675848,4899.478254,0.010006,370,16522,456,-2071,-1233,-84,184,0.2214636535644531,9.889249957275391,0.27293898925781246,30.438823529411767,-33883.96946564886,-2308.3969465648856,5056.488549618321
491519,0,0,0,4917685853,4899.488259,0.010005,360,16544,480,-2075,-1233,-88,188,0.2154781494140625,9.90241806640625,0.28730419921875,30.427058823529414,-33883.96946564886,-2418.320610687023,5166.412213740458
491520,0,0,0,4917695858,4899.498264,0.010005,348,16512,476,-2073,-1230,-85,195,0.20829554443359374,9.883264453125,0.28490999755859375,30.43294117647059,-33801.52671755725,-2335.87786259542,5358.778625954199
491521,0,0,0,4917705863,4899.508269,0.010005,360,16540,426,-2077,-1227,-87,183,0.2154781494140625,9.900023864746093,0.2549824768066406,30.421176470588236,-33719.08396946565,-2390.8396946564885,5029.007633587787
491522,0,0,0,4917715868,4899.518274,0.010005,370,16558,436,-2078,-1229,-79,182,0.2214636535644531,9.910797772216796,0.2609679809570312,30.41823529411765,-33774.04580152672,-2170.992366412214,5001.526717557253
491523,0,0,0,4917725874,4899.52828,0.010006,360,16548,484,-2076,-1234,-84,188,0.2154781494140625,9.904812268066406,0.28969840087890625,30.424117647058825,-33911.45038167939,-2308.3969465648856,5166.412213740458
491524,0,0,0,4917735879,4899.538285,0.010005,370,16528,472,-2075,-1233,-85,186,0.2214636535644531,9.892841259765625,0.2825157958984375,30.427058823529414,-33883.96946564886,-2335.87786259542,5111.4503816793895
491525,0,0,0,4917745884,4899.54829,0.010005,382,16528,454,-2070,-1235,-86,189,0.22864625854492185,9.892841259765625,0.27174188842773433,30.441764705882356,-33938.931297709925,-2363.3587786259545,5193.893129770992
491526,0,0,0,4917755889,4899.558295,0.010005,392,16558,462,-2076,-1231,-87,187,0.2346317626953125,9.910797772216796,0.2765302917480469,30.424117647058825,-33829.00763358779,-2390.8396946564885,5138.931297709924
491527,0,0,0,4917765894,4899.5683,0.010005,386,16522,458,-2078,-1231,-83,185,0.23104046020507812,9.889249957275391,0.2741360900878906,30.41823529411765,-33829.00763358779,-2280.916030534351,5083.9694656488555
491528,0,0,0,4917775900,4899.578306,0.010006,366,16578,510,-2068,-1227,-78,187,0.21906945190429686,9.922768780517577,0.30526071166992186,30.44764705882353,-33719.08396946565,-2143.5114503816794,5138.931297709924
491529,0,0,0,4917785905,4899.588311,0.010005,398,16540,460,-2075,-1225,-82,193,0.23822306518554687,9.900023864746093,0.2753331909179687,30.427058823529414,-33664.122137404585,-2253.4351145038167,5303.81679389313
491530,0,0,0,4917795910,4899.598316,0.010005,344,16524,508,-2070,-1227,-78,190,0.2059013427734375,9.890447058105469,0.30406361083984373,30.441764705882356,-33719.08396946565,-2143.5114503816794,5221.374045801527
491531,0,0,0,4917805915,4899.608321,0.010005,324,16570,454,-2070,-1233,-86,185,0.19393033447265623,9.917980377197265,0.27174188842773433,30.441764705882356,-33883.96946564886,-2363.3587786259545,5083.9694656488555
491532,0,0,0,4917815920,4899.618326,0.010005,350,16536,532,-2076,-1236,-86,189,0.20949264526367187,9.897629663085937,0.3184288208007812,30.424117647058825,-33966.41221374046,-2363.3587786259545,5193.893129770992
491533,0,0,0,4917825926,4899.628332,0.010006,372,16580,486,-2074,-1236,-83,185,0.22266075439453123,9.923965881347655,0.29089550170898437,30.43,-33966.41221374046,-2280.916030534351,5083.9694656488555
491534,0,0,0,4917835931,4899.638337,0.010005,368,16538,472,-2073,-1228,-80,186,0.22026655273437498,9.898826763916015,0.2825157958984375,30.43294117647059,-33746.564885496184,-2198.4732824427483,5111.4503816793895
491535,0,0,0,4917845936,4899.648342,0.010005,370,16588,470,-2068,-1231,-90,190,0.2214636535644531,9.928754284667969,0.2813186950683594,30.44764705882353,-33829.00763358779,-2473.282442748092,5221.374045801527
491536,0,0,0,4917855941,4899.658347,0.010005,352,16576,450,-2073,-1223,-83,183,0.21068974609375,9.9215716796875,0.2693476867675781,30.43294117647059,-33609.16030534351,-2280.916030534351,5029.007633587787
491537,0,0,0,4917865946,4899.668352,0.010005,396,16584,506,-2075,-1227,-82,177,0.23702596435546874,9.926360083007811,0.3028665100097656,30.427058823529414,-33719.08396946565,-2253.4351145038167,4864.122137404581
491538,0,0,0,4917875952,4899.678358,0.010006,382,16542,526,-2075,-1228,-88,180,0.22864625854492185,9.90122096557617,0.31483751831054685,30.427058823529414,-33746.564885496184,-2418.320610687023,4946.564885496184
491539,0,0,0,4917885957,4899.688363,0.010005,414,16516,520,-2073,-1230,-87,185,0.24779987182617186,9.885658654785155,0.3112462158203125,30.43294117647059,-33801.52671755725,-2390.8396946564885,5083.9694656488555
491540,0,0,0,4917895962,4899.698368,0.010005,390,16540,472,-2074,-1232,-85,183,0.23343466186523437,9.900023864746093,0.2825157958984375,30.43,-33856.48854961832,-2335.87786259542,5029.007633587787
491541,0,0,0,4917905967,4899.708373,0.010005,396,16532,500,-2079,-1230,-81,186,0.23702596435546874,9.89523546142578,0.29927520751953124,30.41529411764706,-33801.52671755725,-2225.9541984732828,5111.4503816793895
491542,0,0,0,4917915972,4899.718378,0.010005,362,16516,516,-2077,-1230,-91,180,0.2166752502441406,9.885658654785155,0.30885201416015623,30.421176470588236,-33801.52671755725,-2500.7633587786263,4946.564885496184
491543,0,0,0,4917925978,4899.728384,0.010006,400,16560,424,-2079,-1236,-85,190,0.239420166015625,9.911994873046874,0.2537853759765625,30.41529411764706,-33966.41221374046,-2335.87786259542,5221.374045801527
491544,0,0,0,4917935983,4899.738389,0.010005,396,16550,430,-2077,-1230,-85,187,0.23702596435546874,9.906009368896484,0.25737667846679685,30.421176470588236,-33801.52671755725,-2335.87786259542,5138.931297709924
491545,0,0,0,4917945988,4899.748394,0.010005,410,16498,456,-2074,-1225,-82,198,0.2454056701660156,9.874884747314452,0.27293898925781246,30.43,-33664.122137404585,-2253.4351145038167,5441.221374045802
491546,0,0,0,4917955993,4899.758399,0.010005,374,16534,458,-2077,-1226,-79,189,0.22385785522460935,9.896432562255859,0.2741360900878906,30.421176470588236,-33691.603053435116,-2170.992366412214,5193.893129770992
491547,0,0,0,4917965998,4899.768404,0.010005,378,16576,424,-2075,-1228,-86,195,0.2262520568847656,9.9215716796875,0.2537853759765625,30.427058823529414,-33746.564885496184,-2363.3587786259545,5358.778625954199
491548,0,0,0,4917976004,4899.77841,0.010006,402,16500,474,-2072,-1234,-92,188,0.24061726684570311,9.87608184814453,0.28371289672851563,30.435882352941178,-33911.45038167939,-2528.2442748091603,5166.412213740458
491549,0,0,0,4917986009,4899.788415,0.010005,362,16526,500,-2070,-1235,-88,187,0.2166752502441406,9.891644158935547,0.29927520751953124,30.441764705882356,-33938.931297709925,-2418.320610687023,5138.931297709924
491550,0,0,0,4917996014,4899.79842,0.010005,360,16540,482,-2076,-1231,-91,183,0.2154781494140625,9.900023864746093,0.2885013000488281,30.424117647058825,-33829.00763358779,-2500.7633587786263,5029.007633587787
491551,0,0,0,4918006019,4899.808425,0.010005,388,16562,470,-2071,-1231,-84,188,0.23223756103515625,9.913191973876952,0.2813186950683594,30.438823529411767,-33829.00763358779,-2308.3969465648856,5166.412213740458
491552,0,0,0,4918016024,4899.81843,0.010005,384,16566,504,-2073,-1226,-81,184,0.229843359375,9.91558617553711,0.3016694091796875,30.43294117647059,-33691.603053435116,-2225.9541984732828,5056.488549618321
491553,0,0,0,4918026030,4899.828436,0.010006,354,16524,448,-2073,-1229,-87,189,0.21188684692382811,9.890447058105469,0.26815058593749996,30.43294117647059,-33774.04580152672,-2390.8396946564885,5193.893129770992
491554,0,0,0,4918036035,4899.838441,0.010005,380,16554,442,-2075,-1237,-85,190,0.22744915771484372,9.90840357055664,0.2645592834472656,30.427058823529414,-33993.89312977099,-2335.87786259542,5221.374045801527
491555,0,0,0,4918046040,4899.848446,0.010005,386,16538,520,-2077,-1233,-82,184,0.23104046020507812,9.898826763916015,0.3112462158203125,30.421176470588236,-33883.96946564886,-2253.4351145038167,5056.488549618321
491556,0,0,0,4918056045,4899.858451,0.010005,354,16578,458,-2072,-1235,-90,182,0.21188684692382811,9.922768780517577,0.2741360900878906,30.435882352941178,-33938.931297709925,-2473.282442748092,5001.526717557253
491557,0,0,0,4918066050,4899.868456,0.010005,372,16524,538,-2075,-1232,-88,182,0.22266075439453123,9.890447058105469,0.3220201232910156,30.427058823529414,-33856.48854961832,-2418.320610687023,5001.526717557253
491558,0,0,0,4918076056,4899.878462,0.010006,362,16516,474,-2077,-1226,-85,185,0.2166752502441406,9.885658654785155,0.28371289672851563,30.421176470588236,-33691.603053435116,-2335.87786259542,5083.9694656488555
491559,0,0,0,4918086061,4899.888467,0.010005,360,16516,520,-2078,-1228,-85,182,0.2154781494140625,9.885658654785155,0.3112462158203125,30.41823529411765,-33746.564885496184,-2335.87786259542,5001.526717557253
491560,0,0,0,4918096066,4899.898472,0.010005,380,16548,506,-2078,-1222,-87,193,0.22744915771484372,9.904812268066406,0.3028665100097656,30.41823529411765,-33581.67938931298,-2390.8396946564885,5303.81679389313
491561,0,0,0,4918106071,4899.908477,0.010005,392,16564,508,-2076,-1230,-88,192,0.2346317626953125,9.91438907470703,0.30406361083984373,30.424117647058825,-33801.52671755725,-2418.320610687023,5276.335877862595
491562,0,0,0,4918116076,4899.918482,0.010005,360,16570,484,-2073,-1235,-84,183,0.2154781494140625,9.917980377197265,0.28969840087890625,30.43294117647059,-33938.931297709925,-2308.3969465648856,5029.007633587787
491563,0,0,0,4918126082,4899.928488,0.010006,388,16588,488,-2071,-1232,-81,187,0.23223756103515625,9.928754284667969,0.2920926025390625,30.438823529411767,-33856.48854961832,-2225.9541984732828,5138.931297709924
491564,0,0,0,4918136087,4899.938493,0.010005,366,16566,454,-2073,-1228,-81,190,0.21906945190429686,9.91558617553711,0.27174188842773433,30.43294117647059,-33746.564885496184,-2225.9541984732828,5221.374045801527
491565,0,0,0,4918146092,4899.948498,0.010005,390,16544,574,-2076,-1226,-89,191,0.23343466186523437,9.90241806640625,0.3435679382324219,30.424117647058825,-33691.603053435116,-2445.8015267175574,5248.854961832061
491566,0,0,0,4918156097,4899.958503,0.010005,392,16548,514,-2074,-1237,-95,184,0.2346317626953125,9.904812268066406,0.3076549133300781,30.43,-33993.89312977099,-2610.6870229007636,5056.488549618321
491567,0,0,0,4918166102,4899.968508,0.010005,404,16558,476,-2075,-1236,-88,188,0.24181436767578124,9.910797772216796,0.28490999755859375,30.427058823529414,-33966.41221374046,-2418.320610687023,5166.412213740458
491568,0,0,0,4918176108,4899.978514,0.010006,386,16544,518,-2077,-1232,-86,191,0.23104046020507812,9.90241806640625,0.31004911499023435,30.421176470588236,-33856.48854961832,-2363.3587786259545,5248.854961832061
491569,0,0,0,4918186113,4899.988519,0.010005,362,16582,448,-2074,-1226,-79,191,0.2166752502441406,9.925162982177733,0.26815058593749996,30.43,-33691.603053435116,-2170.992366412214,5248.854961832061
491570,0,0,0,4918196118,4899.998524,0.010005,392,16514,436,-2078,-1227,-79,189,0.2346317626953125,9.884461553955077,0.2609679809570312,30.41823529411765,-33719.08396946565,-2170.992366412214,5193.893129770992
491571,0,0,0,4918206123,4900.008529,0.010005,348,16528,544,-2073,-1232,-85,194,0.20829554443359374,9.892841259765625,0.32561142578124996,30.43294117647059,-33856.48854961832,-2335.87786259542,5331.297709923664
491572,0,0,0,4918216128,4900.018534,0.010005,368,16568,540,-2073,-1231,-79,187,0.22026655273437498,9.916783276367187,0.3232172241210937,30.43294117647059,-33829.00763358779,-2170.992366412214,5138.931297709924
491573,0,0,0,4918226134,4900.02854,0.010006,368,16532,512,-2074,-1231,-80,187,0.22026655273437498,9.89523546142578,0.3064578125,30.43,-33829.00763358779,-2198.4732824427483,5138.931297709924
491574,0,0,0,4918236139,4900.038545,0.010005,350,16534,466,-2075,-1235,-87,180,0.20949264526367187,9.896432562255859,0.27892449340820313,30.427058823529414,-33938.931297709925,-2390.8396946564885,4946.564885496184
491575,0,0,0,4918246144,4900.04855,0.010005,386,16548,466,-2071,-1234,-89,184,0.23104046020507812,9.904812268066406,0.27892449340820313,30.438823529411767,-33911.45038167939,-2445.8015267175574,5056.488549618321
491576,0,0,0,4918256149,4900.058555,0.010005,352,16498,476,-2074,-1235,-86,185,0.21068974609375,9.874884747314452,0.28490999755859375,30.43,-33938.931297709925,-2363.3587786259545,5083.9694656488555
491577,0,0,0,4918266154,4900.06856,0.010005,370,16522,486,-2070,-1240,-84,190,0.2214636535644531,9.889249957275391,0.29089550170898437,30.441764705882356,-34076.3358778626,-2308.3969465648856,5221.374045801527
491578,0,0,0,4918276160,4900.078566,0.010006,382,16576,468,-2073,-1236,-83,183,0.22864625854492185,9.9215716796875,0.28012159423828126,30.43294117647059,-33966.41221374046,-2280.916030534351,5029.007633587787
491579,0,0,0,4918286165,4900.088571,0.010005,386,16540,416,-2075,-1230,-77,182,0.23104046020507812,9.900023864746093,0.24899697265624998,30.427058823529414,-33801.52671755725,-2116.030534351145,5001.526717557253
491580,0,0,0,4918296170,4900.098576,0.010005,394,16558,498,-2076,-1228,-86,183,0.23582886352539062,9.910797772216796,0.2980781066894531,30.424117647058825,-33746.564885496184,-2363.3587786259545,5029.007633587787
491581,0,0,0,4918306175,4900.108581,0.010005,358,16558,464,-2072,-1232,-85,190,0.21428104858398436,9.910797772216796,0.277727392578125,30.435882352941178,-33856.48854961832,-2335.87786259542,5221.374045801527
491582,0,0,0,4918316180,4900.118586,0.010005,372,16578,458,-2073,-1238,-88,184,0.22266075439453123,9.922768780517577,0.2741360900878906,30.43294117647059,-34021.37404580153,-2418.320610687023,5056.488549618321
491583,0,0,0,4918326186,4900.128592,0.010006,398,16520,480,-2074,-1228,-91,190,0.23822306518554687,9.888052856445311,0.28730419921875,30.43,-33746.564885496184,-2500.7633587786263,5221.374045801527
491584,0,0,0,4918336191,4900.138597,0.010005,356,16514,492,-2073,-1228,-81,188,0.21308394775390624,9.884461553955077,0.29448680419921874,30.43294117647059,-33746.564885496184,-2225.9541984732828,5166.412213740458
491585,0,0,0,4918346196,4900.148602,0.010005,364,16524,484,-2075,-1229,-78,177,0.21787235107421873,9.890447058105469,0.28969840087890625,30.427058823529414,-33774.04580152672,-2143.5114503816794,4864.122137404581
491586,0,0,0,4918356201,4900.158607,0.010005,330,16560,532,-2071,-1230,-86,189,0.1975216369628906,9.911994873046874,0.3184288208007812,30.438823529411767,-33801.52671755725,-2363.3587786259545,5193.893129770992
491587,0,0,0,4918366206,4900.168612,0.010005,358,16544,482,-2069,-1234,-82,189,0.21428104858398436,9.90241806640625,0.2885013000488281,30.44470588235294,-33911.45038167939,-2253.4351145038167,5193.893129770992
491588,0,0,0,4918376212,4900.178618,0.010006,338,16520,510,-2072,-1232,-83,191,0.20231004028320312,9.888052856445311,0.30526071166992186,30.435882352941178,-33856.48854961832,-2280.916030534351,5248.854961832061
491589,0,0,0,4918386217,4900.188623,0.010005,412,16534,456,-2072,-1229,-89,190,0.24660277099609373,9.896432562255859,0.27293898925781246,30.435882352941178,-33774.04580152672,-2445.8015267175574,5221.374045801527
491590,0,0,0,4918396222,4900.198628,0.010005,356,16528,468,-2068,-1232,-91,182,0.21308394775390624,9.892841259765625,0.28012159423828126,30.44764705882353,-33856.48854961832,-2500.7633587786263,5001.526717557253
491591,0,0,0,4918406227,4900.208633,0.010005,376,16550,414,-2066,-1236,-85,184,0.22505495605468748,9.906009368896484,0.24779987182617186,30.453529411764706,-33966.41221374046,-2335.87786259542,5056.488549618321
491592,0,0,0,4918416232,4900.218638,0.010005,360,16508,406,-2067,-1233,-84,185,0.2154781494140625,9.880870251464843,0.24301146850585936,30.45058823529412,-33883.96946564886,-2308.3969465648856,5083.9694656488555
491593,0,0,0,4918426238,4900.228644,0.010006,330,16532,474,-2068,-1228,-81,182,0.1975216369628906,9.89523546142578,0.28371289672851563,30.44764705882353,-33746.564885496184,-2225.9541984732828,5001.526717557253
491594,0,0,0,4918436243,4900.238649,0.010005,350,16546,422,-2069,-1231,-75,194,0.20949264526367187,9.903615167236328,0.25258827514648435,30.44470588235294,-33829.00763358779,-2061.0687022900765,5331.297709923664
491595,0,0,0,4918446248,4900.248654,0.010005,366,16586,430,-2075,-1231,-88,187,0.21906945190429686,9.92755718383789,0.25737667846679685,30.427058823529414,-33829.00763358779,-2418.320610687023,5138.931297709924
491596,0,0,0,4918456253,4900.258659,0.010005,386,16592,520,-2072,-1233,-89,186,0.23104046020507812,9.931148486328125,0.3112462158203125,30.435882352941178,-33883.96946564886,-2445.8015267175574,5111.4503816793895
491597,0,0,0,4918466258,4900.268664,0.010005,376,16558,510,-2075,-1225,-90,183,0.22505495605468748,9.910797772216796,0.30526071166992186,30.427058823529414,-33664.122137404585,-2473.282442748092,5029.007633587787
491598,0,0,0,4918476264,4900.27867,0.010006,388,16580,488,-2070,-1225,-85,182,0.23223756103515625,9.923965881347655,0.2920926025390625,30.441764705882356,-33664.122137404585,-2335.87786259542,5001.526717557253
491599,0,0,0,4918486269,4900.288675,0.010005,378,16546,550,-2067,-1235,-86,182,0.2262520568847656,9.903615167236328,0.32920272827148434,30.45058823529412,-33938.931297709925,-2363.3587786259545,5001.526717557253
491600,0,0,0,4918496274,4900.29868,0.010005,380,16560,490,-2071,-1233,-88,185,0.22744915771484372,9.911994873046874,0.2932897033691406,30.438823529411767,-33883.96946564886,-2418.320610687023,5083.9694656488555
491601,0,0,0,4918506279,4900.308685,0.010005,352,16568,456,-2074,-1237,-87,191,0.21068974609375,9.916783276367187,0.27293898925781246,30.43,-33993.89312977099,-2390.8396946564885,5248.854961832061
491602,0,0,0,4918516284,4900.31869,0.010005,376,16566,470,-2074,-1238,-91,189,0.22505495605468748,9.91558617553711,0.2813186950683594,30.43,-34021.37404580153,-2500.7633587786263,5193.893129770992
491603,0,0,0,4918526290,4900.328696,0.010006,412,16524,438,-2068,-1229,-90,185,0.24660277099609373,9.890447058105469,0.26216508178710934,30.44764705882353,-33774.04580152672,-2473.282442748092,5083.9694656488555
491604,0,0,0,4918536295,4900.338701,0.010005,402,16560,416,-2072,-1224,-90,185,0.24061726684570311,9.911994873046874,0.24899697265624998,30.435882352941178,-33636.64122137405,-2473.282442748092,5083.9694656488555
491605,0,0,0,4918546300,4900.348706,0.010005,368,16542,494,-2071,-1233,-85,188,0.22026655273437498,9.90122096557617,0.29568390502929687,30.438823529411767,-33883.96946564886,-2335.87786259542,5166.412213740458
491606,0,0,0,4918556305,4900.358711,0.010005,358,16558,402,-2072,-1228,-84,194,0.21428104858398436,9.910797772216796,0.24061726684570311,30.435882352941178,-33746.564885496184,-2308.3969465648856,5331.297709923664
491607,0,0,0,4918566310,4900.368716,0.010005,398,16548,464,-2074,-1230,-92,190,0.23822306518554687,9.904812268066406,0.277727392578125,30.43,-33801.52671755725,-2528.2442748091603,5221.374045801527
491608,0,0,0,4918576316,4900.378722,0.010006,382,16548,406,-2075,-1233,-85,188,0.22864625854492185,9.904812268066406,0.24301146850585936,30.427058823529414,-33883.96946564886,-2335.87786259542,5166.412213740458
491609,0,0,0,4918586321,4900.388727,0.010005,360,16548,472,-2076,-1231,-89,184,0.2154781494140625,9.904812268066406,0.2825157958984375,30.424117647058825,-33829.00763358779,-2445.8015267175574,5056.488549618321
491610,0,0,0,4918596326,4900.398732,0.010005,392,16570,472,-2073,-1228,-89,183,0.2346317626953125,9.917980377197265,0.2825157958984375,30.43294117647059,-33746.564885496184,-2445.8015267175574,5029.007633587787
491611,0,0,0,4918606331,4900.408737,0.010005,376,16560,486,-2069,-1227,-84,179,0.22505495605468748,9.911994873046874,0.29089550170898437,30.44470588235294,-33719.08396946565,-2308.3969465648856,4919.083969465649
491612,0,0,0,4918616336,4900.418742,0.010005,372,16536,430,-2073,-1227,-85,188,0.22266075439453123,9.897629663085937,0.25737667846679685,30.43294117647059,-33719.08396946565,-2335.87786259542,5166.412213740458
491613,0,0,0,4918626342,4900.428748,0.010006,394,16548,436,-2072,-1231,-83,187,0.23582886352539062,9.904812268066406,0.2609679809570312,30.435882352941178,-33829.00763358779,-2280.916030534351,5138.931297709924
491614,0,0,0,4918636347,4900.438753,0.010005,418,16538,440,-2066,-1232,-82,185,0.2501940734863281,9.898826763916015,0.26336218261718747,30.453529411764706,-33856.48854961832,-2253.4351145038167,5083.9694656488555
491615,0,0,0,4918646352,4900.448758,0.010005,370,16538,470,-2071,-1237,-83,191,0.2214636535644531,9.898826763916015,0.2813186950683594,30.438823529411767,-33993.89312977099,-2280.916030534351,5248.854961832061
491616,0,0,0,4918656357,4900.458763,0.010005,372,16552,448,-2073,-1231,-87,192,0.22266075439453123,9.907206469726562,0.26815058593749996,30.43294117647059,-33829.00763358779,-2390.8396946564885,5276.335877862595
491617,0,0,0,4918666362,4900.468768,0.010005,402,16540,490,-2073,-1239,-89,189,0.24061726684570311,9.900023864746093,0.2932897033691406,30.43294117647059,-34048.85496183206,-2445.8015267175574,5193.893129770992
491618,0,0,0,4918676368,4900.478774,0.010006,360,16564,506,-2075,-1233,-81,188,0.2154781494140625,9.91438907470703,0.3028665100097656,30.427058823529414,-33883.96946564886,-2225.9541984732828,5166.412213740458
491619,0,0,0,4918686373,4900.488779,0.010005,356,16546,522,-2072,-1231,-80,184,0.21308394775390624,9.903615167236328,0.3124433166503906,30.435882352941178,-33829.00763358779,-2198.4732824427483,5056.488549618321
491620,0,0,0,4918696378,4900.498784,0.010005,358,16534,484,-2072,-1230,-93,188,0.21428104858398436,9.896432562255859,0.28969840087890625,30.435882352941178,-33801.52671755725,-2555.7251908396947,5166.412213740458
491621,0,0,0,4918706383,4900.508789,0.010005,374,16532,464,-2076,-1235,-93,187,0.22385785522460935,9.89523546142578,0.277727392578125,30.424117647058825,-33938.931297709925,-2555.7251908396947,5138.931297709924
491622,0,0,0,4918716388,4900.518794,0.010005,352,16522,458,-2075,-1228,-89,185,0.21068974609375,9.889249957275391,0.2741360900878906,30.427058823529414,-33746.564885496184,-2445.8015267175574,5083.9694656488555
491623,0,0,0,4918726394,4900.5288,0.010006,328,16580,478,-2073,-1234,-86,190,0.19632453613281248,9.923965881347655,0.2861070983886719,30.43294117647059,-33911.45038167939,-2363.3587786259545,5221.374045801527
491624,0,0,0,4918736399,4900.538805,0.010005,346,16512,476,-2076,-1237,-78,184,0.20709844360351562,9.883264453125,0.28490999755859375,30.424117647058825,-33993.89312977099,-2143.5114503816794,5056.488549618321
491625,0,0,0,4918746404,4900.54881,0.010005,412,16558,460,-2071,-1235,-84,181,0.24660277099609373,9.910797772216796,0.2753331909179687,30.438823529411767,-33938.931297709925,-2308.3969465648856,4974.045801526718
491626,0,0,0,4918756409,4900.558815,0.010005,394,16562,406,-2071,-1231,-90,185,0.23582886352539062,9.913191973876952,0.24301146850585936,30.438823529411767,-33829.00763358779,-2473.282442748092,5083.9694656488555
491627,0,0,0,4918766414,4900.56882,0.010005,378,16560,534,-2069,-1226,-84,183,0.2262520568847656,9.911994873046874,0.31962592163085934,30.44470588235294,-33691.603053435116,-2308.3969465648856,5029.007633587787
491628,0,0,0,4918776420,4900.578826,0.010006,370,16556,462,-2068,-1234,-87,185,0.2214636535644531,9.909600671386718,0.2765302917480469,30.44764705882353,-33911.45038167939,-2390.8396946564885,5083.9694656488555
491629,0,0,0,4918786425,4900.588831,0.010005,376,16572,452,-2071,-1228,-87,181,0.22505495605468748,9.919177478027343,0.2705447875976562,30.438823529411767,-33746.564885496184,-2390.8396946564885,4974.045801526718
491630,0,0,0,4918796430,4900.598836,0.010005,382,16558,472,-2075,-1229,-88,187,0.22864625854492185,9.910797772216796,0.2825157958984375,30.427058823529414,-33774.04580152672,-2418.320610687023,5138.931297709924
491631,0,0,0,4918806435,4900.608841,0.010005,350,16530,462,-2072,-1231,-85,188,0.20949264526367187,9.894038360595703,0.2765302917480469,30.435882352941178,-33829.00763358779,-2335.87786259542,5166.412213740458
491632,0,0,0,4918816440,4900.618846,0.010005,354,16548,474,-2072,-1230,-88,184,0.21188684692382811,9.904812268066406,0.28371289672851563,30.435882352941178,-33801.52671755725,-2418.320610687023,5056.488549618321
491633,0,0,0,4918826446,4900.628852,0.010006,334,16540,476,-2072,-1228,-81,187,0.19991583862304688,9.900023864746093,0.28490999755859375,30.435882352941178,-33746.564885496184,-2225.9541984732828,5138.931297709924
491634,0,0,0,4918836451,4900.638857,0.010005,398,16562,418,-2070,-1231,-84,180,0.23822306518554687,9.913191973876952,0.2501940734863281,30.441764705882356,-33829.00763358779,-2308.3969465648856,4946.564885496184
491635,0,0,0,4918846456,4900.648862,0.010005,362,16576,468,-2074,-1229,-86,182,0.2166752502441406,9.9215716796875,0.28012159423828126,30.43,-33774.04580152672,-2363.3587786259545,5001.526717557253
491636,0,0,0,4918856461,4900.658867,0.010005,362,16540,510,-2076,-1233,-86,186,0.2166752502441406,9.900023864746093,0.30526071166992186,30.424117647058825,-33883.96946564886,-2363.3587786259545,5111.4503816793895
491637,0,0,0,4918866466,4900.668872,0.010005,338,16550,490,-2074,-1231,-85,181,0.20231004028320312,9.906009368896484,0.2932897033691406,30.43,-33829.00763358779,-2335.87786259542,4974.045801526718
491638,0,0,0,4918876472,4900.678878,0.010006,368,16508,472,-2077,-1234,-84,188,0.22026655273437498,9.880870251464843,0.2825157958984375,30.421176470588236,-33911.45038167939,-2308.3969465648856,5166.412213740458
491639,0,0,0,4918886477,4900.688883,0.010005,392,16552,478,-2074,-1230,-84,198,0.2346317626953125,9.907206469726562,0.2861070983886719,30.43,-33801.52671755725,-2308.3969465648856,5441.221374045802
491640,0,0,0,4918896482,4900.698888,0.010005,362,16550,472,-2076,-1222,-90,190,0.2166752502441406,9.906009368896484,0.2825157958984375,30.424117647058825,-33581.67938931298,-2473.282442748092,5221.374045801527
491641,0,0,0,4918906487,4900.708893,0.010005,376,16566,416,-2068,-1228,-83,189,0.22505495605468748,9.91558617553711,0.24899697265624998,30.44764705882353,-33746.564885496184,-2280.916030534351,5193.893129770992
491642,0,0,0,4918916492,4900.718898,0.010005,424,16564,524,-2069,-1231,-89,180,0.2537853759765625,9.91438907470703,0.3136404174804687,30.44470588235294,-33829.00763358779,-2445.8015267175574,4946.564885496184
491643,0,0,0,4918926498,4900.728904,0.010006,374,16560,462,-2068,-1231,-86,186,0.22385785522460935,9.911994873046874,0.2765302917480469,30.44764705882353,-33829.00763358779,-2363.3587786259545,5111.4503816793895
491644,0,0,0,4918936503,4900.738909,0.010005,386,16566,468,-2071,-1226,-82,190,0.23104046020507812,9.91558617553711,0.28012159423828126,30.438823529411767,-33691.603053435116,-2253.4351145038167,5221.374045801527
491645,0,0,0,4918946508,4900.748914,0.010005,376,16574,510,-2075,-1223,-80,185,0.22505495605468748,9.920374578857421,0.30526071166992186,30.427058823529414,-33609.16030534351,-2198.4732824427483,5083.9694656488555
491646,0,0,0,4918956513,4900.758919,0.010005,324,16532,526,-2074,-1227,-83,183,0.19393033447265623,9.89523546142578,0.31483751831054685,30.43,-33719.08396946565,-2280.916030534351,5029.007633587787
491647,0,0,0,4918966518,4900.768924,0.010005,396,16572,446,-2073,-1226,-87,182,0.23702596435546874,9.919177478027343,0.26695348510742184,30.43294117647059,-33691.603053435116,-2390.8396946564885,5001.526717557253
491648,0,0,0,4918976524,4900.77893,0.010006,330,16530,468,-2073,-1230,-86,184,0.1975216369628906,9.894038360595703,0.28012159423828126,30.43294117647059,-33801.52671755725,-2363.3587786259545,5056.488549618321
491649,0,0,0,4918986529,4900.788935,0.010005,372,16558,492,-2071,-1228,-89,185,0.22266075439453123,9.910797772216796,0.29448680419921874,30.438823529411767,-33746.564885496184,-2445.8015267175574,5083.9694656488555
491650,0,0,0,4918996534,4900.79894,0.010005,384,16540,472,-2067,-1234,-87,196,0.229843359375,9.900023864746093,0.2825157958984375,30.45058823529412,-33911.45038167939,-2390.8396946564885,5386.259541984733
491651,0,0,0,4919006539,4900.808945,0.010005,342,16536,432,-2072,-1236,-90,180,0.20470424194335937,9.897629663085937,0.258573779296875,30.435882352941178,-33966.41221374046,-2473.282442748092,4946.564885496184
491652,0,0,0,4919016544,4900.81895,0.010005,358,16548,470,-2074,-1235,-86,180,0.21428104858398436,9.904812268066406,0.2813186950683594,30.43,-33938.931297709925,-2363.3587786259545,4946.564885496184
491653,0,0,0,4919026550,4900.828956,0.010006,418,16508,490,-2070,-1234,-81,181,0.2501940734863281,9.880870251464843,0.2932897033691406,30.441764705882356,-33911.45038167939,-2225.9541984732828,4974.045801526718
491654,0,0,0,4919036555,4900.838961,0.010005,374,16528,440,-2073,-1238,-84,184,0.22385785522460935,9.892841259765625,0.26336218261718747,30.43294117647059,-34021.37404580153,-2308.3969465648856,5056.488549618321
491655,0,0,0,4919046560,4900.848966,0.010005,360,16556,480,-2072,-1225,-88,186,0.2154781494140625,9.909600671386718,0.28730419921875,30.435882352941178,-33664.122137404585,-2418.320610687023,5111.4503816793895
491656,0,0,0,4919056565,4900.858971,0.010005,392,16516,480,-2069,-1235,-84,187,0.2346317626953125,9.885658654785155,0.28730419921875,30.44470588235294,-33938.931297709925,-2308.3969465648856,5138.931297709924
491657,0,0,0,4919066570,4900.868976,0.010005,436,16548,454,-2067,-1230,-80,190,0.2609679809570312,9.904812268066406,0.27174188842773433,30.45058823529412,-33801.52671755725,-2198.4732824427483,5221.374045801527
491658,0,0,0,4919076576,4900.878982,0.010006,406,16584,456,-2069,-1229,-81,185,0.24301146850585936,9.926360083007811,0.27293898925781246,30.44470588235294,-33774.04580152672,-2225.9541984732828,5083.9694656488555
491659,0,0,0,4919086581,4900.888987,0.010005,404,16542,424,-2072,-1226,-83,187,0.24181436767578124,9.90122096557617,0.2537853759765625,30.435882352941178,-33691.603053435116,-2280.916030534351,5138.931297709924
491660,0,0,0,4919096586,4900.898992,0.010005,346,16540,420,-2070,-1228,-83,189,0.20709844360351562,9.900023864746093,0.25139117431640623,30.441764705882356,-33746.564885496184,-2280.916030534351,5193.893129770992
491661,0,0,0,4919106591,4900.908997,0.010005,378,16562,522,-2066,-1233,-79,193,0.2262520568847656,9.913191973876952,0.3124433166503906,30.453529411764706,-33883.96946564886,-2170.992366412214,5303.81679389313
491662,0,0,0,4919116596,4900.919002,0.010005,366,16568,432,-2072,-1234,-91,196,0.21906945190429686,9.916783276367187,0.258573779296875,30.435882352941178,-33911.45038167939,-2500.7633587786263,5386.259541984733
491663,0,0,0,4919126602,4900.929008,0.010006,356,16532,466,-2068,-1232,-89,188,0.21308394775390624,9.89523546142578,0.27892449340820313,30.44764705882353,-33856.48854961832,-2445.8015267175574,5166.412213740458
491664,0,0,0,4919136607,4900.939013,0.010005,374,16538,538,-2069,-1237,-89,185,0.22385785522460935,9.898826763916015,0.3220201232910156,30.44470588235294,-33993.89312977099,-2445.8015267175574,5083.9694656488555
491665,0,0,0,4919146612,4900.949018,0.010005,394,16546,400,-2071,-1228,-85,188,0.23582886352539062,9.903615167236328,0.239420166015625,30.438823529411767,-33746.564885496184,-2335.87786259542,5166.412213740458
491666,0,0,0,4919156617,4900.959023,0.010005,380,16590,490,-2072,-1233,-80,182,0.22744915771484372,9.929951385498047,0.2932897033691406,30.435882352941178,-33883.96946564886,-2198.4732824427483,5001.526717557253
491667,0,0,0,4919166622,4900.969028,0.010005,326,16556,452,-2069,-1236,-85,182,0.19512743530273435,9.909600671386718,0.2705447875976562,30.44470588235294,-33966.41221374046,-2335.87786259542,5001.526717557253
491668,0,0,0,4919176628,4900.979034,0.010006,362,16532,462,-2074,-1236,-86,176,0.2166752502441406,9.89523546142578,0.2765302917480469,30.43,-33966.41221374046,-2363.3587786259545,4836.641221374046
491669,0,0,0,4919186633,4900.989039,0.010005,354,16504,508,-2074,-1234,-93,190,0.21188684692382811,9.878476049804688,0.30406361083984373,30.43,-33911.45038167939,-2555.7251908396947,5221.374045801527
491670,0,0,0,4919196638,4900.999044,0.010005,382,16520,490,-2070,-1234,-91,185,0.22864625854492185,9.888052856445311,0.2932897033691406,30.441764705882356,-33911.45038167939,-2500.7633587786263,5083.9694656488555
491671,0,0,0,4919206643,4901.009049,0.010005,388,16562,412,-2066,-1233,-90,177,0.23223756103515625,9.913191973876952,0.24660277099609373,30.453529411764706,-33883.96946564886,-2473.282442748092,4864.122137404581
491672,0,0,0,4919216648,4901.019054,0.010005,386,16602,442,-2072,-1234,-88,182,0.23104046020507812,9.937133990478515,0.2645592834472656,30.435882352941178,-33911.45038167939,-2418.320610687023,5001.526717557253
491673,0,0,0,4919226654,4901.02906,0.010006,386,16524,518,-2075,-1228,-94,190,0.23104046020507812,9.890447058105469,0.31004911499023435,30.427058823529414,-33746.564885496184,-2583.206106870229,5221.374045801527
491674,0,0,0,4919236659,4901.039065,0.010005,374,16492,468,-2074,-1228,-83,185,0.22385785522460935,9.871293444824218,0.28012159423828126,30.43,-33746.564885496184,-2280.916030534351,5083.9694656488555
491675,0,0,0,4919246664,4901.04907,0.010005,374,16534,484,-2074,-1235,-82,190,0.22385785522460935,9.896432562255859,0.28969840087890625,30.43,-33938.931297709925,-2253.4351145038167,5221.374045801527
491676,0,0,0,4919256669,4901.059075,0.010005,354,16516,476,-2074,-1231,-85,192,0.21188684692382811,9.885658654785155,0.28490999755859375,30.43,-33829.00763358779,-2335.87786259542,5276.335877862595
491677,0,0,0,4919266674,4901.06908,0.010005,390,16578,480,-2070,-1233,-78,186,0.23343466186523437,9.922768780517577,0.28730419921875,30.441764705882356,-33883.96946564886,-2143.5114503816794,5111.4503816793895
491678,0,0,0,4919276680,4901.079086,0.010006,338,16556,452,-2075,-1228,-85,191,0.20231004028320312,9.909600671386718,0.2705447875976562,30.427058823529414,-33746.564885496184,-2335.87786259542,5248.854961832061
491679,0,0,0,4919286685,4901.089091,0.010005,366,16524,484,-2075,-1234,-79,185,0.21906945190429686,9.890447058105469,0.28969840087890625,30.427058823529414,-33911.45038167939,-2170.992366412214,5083.9694656488555
491680,0,0,0,4919296690,4901.099096,0.010005,374,16546,506,-2070,-1230,-85,185,0.22385785522460935,9.903615167236328,0.3028665100097656,30.441764705882356,-33801.52671755725,-2335.87786259542,5083.9694656488555
491681,0,0,0,4919306695,4901.109101,0.010005,378,16518,440,-2072,-1233,-88,189,0.2262520568847656,9.886855755615233,0.26336218261718747,30.435882352941178,-33883.96946564886,-2418.320610687023,5193.893129770992
491682,0,0,0,4919316700,4901.119106,0.010005,362,16526,526,-2078,-1233,-84,188,0.2166752502441406,9.891644158935547,0.31483751831054685,30.41823529411765,-33883.96946564886,-2308.3969465648856,5166.412213740458
491683,0,0,0,4919326706,4901.129112,0.010006,378,16528,494,-2078,-1235,-87,189,0.2262520568847656,9.892841259765625,0.29568390502929687,30.41823529411765,-33938.931297709925,-2390.8396946564885,5193.893129770992
491684,0,0,0,4919336711,4901.139117,0.010005,348,16522,426,-2074,-1237,-90,185,0.20829554443359374,9.889249957275391,0.2549824768066406,30.43,-33993.89312977099,-2473.282442748092,5083.9694656488555
491685,0,0,0,4919346716,4901.149122,0.010005,388,16542,482,-2077,-1231,-84,187,0.23223756103515625,9.90122096557617,0.2885013000488281,30.421176470588236,-33829.00763358779,-2308.3969465648856,5138.931297709924
491686,0,0,0,4919356721,4901.159127,0.010005,392,16554,450,-2073,-1230,-82,183,0.2346317626953125,9.90840357055664,0.2693476867675781,30.43294117647059,-33801.52671755725,-2253.4351145038167,5029.007633587787
491687,0,0,0,4919366726,4901.169132,0.010005,388,16598,456,-2068,-1228,-83,188,0.23223756103515625,9.934739788818359,0.27293898925781246,30.44764705882353,-33746.564885496184,-2280.916030534351,5166.412213740458
491688,0,0,0,4919376732,4901.179138,0.010006,362,16516,498,-2072,-1235,-88,187,0.2166752502441406,9.885658654785155,0.2980781066894531,30.435882352941178,-33938.931297709925,-2418.320610687023,5138.931297709924
491689,0,0,0,4919386737,4901.189143,0.010005,360,16536,482,-2073,-1233,-77,193,0.2154781494140625,9.897629663085937,0.2885013000488281,30.43294117647059,-33883.96946564886,-2116.030534351145,5303.81679389313
491690,0,0,0,4919396742,4901.199148,0.010005,336,16510,486,-2069,-1233,-80,199,0.201112939453125,9.882067352294921,0.29089550170898437,30.44470588235294,-33883.96946564886,-2198.4732824427483,5468.702290076336
491691,0,0,0,4919406747,4901.209153,0.010005,350,16552,486,-2071,-1228,-85,196,0.20949264526367187,9.907206469726562,0.29089550170898437,30.438823529411767,-33746.564885496184,-2335.87786259542,5386.259541984733
491692,0,0,0,4919416752,4901.219158,0.010005,354,16504,504,-2070,-1230,-88,180,0.21188684692382811,9.878476049804688,0.3016694091796875,30.441764705882356,-33801.52671755725,-2418.320610687023,4946.564885496184
491693,0,0,0,4919426758,4901.229164,0.010006,356,16532,480,-2071,-1232,-84,178,0.21308394775390624,9.89523546142578,0.28730419921875,30.438823529411767,-33856.48854961832,-2308.3969465648856,4891.603053435115
491694,0,0,0,4919436763,4901.239169,0.010005,360,16528,534,-2072,-1235,-84,186,0.2154781494140625,9.892841259765625,0.31962592163085934,30.435882352941178,-33938.931297709925,-2308.3969465648856,5111.4503816793895
491695,0,0,0,4919446768,4901.249174,0.010005,372,16518,442,-2068,-1238,-79,190,0.22266075439453123,9.886855755615233,0.2645592834472656,30.44764705882353,-34021.37404580153,-2170.992366412214,5221.374045801527
491696,0,0,0,4919456773,4901.259179,0.010005,418,16524,446,-2076,-1237,-80,191,0.2501940734863281,9.890447058105469,0.26695348510742184,30.424117647058825,-33993.89312977099,-2198.4732824427483,5248.854961832061
491697,0,0,0,4919466778,4901.269184,0.010005,376,16508,522,-2076,-1234,-83,188,0.22505495605468748,9.880870251464843,0.3124433166503906,30.424117647058825,-33911.45038167939,-2280.916030534351,5166.412213740458
491698,0,0,0,4919476784,4901.27919,0.010006,334,16560,492,-2067,-1227,-89,184,0.19991583862304688,9.911994873046874,0.29448680419921874,30.45058823529412,-33719.08396946565,-2445.8015267175574,5056.488549618321
491699,0,0,0,4919486789,4901.289195,0.010005,368,16542,466,-2068,-1231,-89,184,0.22026655273437498,9.90122096557617,0.27892449340820313,30.44764705882353,-33829.00763358779,-2445.8015267175574,5056.488549618321
491700,0,0,0,4919496794,4901.2992,0.010005,390,16528,396,-2068,-1232,-88,187,0.23343466186523437,9.892841259765625,0.23702596435546874,30.44764705882353,-33856.48854961832,-2418.320610687023,5138.931297709924
491701,0,0,0,4919506799,4901.309205,0.010005,366,16510,504,-2066,-1230,-85,190,0.21906945190429686,9.882067352294921,0.3016694091796875,30.453529411764706,-33801.52671755725,-2335.87786259542,5221.374045801527
491702,0,0,0,4919516804,4901.31921,0.010005,376,16554,514,-2070,-1233,-78,191,0.22505495605468748,9.90840357055664,0.3076549133300781,30.441764705882356,-33883.96946564886,-2143.5114503816794,5248.854961832061
491703,0,0,0,4919526810,4901.329216,0.010006,350,16488,518,-2075,-1228,-87,191,0.20949264526367187,9.868899243164062,0.31004911499023435,30.427058823529414,-33746.564885496184,-2390.8396946564885,5248.854961832061
491704,0,0,0,4919536815,4901.339221,0.010005,388,16564,446,-2068,-1229,-84,186,0.23223756103515625,9.91438907470703,0.26695348510742184,30.44764705882353,-33774.04580152672,-2308.3969465648856,5111.4503816793895
491705,0,0,0,4919546820,4901.349226,0.010005,388,16532,456,-2067,-1234,-81,187,0.23223756103515625,9.89523546142578,0.27293898925781246,30.45058823529412,-33911.45038167939,-2225.9541984732828,5138.931297709924
491706,0,0,0,4919556825,4901.359231,0.010005,368,16574,506,-2066,-1233,-91,192,0.22026655273437498,9.920374578857421,0.3028665100097656,30.453529411764706,-33883.96946564886,-2500.7633587786263,5276.335877862595
491707,0,0,0,4919566830,4901.369236,0.010005,358,16552,496,-2068,-1230,-93,187,0.21428104858398436,9.907206469726562,0.296881005859375,30.44764705882353,-33801.52671755725,-2555.7251908396947,5138.931297709924
491708,0,0,0,4919576836,4901.379242,0.010006,352,16580,422,-2069,-1232,-81,193,0.21068974609375,9.923965881347655,0.25258827514648435,30.44470588235294,-33856.48854961832,-2225.9541984732828,5303.81679389313
491709,0,0,0,4919586841,4901.389247,0.010005,382,16556,498,-2067,-1231,-82,193,0.22864625854492185,9.909600671386718,0.2980781066894531,30.45058823529412,-33829.00763358779,-2253.4351145038167,5303.81679389313
491710,0,0,0,4919596846,4901.399252,0.010005,356,16488,496,-2070,-1233,-88,184,0.21308394775390624,9.868899243164062,0.296881005859375,30.441764705882356,-33883.96946564886,-2418.320610687023,5056.488549618321
491711,0,0,0,4919606851,4901.409257,0.010005,372,16520,438,-2074,-1237,-84,175,0.22266075439453123,9.888052856445311,0.26216508178710934,30.43,-33993.89312977099,-2308.3969465648856,4809.160305343512
491712,0,0,0,4919616856,4901.419262,0.010005,366,16554,498,-2072,-1226,-87,183,0.21906945190429686,9.90840357055664,0.2980781066894531,30.435882352941178,-33691.603053435116,-2390.8396946564885,5029.007633587787
491713,0,0,0,4919626862,4901.429268,0.010006,344,16548,508,-2065,-1228,-84,178,0.2059013427734375,9.904812268066406,0.30406361083984373,30.456470588235295,-33746.564885496184,-2308.3969465648856,4891.603053435115
491714,0,0,0,4919636867,4901.439273,0.010005,416,16562,480,-2061,-1227,-83,176,0.24899697265624998,9.913191973876952,0.28730419921875,30.468235294117648,-33719.08396946565,-2280.916030534351,4836.641221374046
491715,0,0,0,4919646872,4901.449278,0.010005,378,16528,500,-2066,-1228,-88,178,0.2262520568847656,9.892841259765625,0.29927520751953124,30.453529411764706,-33746.564885496184,-2418.320610687023,4891.603053435115
491716,0,0,0,4919656877,4901.459283,0.010005,376,16574,482,-2074,-1234,-84,188,0.22505495605468748,9.920374578857421,0.2885013000488281,30.43,-33911.45038167939,-2308.3969465648856,5166.412213740458
491717,0,0,0,4919666882,4901.469288,0.010005,350,16540,448,-2074,-1225,-82,183,0.20949264526367187,9.900023864746093,0.26815058593749996,30.43,-33664.122137404585,-2253.4351145038167,5029.007633587787
491718,0,0,0,4919676888,4901.479294,0.010006,326,16558,480,-2069,-1230,-82,186,0.19512743530273435,9.910797772216796,0.28730419921875,30.44470588235294,-33801.52671755725,-2253.4351145038167,5111.4503816793895
491719,0,0,0,4919686893,4901.489299,0.010005,322,16528,458,-2067,-1236,-79,184,0.1927332336425781,9.892841259765625,0.2741360900878906,30.45058823529412,-33966.41221374046,-2170.992366412214,5056.488549618321
491720,0,0,0,4919696898,4901.499304,0.010005,376,16588,520,-2065,-1230,-85,191,0.22505495605468748,9.928754284667969,0.3112462158203125,30.456470588235295,-33801.52671755725,-2335.87786259542,5248.854961832061
491721,0,0,0,4919706903,4901.509309,0.010005,360,16548,506,-2071,-1230,-93,194,0.2154781494140625,9.904812268066406,0.3028665100097656,30.438823529411767,-33801.52671755725,-2555.7251908396947,5331.297709923664
491722,0,0,0,4919716908,4901.519314,0.010005,388,16546,516,-2068,-1228,-81,189,0.23223756103515625,9.903615167236328,0.30885201416015623,30.44764705882353,-33746.564885496184,-2225.9541984732828,5193.893129770992
491723,0,0,0,4919726914,4901.52932,0.010006,360,16462,442,-2067,-1226,-85,187,0.2154781494140625,9.853336932373047,0.2645592834472656,30.45058823529412,-33691.603053435116,-2335.87786259542,5138.931297709924
491724,0,0,0,4919736919,4901.539325,0.010005,366,16572,482,-2072,-1234,-84,190,0.21906945190429686,9.919177478027343,0.2885013000488281,30.435882352941178,-33911.45038167939,-2308.3969465648856,5221.374045801527
491725,0,0,0,4919746924,4901.54933,0.010005,348,16502,434,-2070,-1229,-85,191,0.20829554443359374,9.87727894897461,0.2597708801269531,30.441764705882356,-33774.04580152672,-2335.87786259542,5248.854961832061
491726,0,0,0,4919756929,4901.559335,0.010005,330,16560,436,-2064,-1236,-92,186,0.1975216369628906,9.911994873046874,0.2609679809570312,30.459411764705884,-33966.41221374046,-2528.2442748091603,5111.4503816793895
491727,0,0,0,4919766934,4901.56934,0.010005,364,16542,412,-2069,-1225,-88,189,0.21787235107421873,9.90122096557617,0.24660277099609373,30.44470588235294,-33664.122137404585,-2418.320610687023,5193.893129770992
491728,0,0,0,4919776940,4901.579346,0.010006,336,16570,516,-2067,-1230,-88,183,0.201112939453125,9.917980377197265,0.30885201416015623,30.45058823529412,-33801.52671755725,-2418.320610687023,5029.007633587787
491729,0,0,0,4919786945,4901.589351,0.010005,390,16524,510,-2067,-1229,-82,184,0.23343466186523437,9.890447058105469,0.30526071166992186,30.45058823529412,-33774.04580152672,-2253.4351145038167,5056.488549618321
491730,0,0,0,4919796950,4901.599356,0.010005,418,16608,462,-2069,-1223,-81,184,0.2501940734863281,9.94072529296875,0.2765302917480469,30.44470588235294,-33609.16030534351,-2225.9541984732828,5056.488549618321
491731,0,0,0,4919806955,4901.609361,0.010005,366,16536,454,-2077,-1230,-86,185,0.21906945190429686,9.897629663085937,0.27174188842773433,30.421176470588236,-33801.52671755725,-2363.3587786259545,5083.9694656488555
491732,0,0,0,4919816960,4901.619366,0.010005,360,16588,458,-2078,-1232,-80,182,0.2154781494140625,9.928754284667969,0.2741360900878906,30.41823529411765,-33856.48854961832,-2198.4732824427483,5001.526717557253
491733,0,0,0,4919826966,4901.629372,0.010006,356,16542,454,-2071,-1234,-84,178,0.21308394775390624,9.90122096557617,0.27174188842773433,30.438823529411767,-33911.45038167939,-2308.3969465648856,4891.603053435115
491734,0,0,0,4919836971,4901.639377,0.010005,370,16540,434,-2073,-1238,-86,177,0.2214636535644531,9.900023864746093,0.2597708801269531,30.43294117647059,-34021.37404580153,-2363.3587786259545,4864.122137404581
491735,0,0,0,4919846976,4901.649382,0.010005,360,16568,470,-2071,-1231,-82,177,0.2154781494140625,9.916783276367187,0.2813186950683594,30.438823529411767,-33829.00763358779,-2253.4351145038167,4864.122137404581
491736,0,0,0,4919856981,4901.659387,0.010005,358,16528,472,-2068,-1230,-81,189,0.21428104858398436,9.892841259765625,0.2825157958984375,30.44764705882353,-33801.52671755725,-2225.9541984732828,5193.893129770992
491737,0,0,0,4919866986,4901.669392,0.010005,370,16512,460,-2064,-1228,-81,188,0.2214636535644531,9.883264453125,0.2753331909179687,30.459411764705884,-33746.564885496184,-2225.9541984732828,5166.412213740458
491738,0,0,0,4919876992,4901.679398,0.010006,324,16522,464,-2068,-1226,-85,189,0.19393033447265623,9.889249957275391,0.277727392578125,30.44764705882353,-33691.603053435116,-2335.87786259542,5193.893129770992
491739,0,0,0,4919886997,4901.689403,0.010005,370,16544,518,-2064,-1234,-87,190,0.2214636535644531,9.90241806640625,0.31004911499023435,30.459411764705884,-33911.45038167939,-2390.8396946564885,5221.374045801527
491740,0,0,0,4919897002,4901.699408,0.010005,356,16540,478,-2066,-1229,-88,193,0.21308394775390624,9.900023864746093,0.2861070983886719,30.453529411764706,-33774.04580152672,-2418.320610687023,5303.81679389313
491741,0,0,0,4919907007,4901.709413,0.010005,416,16568,458,-2069,-1231,-88,186,0.24899697265624998,9.916783276367187,0.2741360900878906,30.44470588235294,-33829.00763358779,-2418.320610687023,5111.4503816793895
491742,0,0,0,4919917012,4901.719418,0.010005,348,16538,478,-2069,-1227,-91,183,0.20829554443359374,9.898826763916015,0.2861070983886719,30.44470588235294,-33719.08396946565,-2500.7633587786263,5029.007633587787
491743,0,0,0,4919927018,4901.729424,0.010006,366,16580,450,-2066,-1231,-88,189,0.21906945190429686,9.923965881347655,0.2693476867675781,30.453529411764706,-33829.00763358779,-2418.320610687023,5193.893129770992
491744,0,0,0,4919937023,4901.739429,0.010005,398,16536,420,-2067,-1234,-85,186,0.23822306518554687,9.897629663085937,0.25139117431640623,30.45058823529412,-33911.45038167939,-2335.87786259542,5111.4503816793895
491745,0,0,0,4919947028,4901.749434,0.010005,380,16572,462,-2069,-1238,-93,186,0.22744915771484372,9.919177478027343,0.2765302917480469,30.44470588235294,-34021.37404580153,-2555.7251908396947,5111.4503816793895
491746,0,0,0,4919957033,4901.759439,0.010005,368,16550,526,-2069,-1235,-75,185,0.22026655273437498,9.906009368896484,0.31483751831054685,30.44470588235294,-33938.931297709925,-2061.0687022900765,5083.9694656488555
491747,0,0,0,4919967038,4901.769444,0.010005,342,16550,452,-2072,-1225,-80,185,0.20470424194335937,9.906009368896484,0.2705447875976562,30.435882352941178,-33664.122137404585,-2198.4732824427483,5083.9694656488555
491748,0,0,0,4919977044,4901.77945,0.010006,380,16552,484,-2067,-1227,-86,187,0.22744915771484372,9.907206469726562,0.28969840087890625,30.45058823529412,-33719.08396946565,-2363.3587786259545,5138.931297709924
491749,0,0,0,4919987049,4901.789455,0.010005,394,16582,484,-2071,-1230,-92,190,0.23582886352539062,9.925162982177733,0.28969840087890625,30.438823529411767,-33801.52671755725,-2528.2442748091603,5221.374045801527
491750,0,0,0,4919997054,4901.79946,0.010005,364,16494,466,-2068,-1227,-83,183,0.21787235107421873,9.872490545654296,0.27892449340820313,30.44764705882353,-33719.08396946565,-2280.916030534351,5029.007633587787
491751,0,0,0,4920007059,4901.809465,0.010005,356,16558,486,-2065,-1230,-83,186,0.21308394775390624,9.910797772216796,0.29089550170898437,30.456470588235295,-33801.52671755725,-2280.916030534351,5111.4503816793895
491752,0,0,0,4920017065,4901.819471,0.010006,358,16532,454,-2066,-1231,-84,189,0.21428104858398436,9.89523546142578,0.27174188842773433,30.453529411764706,-33829.00763358779,-2308.3969465648856,5193.893129770992
491753,0,0,0,4920027070,4901.829476,0.010005,370,16568,498,-2075,-1231,-86,180,0.2214636535644531,9.916783276367187,0.2980781066894531,30.427058823529414,-33829.00763358779,-2363.3587786259545,4946.564885496184
491754,0,0,0,4920037075,4901.839481,0.010005,366,16542,386,-2067,-1233,-84,190,0.21906945190429686,9.90122096557617,0.23104046020507812,30.45058823529412,-33883.96946564886,-2308.3969465648856,5221.374045801527
491755,0,0,0,4920047080,4901.849486,0.010005,330,16522,500,-2069,-1227,-93,191,0.1975216369628906,9.889249957275391,0.29927520751953124,30.44470588235294,-33719.08396946565,-2555.7251908396947,5248.854961832061
491756,0,0,0,4920057085,4901.859491,0.010005,386,16514,476,-2065,-1225,-89,187,0.23104046020507812,9.884461553955077,0.28490999755859375,30.456470588235295,-33664.122137404585,-2445.8015267175574,5138.931297709924
491757,0,0,0,4920067091,4901.869497,0.010006,366,16528,418,-2067,-1233,-78,188,0.21906945190429686,9.892841259765625,0.2501940734863281,30.45058823529412,-33883.96946564886,-2143.5114503816794,5166.412213740458
491758,0,0,0,4920077096,4901.879502,0.010005,386,16566,422,-2073,-1230,-86,182,0.23104046020507812,9.91558617553711,0.25258827514648435,30.43294117647059,-33801.52671755725,-2363.3587786259545,5001.526717557253
491759,0,0,0,4920087101,4901.889507,0.010005,366,16566,462,-2069,-1235,-84,180,0.21906945190429686,9.91558617553711,0.2765302917480469,30.44470588235294,-33938.931297709925,-2308.3969465648856,4946.564885496184
491760,0,0,0,4920097106,4901.899512,0.010005,364,16566,418,-2069,-1230,-87,182,0.21787235107421873,9.91558617553711,0.2501940734863281,30.44470588235294,-33801.52671755725,-2390.8396946564885,5001.526717557253
491761,0,0,0,4920107111,4901.909517,0.010005,360,16526,496,-2067,-1227,-86,180,0.2154781494140625,9.891644158935547,0.296881005859375,30.45058823529412,-33719.08396946565,-2363.3587786259545,4946.564885496184
491762,0,0,0,4920117117,4901.919523,0.010006,346,16558,498,-2066,-1229,-87,181,0.20709844360351562,9.910797772216796,0.2980781066894531,30.453529411764706,-33774.04580152672,-2390.8396946564885,4974.045801526718
491763,0,0,0,4920127122,4901.929528,0.010005,352,16566,494,-2075,-1236,-89,192,0.21068974609375,9.91558617553711,0.29568390502929687,30.427058823529414,-33966.41221374046,-2445.8015267175574,5276.335877862595
491764,0,0,0,4920137127,4901.939533,0.010005,364,16556,520,-2075,-1234,-85,181,0.21787235107421873,9.909600671386718,0.3112462158203125,30.427058823529414,-33911.45038167939,-2335.87786259542,4974.045801526718
491765,0,0,0,4920147132,4901.949538,0.010005,370,16490,434,-2073,-1231,-85,178,0.2214636535644531,9.87009634399414,0.2597708801269531,30.43294117647059,-33829.00763358779,-2335.87786259542,4891.603053435115
491766,0,0,0,4920157137,4901.959543,0.010005,400,16590,438,-2071,-1232,-83,187,0.239420166015625,9.929951385498047,0.26216508178710934,30.438823529411767,-33856.48854961832,-2280.916030534351,5138.931297709924
491767,0,0,0,4920167143,4901.969549,0.010006,388,16534,496,-2068,-1235,-91,184,0.23223756103515625,9.896432562255859,0.296881005859375,30.44764705882353,-33938.931297709925,-2500.7633587786263,5056.488549618321
491768,0,0,0,4920177148,4901.979554,0.010005,358,16534,408,-2072,-1225,-85,185,0.21428104858398436,9.896432562255859,0.2442085693359375,30.435882352941178,-33664.122137404585,-2335.87786259542,5083.9694656488555
491769,0,0,0,4920187153,4901.989559,0.010005,374,16534,440,-2068,-1230,-90,179,0.22385785522460935,9.896432562255859,0.26336218261718747,30.44764705882353,-33801.52671755725,-2473.282442748092,4919.083969465649
491770,0,0,0,4920197158,4901.999564,0.010005,396,16578,500,-2071,-1225,-96,177,0.23702596435546874,9.922768780517577,0.29927520751953124,30.438823529411767,-33664.122137404585,-2638.1679389312976,4864.122137404581
491771,0,0,0,4920207163,4902.009569,0.010005,386,16540,486,-2070,-1230,-88,183,0.23104046020507812,9.900023864746093,0.29089550170898437,30.441764705882356,-33801.52671755725,-2418.320610687023,5029.007633587787
491772,0,0,0,4920217169,4902.019575,0.010006,314,16580,488,-2063,-1233,-80,184,0.1879448303222656,9.923965881347655,0.2920926025390625,30.462352941176473,-33883.96946564886,-2198.4732824427483,5056.488549618321
491773,0,0,0,4920227174,4902.02958,0.010005,376,16520,472,-2066,-1235,-85,186,0.22505495605468748,9.888052856445311,0.2825157958984375,30.453529411764706,-33938.931297709925,-2335.87786259542,5111.4503816793895
491774,0,0,0,4920237179,4902.039585,0.010005,400,16524,500,-2070,-1234,-81,181,0.239420166015625,9.890447058105469,0.29927520751953124,30.441764705882356,-33911.45038167939,-2225.9541984732828,4974.045801526718
491775,0,0,0,4920247184,4902.04959,0.010005,406,16582,466,-2071,-1233,-83,186,0.24301146850585936,9.925162982177733,0.27892449340820313,30.438823529411767,-33883.96946564886,-2280.916030534351,5111.4503816793895
491776,0,0,0,4920257189,4902.059595,0.010005,360,16536,506,-2071,-1231,-86,183,0.2154781494140625,9.897629663085937,0.3028665100097656,30.438823529411767,-33829.00763358779,-2363.3587786259545,5029.007633587787
491777,0,0,0,4920267195,4902.069601,0.010006,360,16532,454,-2074,-1229,-85,187,0.2154781494140625,9.89523546142578,0.27174188842773433,30.43,-33774.04580152672,-2335.87786259542,5138.931297709924
491778,0,0,0,4920277200,4902.079606,0.010005,382,16524,484,-2073,-1240,-84,185,0.22864625854492185,9.890447058105469,0.28969840087890625,30.43294117647059,-34076.3358778626,-2308.3969465648856,5083.9694656488555
491779,0,0,0,4920287205,4902.089611,0.010005,388,16562,446,-2070,-1235,-82,183,0.23223756103515625,9.913191973876952,0.26695348510742184,30.441764705882356,-33938.931297709925,-2253.4351145038167,5029.007633587787
491780,0,0,0,4920297210,4902.099616,0.010005,382,16534,464,-2065,-1231,-87,189,0.22864625854492185,9.896432562255859,0.277727392578125,30.456470588235295,-33829.00763358779,-2390.8396946564885,5193.893129770992
491781,0,0,0,4920307215,4902.109621,0.010005,378,16560,418,-2067,-1234,-90,177,0.2262520568847656,9.911994873046874,0.2501940734863281,30.45058823529412,-33911.45038167939,-2473.282442748092,4864.122137404581
491782,0,0,0,4920317221,4902.119627,0.010006,390,16508,504,-2065,-1233,-88,185,0.23343466186523437,9.880870251464843,0.3016694091796875,30.456470588235295,-33883.96946564886,-2418.320610687023,5083.9694656488555
491783,0,0,0,4920327226,4902.129632,0.010005,362,16566,506,-2065,-1234,-87,196,0.2166752502441406,9.91558617553711,0.3028665100097656,30.456470588235295,-33911.45038167939,-2390.8396946564885,5386.259541984733
491784,0,0,0,4920337231,4902.139637,0.010005,380,16516,488,-2069,-1240,-94,195,0.22744915771484372,9.885658654785155,0.2920926025390625,30.44470588235294,-34076.3358778626,-2583.206106870229,5358.778625954199
491785,0,0,0,4920347236,4902.149642,0.010005,346,16528,526,-2068,-1233,-85,192,0.20709844360351562,9.892841259765625,0.31483751831054685,30.44764705882353,-33883.96946564886,-2335.87786259542,5276.335877862595
491786,0,0,0,4920357241,4902.159647,0.010005,364,16576,436,-2065,-1231,-94,182,0.21787235107421873,9.9215716796875,0.2609679809570312,30.456470588235295,-33829.00763358779,-2583.206106870229,5001.526717557253
491787,0,0,0,4920367247,4902.169653,0.010006,354,16566,412,-2071,-1230,-92,185,0.21188684692382811,9.91558617553711,0.24660277099609373,30.438823529411767,-33801.52671755725,-2528.2442748091603,5083.9694656488555
491788,0,0,0,4920377252,4902.179658,0.010005,380,16538,488,-2067,-1227,-84,184,0.22744915771484372,9.898826763916015,0.2920926025390625,30.45058823529412,-33719.08396946565,-2308.3969465648856,5056.488549618321
491789,0,0,0,4920387257,4902.189663,0.010005,390,16564,460,-2067,-1233,-83,179,0.23343466186523437,9.91438907470703,0.2753331909179687,30.45058823529412,-33883.96946564886,-2280.916030534351,4919.083969465649
491790,0,0,0,4920397262,4902.199668,0.010005,326,16546,418,-2069,-1229,-82,186,0.19512743530273435,9.903615167236328,0.2501940734863281,30.44470588235294,-33774.04580152672,-2253.4351145038167,5111.4503816793895
491791,0,0,0,4920407267,4902.209673,0.010005,342,16588,430,-2070,-1229,-91,192,0.20470424194335937,9.928754284667969,0.25737667846679685,30.441764705882356,-33774.04580152672,-2500.7633587786263,5276.335877862595
491792,0,0,0,4920417273,4902.219679,0.010006,366,16568,512,-2071,-1230,-86,185,0.21906945190429686,9.916783276367187,0.3064578125,30.438823529411767,-33801.52671755725,-2363.3587786259545,5083.9694656488555
491793,0,0,0,4920427278,4902.229684,0.010005,370,16528,534,-2063,-1234,-86,196,0.2214636535644531,9.892841259765625,0.31962592163085934,30.462352941176473,-33911.45038167939,-2363.3587786259545,5386.259541984733
491794,0,0,0,4920437283,4902.239689,0.010005,366,16514,456,-2062,-1229,-86,195,0.21906945190429686,9.884461553955077,0.27293898925781246,30.465294117647062,-33774.04580152672,-2363.3587786259545,5358.778625954199
491795,0,0,0,4920447288,4902.249694,0.010005,366,16548,474,-2070,-1222,-94,177,0.21906945190429686,9.904812268066406,0.28371289672851563,30.441764705882356,-33581.67938931298,-2583.206106870229,4864.122137404581
491796,0,0,0,4920457293,4902.259699,0.010005,380,16540,450,-2072,-1231,-83,183,0.22744915771484372,9.900023864746093,0.2693476867675781,30.435882352941178,-33829.00763358779,-2280.916030534351,5029.007633587787
491797,0,0,0,4920467299,4902.269705,0.010006,338,16572,494,-2065,-1232,-76,195,0.20231004028320312,9.919177478027343,0.29568390502929687,30.456470588235295,-33856.48854961832,-2088.549618320611,5358.778625954199
491798,0,0,0,4920477304,4902.27971,0.010005,360,16564,494,-2066,-1235,-81,187,0.2154781494140625,9.91438907470703,0.29568390502929687,30.453529411764706,-33938.931297709925,-2225.9541984732828,5138.931297709924
491799,0,0,0,4920487309,4902.289715,0.010005,386,16590,486,-2069,-1233,-86,188,0.23104046020507812,9.929951385498047,0.29089550170898437,30.44470588235294,-33883.96946564886,-2363.3587786259545,5166.412213740458
491800,0,0,0,4920497314,4902.29972,0.010005,386,16538,414,-2072,-1228,-85,182,0.23104046020507812,9.898826763916015,0.24779987182617186,30.435882352941178,-33746.564885496184,-2335.87786259542,5001.526717557253
491801,0,0,0,4920507319,4902.309725,0.010005,384,16534,460,-2069,-1229,-91,185,0.229843359375,9.896432562255859,0.2753331909179687,30.44470588235294,-33774.04580152672,-2500.7633587786263,5083.9694656488555
491802,0,0,0,4920517325,4902.319731,0.010006,378,16606,440,-2074,-1233,-84,185,0.2262520568847656,9.93952819213867,0.26336218261718747,30.43,-33883.96946564886,-2308.3969465648856,5083.9694656488555
491803,0,0,0,4920527330,4902.329736,0.010005,352,16516,448,-2069,-1232,-89,192,0.21068974609375,9.885658654785155,0.26815058593749996,30.44470588235294,-33856.48854961832,-2445.8015267175574,5276.335877862595
491804,0,0,0,4920537335,4902.339741,0.010005,390,16508,480,-2070,-1231,-83,189,0.23343466186523437,9.880870251464843,0.28730419921875,30.441764705882356,-33829.00763358779,-2280.916030534351,5193.893129770992
491805,0,0,0,4920547340,4902.349746,0.010005,346,16538,504,-2062,-1230,-91,183,0.20709844360351562,9.898826763916015,0.3016694091796875,30.465294117647062,-33801.52671755725,-2500.7633587786263,5029.007633587787
491806,0,0,0,4920557345,4902.359751,0.010005,372,16498,468,-2067,-1230,-89,176,0.22266075439453123,9.874884747314452,0.28012159423828126,30.45058823529412,-33801.52671755725,-2445.8015267175574,4836.641221374046
491807,0,0,0,4920567351,4902.369757,0.010006,370,16502,504,-2073,-1224,-86,189,0.2214636535644531,9.87727894897461,0.3016694091796875,30.43294117647059,-33636.64122137405,-2363.3587786259545,5193.893129770992
491808,0,0,0,4920577356,4902.379762,0.010005,394,16530,476,-2071,-1225,-87,186,0.23582886352539062,9.894038360595703,0.28490999755859375,30.438823529411767,-33664.122137404585,-2390.8396946564885,5111.4503816793895
491809,0,0,0,4920587361,4902.389767,0.010005,446,16554,472,-2073,-1233,-87,185,0.26695348510742184,9.90840357055664,0.2825157958984375,30.43294117647059,-33883.96946564886,-2390.8396946564885,5083.9694656488555
491810,0,0,0,4920597366,4902.399772,0.010005,384,16556,460,-2074,-1225,-86,179,0.229843359375,9.909600671386718,0.2753331909179687,30.43,-33664.122137404585,-2363.3587786259545,4919.083969465649
491811,0,0,0,4920607371,4902.409777,0.010005,380,16560,486,-2072,-1224,-84,182,0.22744915771484372,9.911994873046874,0.29089550170898437,30.435882352941178,-33636.64122137405,-2308.3969465648856,5001.526717557253
491812,0,0,0,4920617377,4902.419783,0.010006,364,16544,460,-2068,-1230,-87,185,0.21787235107421873,9.90241806640625,0.2753331909179687,30.44764705882353,-33801.52671755725,-2390.8396946564885,5083.9694656488555
491813,0,0,0,4920627382,4902.429788,0.010005,386,16532,476,-2068,-1233,-89,191,0.23104046020507812,9.89523546142578,0.28490999755859375,30.44764705882353,-33883.96946564886,-2445.8015267175574,5248.854961832061
491814,0,0,0,4920637387,4902.439793,0.010005,354,16526,444,-2072,-1231,-83,187,0.21188684692382811,9.891644158935547,0.2657563842773437,30.435882352941178,-33829.00763358779,-2280.916030534351,5138.931297709924
491815,0,0,0,4920647392,4902.449798,0.010005,354,16554,460,-2073,-1231,-87,192,0.21188684692382811,9.90840357055664,0.2753331909179687,30.43294117647059,-33829.00763358779,-2390.8396946564885,5276.335877862595
491816,0,0,0,4920657397,4902.459803,0.010005,358,16528,482,-2072,-1235,-86,180,0.21428104858398436,9.892841259765625,0.2885013000488281,30.435882352941178,-33938.931297709925,-2363.3587786259545,4946.564885496184
491817,0,0,0,4920667403,4902.469809,0.010006,384,16548,472,-2071,-1230,-84,185,0.229843359375,9.904812268066406,0.2825157958984375,30.438823529411767,-33801.52671755725,-2308.3969465648856,5083.9694656488555
491818,0,0,0,4920677408,4902.479814,0.010005,394,16544,460,-2072,-1234,-89,185,0.23582886352539062,9.90241806640625,0.2753331909179687,30.435882352941178,-33911.45038167939,-2445.8015267175574,5083.9694656488555
491819,0,0,0,4920687413,4902.489819,0.010005,356,16506,434,-2075,-1228,-82,174,0.21308394775390624,9.879673150634765,0.2597708801269531,30.427058823529414,-33746.564885496184,-2253.4351145038167,4781.679389312977
491820,0,0,0,4920697418,4902.499824,0.010005,352,16504,496,-2070,-1229,-78,181,0.21068974609375,9.878476049804688,0.296881005859375,30.441764705882356,-33774.04580152672,-2143.5114503816794,4974.045801526718
491821,0,0,0,4920707423,4902.509829,0.010005,350,16562,474,-2071,-1234,-85,184,0.20949264526367187,9.913191973876952,0.28371289672851563,30.438823529411767,-33911.45038167939,-2335.87786259542,5056.488549618321
491822,0,0,0,4920717429,4902.519835,0.010006,338,16536,408,-2070,-1234,-87,187,0.20231004028320312,9.897629663085937,0.2442085693359375,30.441764705882356,-33911.45038167939,-2390.8396946564885,5138.931297709924
491823,0,0,0,4920727434,4902.52984,0.010005,370,16532,494,-2072,-1228,-79,180,0.2214636535644531,9.89523546142578,0.29568390502929687,30.435882352941178,-33746.564885496184,-2170.992366412214,4946.564885496184
491824,0,0,0,4920737439,4902.539845,0.010005,404,16532,484,-2076,-1232,-84,181,0.24181436767578124,9.89523546142578,0.28969840087890625,30.424117647058825,-33856.48854961832,-2308.3969465648856,4974.045801526718
491825,0,0,0,4920747444,4902.54985,0.010005,388,16558,466,-2068,-1238,-84,192,0.23223756103515625,9.910797772216796,0.27892449340820313,30.44764705882353,-34021.37404580153,-2308.3969465648856,5276.335877862595
491826,0,0,0,4920757449,4902.559855,0.010005,386,16566,440,-2077,-1230,-85,184,0.23104046020507812,9.91558617553711,0.26336218261718747,30.421176470588236,-33801.52671755725,-2335.87786259542,5056.488549618321
491827,0,0,0,4920767455,4902.569861,0.010006,360,16520,444,-2073,-1229,-82,183,0.2154781494140625,9.888052856445311,0.2657563842773437,30.43294117647059,-33774.04580152672,-2253.4351145038167,5029.007633587787
491828,0,0,0,4920777460,4902.579866,0.010005,418,16560,470,-2067,-1232,-83,175,0.2501940734863281,9.911994873046874,0.2813186950683594,30.45058823529412,-33856.48854961832,-2280.916030534351,4809.160305343512
491829,0,0,0,4920787465,4902.589871,0.010005,428,16548,500,-2070,-1230,-85,176,0.2561795776367187,9.904812268066406,0.29927520751953124,30.441764705882356,-33801.52671755725,-2335.87786259542,4836.641221374046
491830,0,0,0,4920797470,4902.599876,0.010005,372,16560,456,-2065,-1234,-82,181,0.22266075439453123,9.911994873046874,0.27293898925781246,30.456470588235295,-33911.45038167939,-2253.4351145038167,4974.045801526718
491831,0,0,0,4920807475,4902.609881,0.010005,376,16524,432,-2067,-1230,-89,185,0.22505495605468748,9.890447058105469,0.258573779296875,30.45058823529412,-33801.52671755725,-2445.8015267175574,5083.9694656488555
491832,0,0,0,4920817481,4902.619887,0.010006,332,16552,418,-2065,-1232,-87,188,0.19871873779296872,9.907206469726562,0.2501940734863281,30.456470588235295,-33856.48854961832,-2390.8396946564885,5166.412213740458
491833,0,0,0,4920827486,4902.629892,0.010005,382,16540,506,-2070,-1235,-87,184,0.22864625854492185,9.900023864746093,0.3028665100097656,30.441764705882356,-33938.931297709925,-2390.8396946564885,5056.488549618321
491834,0,0,0,4920837491,4902.639897,0.010005,388,16526,506,-2075,-1229,-93,191,0.23223756103515625,9.891644158935547,0.3028665100097656,30.427058823529414,-33774.04580152672,-2555.7251908396947,5248.854961832061
491835,0,0,0,4920847496,4902.649902,0.010005,376,16534,524,-2073,-1225,-85,187,0.22505495605468748,9.896432562255859,0.3136404174804687,30.43294117647059,-33664.122137404585,-2335.87786259542,5138.931297709924
491836,0,0,0,4920857501,4902.659907,0.010005,364,16518,488,-2066,-1233,-88,182,0.21787235107421873,9.886855755615233,0.2920926025390625,30.453529411764706,-33883.96946564886,-2418.320610687023,5001.526717557253
491837,0,0,0,4920867507,4902.669913,0.010006,352,16566,480,-2066,-1232,-85,179,0.21068974609375,9.91558617553711,0.28730419921875,30.453529411764706,-33856.48854961832,-2335.87786259542,4919.083969465649
491838,0,0,0,4920877512,4902.679918,0.010005,350,16532,502,-2068,-1229,-88,184,0.20949264526367187,9.89523546142578,0.30047230834960936,30.44764705882353,-33774.04580152672,-2418.320610687023,5056.488549618321
491839,0,0,0,4920887517,4902.689923,0.010005,354,16578,528,-2073,-1230,-83,182,0.21188684692382811,9.922768780517577,0.316034619140625,30.43294117647059,-33801.52671755725,-2280.916030534351,5001.526717557253
491840,0,0,0,4920897522,4902.699928,0.010005,406,16556,410,-2069,-1234,-84,190,0.24301146850585936,9.909600671386718,0.2454056701660156,30.44470588235294,-33911.45038167939,-2308.3969465648856,5221.374045801527
491841,0,0,0,4920907527,4902.709933,0.010005,344,16534,404,-2072,-1228,-88,191,0.2059013427734375,9.896432562255859,0.24181436767578124,30.435882352941178,-33746.564885496184,-2418.320610687023,5248.854961832061
491842,0,0,0,4920917533,4902.719939,0.010006,356,16526,446,-2070,-1234,-91,182,0.21308394775390624,9.891644158935547,0.26695348510742184,30.441764705882356,-33911.45038167939,-2500.7633587786263,5001.526717557253
491843,0,0,0,4920927538,4902.729944,0.010005,366,16488,438,-2068,-1229,-86,189,0.21906945190429686,9.868899243164062,0.26216508178710934,30.44764705882353,-33774.04580152672,-2363.3587786259545,5193.893129770992
491844,0,0,0,4920937543,4902.739949,0.010005,358,16544,524,-2069,-1233,-86,190,0.21428104858398436,9.90241806640625,0.3136404174804687,30.44470588235294,-33883.96946564886,-2363.3587786259545,5221.374045801527
491845,0,0,0,4920947548,4902.749954,0.010005,356,16544,454,-2071,-1240,-87,186,0.21308394775390624,9.90241806640625,0.27174188842773433,30.438823529411767,-34076.3358778626,-2390.8396946564885,5111.4503816793895
491846,0,0,0,4920957553,4902.759959,0.010005,314,16556,462,-2075,-1227,-87,182,0.1879448303222656,9.909600671386718,0.2765302917480469,30.427058823529414,-33719.08396946565,-2390.8396946564885,5001.526717557253
491847,0,0,0,4920967559,4902.769965,0.010006,314,16566,470,-2072,-1233,-86,183,0.1879448303222656,9.91558617553711,0.2813186950683594,30.435882352941178,-33883.96946564886,-2363.3587786259545,5029.007633587787
491848,0,0,0,4920977564,4902.77997,0.010005,360,16532,478,-2066,-1235,-88,184,0.2154781494140625,9.89523546142578,0.2861070983886719,30.453529411764706,-33938.931297709925,-2418.320610687023,5056.488549618321
491849,0,0,0,4920987569,4902.789975,0.010005,338,16480,492,-2066,-1229,-86,192,0.20231004028320312,9.86411083984375,0.29448680419921874,30.453529411764706,-33774.04580152672,-2363.3587786259545,5276.335877862595
491850,0,0,0,4920997574,4902.79998,0.010005,386,16502,440,-2066,-1234,-82,193,0.23104046020507812,9.87727894897461,0.26336218261718747,30.453529411764706,-33911.45038167939,-2253.4351145038167,5303.81679389313
491851,0,0,0,4921007579,4902.809985,0.010005,376,16592,508,-2068,-1227,-79,187,0.22505495605468748,9.931148486328125,0.30406361083984373,30.44764705882353,-33719.08396946565,-2170.992366412214,5138.931297709924
491852,0,0,0,4921017585,4902.819991,0.010006,384,16502,472,-2067,-1233,-86,190,0.229843359375,9.87727894897461,0.2825157958984375,30.45058823529412,-33883.96946564886,-2363.3587786259545,5221.374045801527
491853,0,0,0,4921027590,4902.829996,0.010005,404,16562,476,-2070,-1233,-87,192,0.24181436767578124,9.913191973876952,0.28490999755859375,30.441764705882356,-33883.96946564886,-2390.8396946564885,5276.335877862595
491854,0,0,0,4921037595,4902.840001,0.010005,382,16554,478,-2075,-1231,-87,185,0.22864625854492185,9.90840357055664,0.2861070983886719,30.427058823529414,-33829.00763358779,-2390.8396946564885,5083.9694656488555
491855,0,0,0,4921047600,4902.850006,0.010005,324,16546,436,-2072,-1231,-81,178,0.19393033447265623,9.903615167236328,0.2609679809570312,30.435882352941178,-33829.00763358779,-2225.9541984732828,4891.603053435115
491856,0,0,0,4921057605,4902.860011,0.010005,352,16542,490,-2074,-1230,-95,180,0.21068974609375,9.90122096557617,0.2932897033691406,30.43,-33801.52671755725,-2610.6870229007636,4946.564885496184
491857,0,0,0,4921067611,4902.870017,0.010006,400,16560,488,-2073,-1228,-88,183,0.239420166015625,9.911994873046874,0.2920926025390625,30.43294117647059,-33746.564885496184,-2418.320610687023,5029.007633587787
491858,0,0,0,4921077616,4902.880022,0.010005,344,16562,450,-2069,-1231,-85,187,0.2059013427734375,9.913191973876952,0.2693476867675781,30.44470588235294,-33829.00763358779,-2335.87786259542,5138.931297709924
491859,0,0,0,4921087621,4902.890027,0.010005,300,16538,484,-2070,-1235,-79,184,0.17956512451171874,9.898826763916015,0.28969840087890625,30.441764705882356,-33938.931297709925,-2170.992366412214,5056.488549618321
491860,0,0,0,4921097626,4902.900032,0.010005,362,16544,460,-2069,-1237,-85,178,0.2166752502441406,9.90241806640625,0.2753331909179687,30.44470588235294,-33993.89312977099,-2335.87786259542,4891.603053435115
491861,0,0,0,4921107631,4902.910037,0.010005,408,16506,498,-2068,-1234,-80,187,0.2442085693359375,9.879673150634765,0.2980781066894531,30.44764705882353,-33911.45038167939,-2198.4732824427483,5138.931297709924
491862,0,0,0,4921117637,4902.920043,0.010006,378,16584,494,-2074,-1232,-83,184,0.2262520568847656,9.926360083007811,0.29568390502929687,30.43,-33856.48854961832,-2280.916030534351,5056.488549618321
491863,0,0,0,4921127642,4902.930048,0.010005,380,16518,542,-2066,-1233,-81,192,0.22744915771484372,9.886855755615233,0.32441432495117184,30.453529411764706,-33883.96946564886,-2225.9541984732828,5276.335877862595
491864,0,0,0,4921137647,4902.940053,0.010005,378,16566,462,-2068,-1231,-81,197,0.2262520568847656,9.91558617553711,0.2765302917480469,30.44764705882353,-33829.00763358779,-2225.9541984732828,5413.740458015267
491865,0,0,0,4921147652,4902.950058,0.010005,354,16538,498,-2067,-1230,-80,193,0.21188684692382811,9.898826763916015,0.2980781066894531,30.45058823529412,-33801.52671755725,-2198.4732824427483,5303.81679389313
491866,0,0,0,4921157657,4902.960063,0.010005,350,16582,452,-2067,-1231,-79,191,0.20949264526367187,9.925162982177733,0.2705447875976562,30.45058823529412,-33829.00763358779,-2170.992366412214,5248.854961832061
491867,0,0,0,4921167663,4902.970069,0.010006,374,16578,488,-2072,-1230,-89,198,0.22385785522460935,9.922768780517577,0.2920926025390625,30.435882352941178,-33801.52671755725,-2445.8015267175574,5441.221374045802
491868,0,0,0,4921177668,4902.980074,0.010005,398,16550,452,-2066,-1236,-85,191,0.23822306518554687,9.906009368896484,0.2705447875976562,30.453529411764706,-33966.41221374046,-2335.87786259542,5248.854961832061
491869,0,0,0,4921187673,4902.990079,0.010005,346,16532,404,-2067,-1235,-80,179,0.20709844360351562,9.89523546142578,0.24181436767578124,30.45058823529412,-33938.931297709925,-2198.4732824427483,4919.083969465649
491870,0,0,0,4921197678,4903.000084,0.010005,352,16606,488,-2069,-1231,-84,189,0.21068974609375,9.93952819213867,0.2920926025390625,30.44470588235294,-33829.00763358779,-2308.3969465648856,5193.893129770992
491871,0,0,0,4921207684,4903.01009,0.010006,348,16560,466,-2068,-1228,-89,188,0.20829554443359374,9.911994873046874,0.27892449340820313,30.44764705882353,-33746.564885496184,-2445.8015267175574,5166.412213740458
491872,0,0,0,4921217689,4903.020095,0.010005,322,16548,488,-2068,-1234,-86,185,0.1927332336425781,9.904812268066406,0.2920926025390625,30.44764705882353,-33911.45038167939,-2363.3587786259545,5083.9694656488555
491873,0,0,0,4921227694,4903.0301,0.010005,402,16538,460,-2068,-1230,-90,186,0.24061726684570311,9.898826763916015,0.2753331909179687,30.44764705882353,-33801.52671755725,-2473.282442748092,5111.4503816793895
491874,0,0,0,4921237699,4903.040105,0.010005,368,16566,418,-2073,-1231,-82,185,0.22026655273437498,9.91558617553711,0.2501940734863281,30.43294117647059,-33829.00763358779,-2253.4351145038167,5083.9694656488555
491875,0,0,0,4921247704,4903.05011,0.010005,380,16528,480,-2075,-1229,-79,188,0.22744915771484372,9.892841259765625,0.28730419921875,30.427058823529414,-33774.04580152672,-2170.992366412214,5166.412213740458
491876,0,0,0,4921257710,4903.060116,0.010006,362,16502,446,-2066,-1229,-87,188,0.2166752502441406,9.87727894897461,0.26695348510742184,30.453529411764706,-33774.04580152672,-2390.8396946564885,5166.412213740458
491877,0,0,0,4921267715,4903.070121,0.010005,354,16532,478,-2072,-1227,-82,182,0.21188684692382811,9.89523546142578,0.2861070983886719,30.435882352941178,-33719.08396946565,-2253.4351145038167,5001.526717557253
491878,0,0,0,4921277720,4903.080126,0.010005,366,16540,452,-2068,-1228,-79,191,0.21906945190429686,9.900023864746093,0.2705447875976562,30.44764705882353,-33746.564885496184,-2170.992366412214,5248.854961832061
491879,0,0,0,4921287725,4903.090131,0.010005,364,16536,452,-2068,-1230,-85,195,0.21787235107421873,9.897629663085937,0.2705447875976562,30.44764705882353,-33801.52671755725,-2335.87786259542,5358.778625954199
491880,0,0,0,4921297730,4903.100136,0.010005,376,16564,556,-2074,-1227,-85,185,0.22505495605468748,9.91438907470703,0.3327940307617187,30.43,-33719.08396946565,-2335.87786259542,5083.9694656488555
491881,0,0,0,4921307736,4903.110142,0.010006,382,16616,474,-2069,-1230,-84,177,0.22864625854492185,9.945513696289062,0.28371289672851563,30.44470588235294,-33801.52671755725,-2308.3969465648856,4864.122137404581
491882,0,0,0,4921317741,4903.120147,0.010005,366,16514,484,-2067,-1227,-88,180,0.21906945190429686,9.884461553955077,0.28969840087890625,30.45058823529412,-33719.08396946565,-2418.320610687023,4946.564885496184
491883,0,0,0,4921327746,4903.130152,0.010005,348,16512,462,-2070,-1228,-90,184,0.20829554443359374,9.883264453125,0.2765302917480469,30.441764705882356,-33746.564885496184,-2473.282442748092,5056.488549618321
491884,0,0,0,4921337751,4903.140157,0.010005,402,16562,522,-2073,-1234,-85,185,0.24061726684570311,9.913191973876952,0.3124433166503906,30.43294117647059,-33911.45038167939,-2335.87786259542,5083.9694656488555
491885,0,0,0,4921347756,4903.150162,0.010005,342,16534,440,-2067,-1230,-80,184,0.20470424194335937,9.896432562255859,0.26336218261718747,30.45058823529412,-33801.52671755725,-2198.4732824427483,5056.488549618321
491886,0,0,0,4921357762,4903.160168,0.010006,380,16594,446,-2065,-1227,-78,191,0.22744915771484372,9.932345587158203,0.26695348510742184,30.456470588235295,-33719.08396946565,-2143.5114503816794,5248.854961832061
491887,0,0,0,4921367767,4903.170173,0.010005,432,16538,410,-2068,-1222,-85,185,0.258573779296875,9.898826763916015,0.2454056701660156,30.44764705882353,-33581.67938931298,-2335.87786259542,5083.9694656488555
491888,0,0,0,4921377772,4903.180178,0.010005,394,16558,428,-2068,-1233,-91,175,0.23582886352539062,9.910797772216796,0.2561795776367187,30.44764705882353,-33883.96946564886,-2500.7633587786263,4809.160305343512
491889,0,0,0,4921387777,4903.190183,0.010005,368,16570,456,-2067,-1231,-85,182,0.22026655273437498,9.917980377197265,0.27293898925781246,30.45058823529412,-33829.00763358779,-2335.87786259542,5001.526717557253
491890,0,0,0,4921397782,4903.200188,0.010005,396,16558,464,-2063,-1230,-85,184,0.23702596435546874,9.910797772216796,0.277727392578125,30.462352941176473,-33801.52671755725,-2335.87786259542,5056.488549618321
491891,0,0,0,4921407788,4903.210194,0.010006,336,16540,458,-2064,-1224,-88,193,0.201112939453125,9.900023864746093,0.2741360900878906,30.459411764705884,-33636.64122137405,-2418.320610687023,5303.81679389313
491892,0,0,0,4921417793,4903.220199,0.010005,350,16536,506,-2069,-1226,-86,188,0.20949264526367187,9.897629663085937,0.3028665100097656,30.44470588235294,-33691.603053435116,-2363.3587786259545,5166.412213740458
491893,0,0,0,4921427798,4903.230204,0.010005,338,16542,532,-2067,-1228,-90,192,0.20231004028320312,9.90122096557617,0.3184288208007812,30.45058823529412,-33746.564885496184,-2473.282442748092,5276.335877862595
491894,0,0,0,4921437803,4903.240209,0.010005,408,16508,498,-2070,-1234,-86,186,0.2442085693359375,9.880870251464843,0.2980781066894531,30.441764705882356,-33911.45038167939,-2363.3587786259545,5111.4503816793895
491895,0,0,0,4921447808,4903.250214,0.010005,360,16588,494,-2067,-1231,-90,193,0.2154781494140625,9.928754284667969,0.29568390502929687,30.45058823529412,-33829.00763358779,-2473.282442748092,5303.81679389313
491896,0,0,0,4921457814,4903.26022,0.010006,380,16514,460,-2065,-1230,-82,183,0.22744915771484372,9.884461553955077,0.2753331909179687,30.456470588235295,-33801.52671755725,-2253.4351145038167,5029.007633587787
491897,0,0,0,4921467819,4903.270225,0.010005,376,16514,526,-2068,-1223,-93,187,0.22505495605468748,9.884461553955077,0.31483751831054685,30.44764705882353,-33609.16030534351,-2555.7251908396947,5138.931297709924
491898,0,0,0,4921477824,4903.28023,0.010005,382,16524,500,-2070,-1237,-87,184,0.22864625854492185,9.890447058105469,0.29927520751953124,30.441764705882356,-33993.89312977099,-2390.8396946564885,5056.488549618321
491899,0,0,0,4921487829,4903.290235,0.010005,398,16542,436,-2072,-1234,-81,190,0.23822306518554687,9.90122096557617,0.2609679809570312,30.435882352941178,-33911.45038167939,-2225.9541984732828,5221.374045801527
491900,0,0,0,4921497834,4903.30024,0.010005,382,16558,454,-2065,-1230,-80,181,0.22864625854492185,9.910797772216796,0.27174188842773433,30.456470588235295,-33801.52671755725,-2198.4732824427483,4974.045801526718
491901,0,0,0,4921507840,4903.310246,0.010006,344,16570,486,-2069,-1231,-85,188,0.2059013427734375,9.917980377197265,0.29089550170898437,30.44470588235294,-33829.00763358779,-2335.87786259542,5166.412213740458
491902,0,0,0,4921517845,4903.320251,0.010005,366,16540,420,-2074,-1233,-86,189,0.21906945190429686,9.900023864746093,0.25139117431640623,30.43,-33883.96946564886,-2363.3587786259545,5193.893129770992
491903,0,0,0,4921527850,4903.330256,0.010005,386,16530,520,-2072,-1235,-81,180,0.23104046020507812,9.894038360595703,0.3112462158203125,30.435882352941178,-33938.931297709925,-2225.9541984732828,4946.564885496184
491904,0,0,0,4921537855,4903.340261,0.010005,398,16564,448,-2073,-1230,-83,182,0.23822306518554687,9.91438907470703,0.26815058593749996,30.43294117647059,-33801.52671755725,-2280.916030534351,5001.526717557253
491905,0,0,0,4921547860,4903.350266,0.010005,382,16532,470,-2065,-1225,-90,186,0.22864625854492185,9.89523546142578,0.2813186950683594,30.456470588235295,-33664.122137404585,-2473.282442748092,5111.4503816793895
491906,0,0,0,4921557866,4903.360272,0.010006,376,16552,512,-2074,-1224,-80,183,0.22505495605468748,9.907206469726562,0.3064578125,30.43,-33636.64122137405,-2198.4732824427483,5029.007633587787
491907,0,0,0,4921567871,4903.370277,0.010005,338,16544,476,-2071,-1228,-82,183,0.20231004028320312,9.90241806640625,0.28490999755859375,30.438823529411767,-33746.564885496184,-2253.4351145038167,5029.007633587787
491908,0,0,0,4921577876,4903.380282,0.010005,368,16524,554,-2069,-1228,-87,190,0.22026655273437498,9.890447058105469,0.3315969299316406,30.44470588235294,-33746.564885496184,-2390.8396946564885,5221.374045801527
491909,0,0,0,4921587881,4903.390287,0.010005,354,16556,512,-2067,-1229,-91,192,0.21188684692382811,9.909600671386718,0.3064578125,30.45058823529412,-33774.04580152672,-2500.7633587786263,5276.335877862595
491910,0,0,0,4921597886,4903.400292,0.010005,360,16542,458,-2068,-1229,-86,182,0.2154781494140625,9.90122096557617,0.2741360900878906,30.44764705882353,-33774.04580152672,-2363.3587786259545,5001.526717557253
491911,0,0,0,4921607892,4903.410298,0.010006,374,16560,484,-2070,-1235,-86,181,0.22385785522460935,9.911994873046874,0.28969840087890625,30.441764705882356,-33938.931297709925,-2363.3587786259545,4974.045801526718
491912,0,0,0,4921617897,4903.420303,0.010005,400,16542,426,-2068,-1228,-92,184,0.239420166015625,9.90122096557617,0.2549824768066406,30.44764705882353,-33746.564885496184,-2528.2442748091603,5056.488549618321
491913,0,0,0,4921627902,4903.430308,0.010005,384,16520,506,-2070,-1233,-85,192,0.229843359375,9.888052856445311,0.3028665100097656,30.441764705882356,-33883.96946564886,-2335.87786259542,5276.335877862595
491914,0,0,0,4921637907,4903.440313,0.010005,352,16522,500,-2070,-1228,-83,186,0.21068974609375,9.889249957275391,0.29927520751953124,30.441764705882356,-33746.564885496184,-2280.916030534351,5111.4503816793895
491915,0,0,0,4921647912,4903.450318,0.010005,358,16506,454,-2074,-1225,-82,180,0.21428104858398436,9.879673150634765,0.27174188842773433,30.43,-33664.122137404585,-2253.4351145038167,4946.564885496184
491916,0,0,0,4921657918,4903.460324,0.010006,376,16528,510,-2070,-1229,-86,186,0.22505495605468748,9.892841259765625,0.30526071166992186,30.441764705882356,-33774.04580152672,-2363.3587786259545,5111.4503816793895
491917,0,0,0,4921667923,4903.470329,0.010005,350,16526,450,-2072,-1234,-82,181,0.20949264526367187,9.891644158935547,0.2693476867675781,30.435882352941178,-33911.45038167939,-2253.4351145038167,4974.045801526718
491918,0,0,0,4921677928,4903.480334,0.010005,388,16504,416,-2066,-1230,-83,185,0.23223756103515625,9.878476049804688,0.24899697265624998,30.453529411764706,-33801.52671755725,-2280.916030534351,5083.9694656488555
491919,0,0,0,4921687933,4903.490339,0.010005,336,16556,466,-2065,-1237,-88,181,0.201112939453125,9.909600671386718,0.27892449340820313,30.456470588235295,-33993.89312977099,-2418.320610687023,4974.045801526718
491920,0,0,0,4921697938,4903.500344,0.010005,360,16516,486,-2073,-1232,-92,183,0.2154781494140625,9.885658654785155,0.29089550170898437,30.43294117647059,-33856.48854961832,-2528.2442748091603,5029.007633587787
491921,0,0,0,4921707944,4903.51035,0.010006,392,16520,426,-2066,-1228,-85,184,0.2346317626953125,9.888052856445311,0.2549824768066406,30.453529411764706,-33746.564885496184,-2335.87786259542,5056.488549618321
491922,0,0,0,4921717949,4903.520355,0.010005,392,16554,438,-2068,-1232,-87,188,0.2346317626953125,9.90840357055664,0.26216508178710934,30.44764705882353,-33856.48854961832,-2390.8396946564885,5166.412213740458
491923,0,0,0,4921727954,4903.53036,0.010005,390,16492,462,-2076,-1233,-88,186,0.23343466186523437,9.871293444824218,0.2765302917480469,30.424117647058825,-33883.96946564886,-2418.320610687023,5111.4503816793895
491924,0,0,0,4921737959,4903.540365,0.010005,386,16542,442,-2069,-1232,-90,184,0.23104046020507812,9.90122096557617,0.2645592834472656,30.44470588235294,-33856.48854961832,-2473.282442748092,5056.488549618321
491925,0,0,0,4921747964,4903.55037,0.010005,394,16546,456,-2071,-1230,-81,187,0.23582886352539062,9.903615167236328,0.27293898925781246,30.438823529411767,-33801.52671755725,-2225.9541984732828,5138.931297709924
491926,0,0,0,4921757970,4903.560376,0.010006,364,16528,510,-2072,-1231,-87,190,0.21787235107421873,9.892841259765625,0.30526071166992186,30.435882352941178,-33829.00763358779,-2390.8396946564885,5221.374045801527
491927,0,0,0,4921767975,4903.570381,0.010005,408,16550,482,-2072,-1234,-86,180,0.2442085693359375,9.906009368896484,0.2885013000488281,30.435882352941178,-33911.45038167939,-2363.3587786259545,4946.564885496184
491928,0,0,0,4921777980,4903.580386,0.010005,378,16534,450,-2071,-1230,-89,189,0.2262520568847656,9.896432562255859,0.2693476867675781,30.438823529411767,-33801.52671755725,-2445.8015267175574,5193.893129770992
491929,0,0,0,4921787985,4903.590391,0.010005,368,16526,442,-2074,-1235,-92,183,0.22026655273437498,9.891644158935547,0.2645592834472656,30.43,-33938.931297709925,-2528.2442748091603,5029.007633587787
491930,0,0,0,4921797990,4903.600396,0.010005,364,16520,438,-2073,-1223,-85,183,0.21787235107421873,9.888052856445311,0.26216508178710934,30.43294117647059,-33609.16030534351,-2335.87786259542,5029.007633587787
491931,0,0,0,4921807996,4903.610402,0.010006,392,16530,486,-2069,-1227,-86,183,0.2346317626953125,9.894038360595703,0.29089550170898437,30.44470588235294,-33719.08396946565,-2363.3587786259545,5029.007633587787
491932,0,0,0,4921818001,4903.620407,0.010005,306,16572,450,-2074,-1227,-88,191,0.18315642700195311,9.919177478027343,0.2693476867675781,30.43,-33719.08396946565,-2418.320610687023,5248.854961832061
491933,0,0,0,4921828006,4903.630412,0.010005,332,16546,506,-2069,-1228,-86,186,0.19871873779296872,9.903615167236328,0.3028665100097656,30.44470588235294,-33746.564885496184,-2363.3587786259545,5111.4503816793895
491934,0,0,0,4921838011,4903.640417,0.010005,376,16562,470,-2070,-1234,-90,188,0.22505495605468748,9.913191973876952,0.2813186950683594,30.441764705882356,-33911.45038167939,-2473.282442748092,5166.412213740458
491935,0,0,0,4921848017,4903.650423,0.010006,384,16538,500,-2070,-1234,-81,184,0.229843359375,9.898826763916015,0.29927520751953124,30.441764705882356,-33911.45038167939,-2225.9541984732828,5056.488549618321
491936,0,0,0,4921858022,4903.660428,0.010005,368,16526,480,-2064,-1230,-79,184,0.22026655273437498,9.891644158935547,0.28730419921875,30.459411764705884,-33801.52671755725,-2170.992366412214,5056.488549618321
491937,0,0,0,4921868027,4903.670433,0.010005,366,16516,512,-2069,-1233,-81,185,0.21906945190429686,9.885658654785155,0.3064578125,30.44470588235294,-33883.96946564886,-2225.9541984732828,5083.9694656488555
491938,0,0,0,4921878032,4903.680438,0.010005,388,16552,478,-2067,-1231,-82,186,0.23223756103515625,9.907206469726562,0.2861070983886719,30.45058823529412,-33829.00763358779,-2253.4351145038167,5111.4503816793895
491939,0,0,0,4921888037,4903.690443,0.010005,388,16552,512,-2069,-1235,-87,189,0.23223756103515625,9.907206469726562,0.3064578125,30.44470588235294,-33938.931297709925,-2390.8396946564885,5193.893129770992
491940,0,0,0,4921898043,4903.700449,0.010006,356,16548,498,-2070,-1235,-89,183,0.21308394775390624,9.904812268066406,0.2980781066894531,30.441764705882356,-33938.931297709925,-2445.8015267175574,5029.007633587787
491941,0,0,0,4921908048,4903.710454,0.010005,382,16516,436,-2072,-1225,-91,194,0.22864625854492185,9.885658654785155,0.2609679809570312,30.435882352941178,-33664.122137404585,-2500.7633587786263,5331.297709923664
491942,0,0,0,4921918053,4903.720459,0.010005,388,16548,452,-2073,-1226,-80,190,0.23223756103515625,9.904812268066406,0.2705447875976562,30.43294117647059,-33691.603053435116,-2198.4732824427483,5221.374045801527
491943,0,0,0,4921928058,4903.730464,0.010005,366,16588,426,-2068,-1228,-92,186,0.21906945190429686,9.928754284667969,0.2549824768066406,30.44764705882353,-33746.564885496184,-2528.2442748091603,5111.4503816793895
491944,0,0,0,4921938063,4903.740469,0.010005,370,16532,460,-2071,-1230,-85,177,0.2214636535644531,9.89523546142578,0.2753331909179687,30.438823529411767,-33801.52671755725,-2335.87786259542,4864.122137404581
491945,0,0,0,4921948069,4903.750475,0.010006,392,16588,522,-2070,-1229,-80,185,0.2346317626953125,9.928754284667969,0.3124433166503906,30.441764705882356,-33774.04580152672,-2198.4732824427483,5083.9694656488555
491946,0,0,0,4921958074,4903.76048,0.010005,362,16580,524,-2069,-1228,-88,186,0.2166752502441406,9.923965881347655,0.3136404174804687,30.44470588235294,-33746.564885496184,-2418.320610687023,5111.4503816793895
491947,0,0,0,4921968079,4903.770485,0.010005,344,16530,492,-2070,-1231,-87,188,0.2059013427734375,9.894038360595703,0.29448680419921874,30.441764705882356,-33829.00763358779,-2390.8396946564885,5166.412213740458
491948,0,0,0,4921978084,4903.78049,0.010005,388,16580,462,-2074,-1227,-86,183,0.23223756103515625,9.923965881347655,0.2765302917480469,30.43,-33719.08396946565,-2363.3587786259545,5029.007633587787
491949,0,0,0,4921988089,4903.790495,0.010005,368,16536,520,-2073,-1229,-88,184,0.22026655273437498,9.897629663085937,0.3112462158203125,30.43294117647059,-33774.04580152672,-2418.320610687023,5056.488549618321
491950,0,0,0,4921998095,4903.800501,0.010006,358,16500,488,-2071,-1233,-92,186,0.21428104858398436,9.87608184814453,0.2920926025390625,30.438823529411767,-33883.96946564886,-2528.2442748091603,5111.4503816793895
491951,0,0,0,4922008100,4903.810506,0.010005,356,16518,502,-2067,-1228,-82,189,0.21308394775390624,9.886855755615233,0.30047230834960936,30.45058823529412,-33746.564885496184,-2253.4351145038167,5193.893129770992
491952,0,0,0,4922018105,4903.820511,0.010005,384,16590,482,-2071,-1230,-89,189,0.229843359375,9.929951385498047,0.2885013000488281,30.438823529411767,-33801.52671755725,-2445.8015267175574,5193.893129770992
491953,0,0,0,4922028110,4903.830516,0.010005,362,16540,486,-2078,-1226,-89,190,0.2166752502441406,9.900023864746093,0.29089550170898437,30.41823529411765,-33691.603053435116,-2445.8015267175574,5221.374045801527
491954,0,0,0,4922038115,4903.840521,0.010005,358,16518,506,-2071,-1225,-89,194,0.21428104858398436,9.886855755615233,0.3028665100097656,30.438823529411767,-33664.122137404585,-2445.8015267175574,5331.297709923664
491955,0,0,0,4922048121,4903.850527,0.010006,380,16494,526,-2067,-1235,-79,194,0.22744915771484372,9.872490545654296,0.31483751831054685,30.45058823529412,-33938.931297709925,-2170.992366412214,5331.297709923664
491956,0,0,0,4922058126,4903.860532,0.010005,368,16528,460,-2071,-1228,-88,198,0.22026655273437498,9.892841259765625,0.2753331909179687,30.438823529411767,-33746.564885496184,-2418.320610687023,5441.221374045802
491957,0,0,0,4922068131,4903.870537,0.010005,354,16522,448,-2074,-1234,-87,189,0.21188684692382811,9.889249957275391,0.26815058593749996,30.43,-33911.45038167939,-2390.8396946564885,5193.893129770992
491958,0,0,0,4922078136,4903.880542,0.010005,364,16542,430,-2071,-1238,-89,182,0.21787235107421873,9.90122096557617,0.25737667846679685,30.438823529411767,-34021.37404580153,-2445.8015267175574,5001.526717557253
491959,0,0,0,4922088141,4903.890547,0.010005,338,16576,432,-2072,-1231,-84,191,0.20231004028320312,9.9215716796875,0.258573779296875,30.435882352941178,-33829.00763358779,-2308.3969465648856,5248.854961832061
491960,0,0,0,4922098147,4903.900553,0.010006,344,16522,496,-2075,-1224,-84,192,0.2059013427734375,9.889249957275391,0.296881005859375,30.427058823529414,-33636.64122137405,-2308.3969465648856,5276.335877862595
491961,0,0,0,4922108152,4903.910558,0.010005,396,16522,444,-2072,-1234,-81,180,0.23702596435546874,9.889249957275391,0.2657563842773437,30.435882352941178,-33911.45038167939,-2225.9541984732828,4946.564885496184
491962,0,0,0,4922118157,4903.920563,0.010005,384,16528,512,-2072,-1238,-79,182,0.229843359375,9.892841259765625,0.3064578125,30.435882352941178,-34021.37404580153,-2170.992366412214,5001.526717557253
491963,0,0,0,4922128162,4903.930568,0.010005,408,16558,448,-2072,-1232,-82,182,0.2442085693359375,9.910797772216796,0.26815058593749996,30.435882352941178,-33856.48854961832,-2253.4351145038167,5001.526717557253
491964,0,0,0,4922138167,4903.940573,0.010005,380,16528,442,-2070,-1233,-87,184,0.22744915771484372,9.892841259765625,0.2645592834472656,30.441764705882356,-33883.96946564886,-2390.8396946564885,5056.488549618321
491965,0,0,0,4922148173,4903.950579,0.010006,394,16532,440,-2071,-1232,-88,195,0.23582886352539062,9.89523546142578,0.26336218261718747,30.438823529411767,-33856.48854961832,-2418.320610687023,5358.778625954199
491966,0,0,0,4922158178,4903.960584,0.010005,334,16530,476,-2071,-1227,-93,194,0.19991583862304688,9.894038360595703,0.28490999755859375,30.438823529411767,-33719.08396946565,-2555.7251908396947,5331.297709923664
491967,0,0,0,4922168183,4903.970589,0.010005,412,16562,448,-2067,-1234,-91,179,0.24660277099609373,9.913191973876952,0.26815058593749996,30.45058823529412,-33911.45038167939,-2500.7633587786263,4919.083969465649
491968,0,0,0,4922178188,4903.980594,0.010005,356,16516,530,-2065,-1230,-91,190,0.21308394775390624,9.885658654785155,0.3172317199707031,30.456470588235295,-33801.52671755725,-2500.7633587786263,5221.374045801527
491969,0,0,0,4922188193,4903.990599,0.010005,366,16532,446,-2070,-1235,-89,184,0.21906945190429686,9.89523546142578,0.26695348510742184,30.441764705882356,-33938.931297709925,-2445.8015267175574,5056.488549618321
491970,0,0,0,4922198199,4904.000605,0.010006,350,16522,482,-2074,-1230,-81,185,0.20949264526367187,9.889249957275391,0.2885013000488281,30.43,-33801.52671755725,-2225.9541984732828,5083.9694656488555
491971,0,0,0,4922208204,4904.01061,0.010005,368,16528,416,-2072,-1228,-85,191,0.22026655273437498,9.892841259765625,0.24899697265624998,30.435882352941178,-33746.564885496184,-2335.87786259542,5248.854961832061
491972,0,0,0,4922218209,4904.020615,0.010005,332,16592,490,-2073,-1229,-90,181,0.19871873779296872,9.931148486328125,0.2932897033691406,30.43294117647059,-33774.04580152672,-2473.282442748092,4974.045801526718
491973,0,0,0,4922228214,4904.03062,0.010005,368,16558,424,-2065,-1229,-88,181,0.22026655273437498,9.910797772216796,0.2537853759765625,30.456470588235295,-33774.04580152672,-2418.320610687023,4974.045801526718
491974,0,0,0,4922238219,4904.040625,0.010005,376,16552,470,-2069,-1224,-84,186,0.22505495605468748,9.907206469726562,0.2813186950683594,30.44470588235294,-33636.64122137405,-2308.3969465648856,5111.4503816793895
491975,0,0,0,4922248225,4904.050631,0.010006,418,16506,494,-2071,-1228,-87,192,0.2501940734863281,9.879673150634765,0.29568390502929687,30.438823529411767,-33746.564885496184,-2390.8396946564885,5276.335877862595
491976,0,0,0,4922258230,4904.060636,0.010005,350,16544,466,-2065,-1228,-82,182,0.20949264526367187,9.90241806640625,0.27892449340820313,30.456470588235295,-33746.564885496184,-2253.4351145038167,5001.526717557253
491977,0,0,0,4922268235,4904.070641,0.010005,404,16532,502,-2064,-1229,-87,199,0.24181436767578124,9.89523546142578,0.30047230834960936,30.459411764705884,-33774.04580152672,-2390.8396946564885,5468.702290076336
491978,0,0,0,4922278240,4904.080646,0.010005,390,16538,462,-2075,-1232,-87,196,0.23343466186523437,9.898826763916015,0.2765302917480469,30.427058823529414,-33856.48854961832,-2390.8396946564885,5386.259541984733
491979,0,0,0,4922288245,4904.090651,0.010005,354,16532,458,-2073,-1228,-82,186,0.21188684692382811,9.89523546142578,0.2741360900878906,30.43294117647059,-33746.564885496184,-2253.4351145038167,5111.4503816793895
491980,0,0,0,4922298251,4904.100657,0.010006,388,16542,500,-2069,-1228,-77,188,0.23223756103515625,9.90122096557617,0.29927520751953124,30.44470588235294,-33746.564885496184,-2116.030534351145,5166.412213740458
491981,0,0,0,4922308256,4904.110662,0.010005,384,16530,440,-2074,-1227,-86,180,0.229843359375,9.894038360595703,0.26336218261718747,30.43,-33719.08396946565,-2363.3587786259545,4946.564885496184
491982,0,0,0,4922318261,4904.120667,0.010005,336,16540,452,-2066,-1229,-86,189,0.201112939453125,9.900023864746093,0.2705447875976562,30.453529411764706,-33774.04580152672,-2363.3587786259545,5193.893129770992
491983,0,0,0,4922328266,4904.130672,0.010005,408,16526,450,-2065,-1229,-79,180,0.2442085693359375,9.891644158935547,0.2693476867675781,30.456470588235295,-33774.04580152672,-2170.992366412214,4946.564885496184
491984,0,0,0,4922338271,4904.140677,0.010005,376,16560,530,-2069,-1227,-82,182,0.22505495605468748,9.911994873046874,0.3172317199707031,30.44470588235294,-33719.08396946565,-2253.4351145038167,5001.526717557253
491985,0,0,0,4922348277,4904.150683,0.010006,380,16542,482,-2068,-1229,-84,183,0.22744915771484372,9.90122096557617,0.2885013000488281,30.44764705882353,-33774.04580152672,-2308.3969465648856,5029.007633587787
491986,0,0,0,4922358282,4904.160688,0.010005,368,16584,460,-2074,-1232,-84,185,0.22026655273437498,9.926360083007811,0.2753331909179687,30.43,-33856.48854961832,-2308.3969465648856,5083.9694656488555
491987,0,0,0,4922368287,4904.170693,0.010005,374,16554,478,-2070,-1233,-81,193,0.22385785522460935,9.90840357055664,0.2861070983886719,30.441764705882356,-33883.96946564886,-2225.9541984732828,5303.81679389313
491988,0,0,0,4922378292,4904.180698,0.010005,360,16512,426,-2070,-1231,-87,177,0.2154781494140625,9.883264453125,0.2549824768066406,30.441764705882356,-33829.00763358779,-2390.8396946564885,4864.122137404581
491989,0,0,0,4922388297,4904.190703,0.010005,336,16538,444,-2072,-1230,-87,192,0.201112939453125,9.898826763916015,0.2657563842773437,30.435882352941178,-33801.52671755725,-2390.8396946564885,5276.335877862595
491990,0,0,0,4922398303,4904.200709,0.010006,382,16512,542,-2072,-1227,-80,182,0.22864625854492185,9.883264453125,0.32441432495117184,30.435882352941178,-33719.08396946565,-2198.4732824427483,5001.526717557253
491991,0,0,0,4922408308,4904.210714,0.010005,384,16596,446,-2070,-1229,-74,178,0.229843359375,9.93354268798828,0.26695348510742184,30.441764705882356,-33774.04580152672,-2033.587786259542,4891.603053435115
491992,0,0,0,4922418313,4904.220719,0.010005,362,16590,454,-2063,-1234,-86,181,0.2166752502441406,9.929951385498047,0.27174188842773433,30.462352941176473,-33911.45038167939,-2363.3587786259545,4974.045801526718
491993,0,0,0,4922428318,4904.230724,0.010005,380,16564,414,-2068,-1229,-85,185,0.22744915771484372,9.91438907470703,0.24779987182617186,30.44764705882353,-33774.04580152672,-2335.87786259542,5083.9694656488555
491994,0,0,0,4922438323,4904.240729,0.010005,402,16520,418,-2074,-1227,-84,183,0.24061726684570311,9.888052856445311,0.2501940734863281,30.43,-33719.08396946565,-2308.3969465648856,5029.007633587787
491995,0,0,0,4922448329,4904.250735,0.010006,358,16568,526,-2071,-1229,-80,184,0.21428104858398436,9.916783276367187,0.31483751831054685,30.438823529411767,-33774.04580152672,-2198.4732824427483,5056.488549618321
491996,0,0,0,4922458334,4904.26074,0.010005,350,16532,466,-2065,-1232,-89,192,0.20949264526367187,9.89523546142578,0.27892449340820313,30.456470588235295,-33856.48854961832,-2445.8015267175574,5276.335877862595
491997,0,0,0,4922468339,4904.270745,0.010005,356,16514,488,-2065,-1228,-88,193,0.21308394775390624,9.884461553955077,0.2920926025390625,30.456470588235295,-33746.564885496184,-2418.320610687023,5303.81679389313
491998,0,0,0,4922478344,4904.28075,0.010005,340,16584,488,-2069,-1227,-85,193,0.20350714111328125,9.926360083007811,0.2920926025390625,30.44470588235294,-33719.08396946565,-2335.87786259542,5303.81679389313
491999,0,0,0,4922488350,4904.290756,0.010006,350,16520,482,-2068,-1230,-84,184,0.20949264526367187,9.888052856445311,0.2885013000488281,30.44764705882353,-33801.52671755725,-2308.3969465648856,5056.488549618321
492000,0,0,0,4922498355,4904.300761,0.010005,334,16558,514,-2071,-1235,-79,187,0.19991583862304688,9.910797772216796,0.3076549133300781,30.438823529411767,-33938.931297709925,-2170.992366412214,5138.931297709924
492001,0,0,0,4922508360,4904.310766,0.010005,378,16566,500,-2072,-1232,-83,180,0.2262520568847656,9.91558617553711,0.29927520751953124,30.435882352941178,-33856.48854961832,-2280.916030534351,4946.564885496184
492002,0,0,0,4922518365,4904.320771,0.010005,366,16510,456,-2072,-1225,-81,182,0.21906945190429686,9.882067352294921,0.27293898925781246,30.435882352941178,-33664.122137404585,-2225.9541984732828,5001.526717557253
492003,0,0,0,4922528370,4904.330776,0.010005,388,16566,470,-2066,-1228,-83,182,0.23223756103515625,9.91558617553711,0.2813186950683594,30.453529411764706,-33746.564885496184,-2280.916030534351,5001.526717557253
492004,0,0,0,4922538376,4904.340782,0.010006,380,16548,484,-2072,-1230,-85,185,0.22744915771484372,9.904812268066406,0.28969840087890625,30.435882352941178,-33801.52671755725,-2335.87786259542,5083.9694656488555
492005,0,0,0,4922548381,4904.350787,0.010005,374,16550,470,-2074,-1232,-92,189,0.22385785522460935,9.906009368896484,0.2813186950683594,30.43,-33856.48854961832,-2528.2442748091603,5193.893129770992
492006,0,0,0,4922558386,4904.360792,0.010005,356,16584,414,-2066,-1236,-89,187,0.21308394775390624,9.926360083007811,0.24779987182617186,30.453529411764706,-33966.41221374046,-2445.8015267175574,5138.931297709924
492007,0,0,0,4922568391,4904.370797,0.010005,352,16530,470,-2064,-1237,-87,183,0.21068974609375,9.894038360595703,0.2813186950683594,30.459411764705884,-33993.89312977099,-2390.8396946564885,5029.007633587787
492008,0,0,0,4922578396,4904.380802,0.010005,344,16544,524,-2071,-1231,-80,182,0.2059013427734375,9.90241806640625,0.3136404174804687,30.438823529411767,-33829.00763358779,-2198.4732824427483,5001.526717557253
492009,0,0,0,4922588402,4904.390808,0.010006,336,16520,450,-2066,-1233,-81,194,0.201112939453125,9.888052856445311,0.2693476867675781,30.453529411764706,-33883.96946564886,-2225.9541984732828,5331.297709923664
492010,0,0,0,4922598407,4904.400813,0.010005,388,16528,502,-2067,-1234,-83,182,0.23223756103515625,9.892841259765625,0.30047230834960936,30.45058823529412,-33911.45038167939,-2280.916030534351,5001.526717557253
492011,0,0,0,4922608412,4904.410818,0.010005,382,16504,490,-2069,-1230,-91,189,0.22864625854492185,9.878476049804688,0.2932897033691406,30.44470588235294,-33801.52671755725,-2500.7633587786263,5193.893129770992
492012,0,0,0,4922618417,4904.420823,0.010005,346,16542,434,-2068,-1232,-87,189,0.20709844360351562,9.90122096557617,0.2597708801269531,30.44764705882353,-33856.48854961832,-2390.8396946564885,5193.893129770992
492013,0,0,0,4922628422,4904.430828,0.010005,370,16554,434,-2063,-1234,-81,184,0.2214636535644531,9.90840357055664,0.2597708801269531,30.462352941176473,-33911.45038167939,-2225.9541984732828,5056.488549618321
492014,0,0,0,4922638428,4904.440834,0.010006,388,16546,440,-2067,-1234,-90,186,0.23223756103515625,9.903615167236328,0.26336218261718747,30.45058823529412,-33911.45038167939,-2473.282442748092,5111.4503816793895
492015,0,0,0,4922648433,4904.450839,0.010005,348,16522,454,-2066,-1231,-87,191,0.20829554443359374,9.889249957275391,0.27174188842773433,30.453529411764706,-33829.00763358779,-2390.8396946564885,5248.854961832061
492016,0,0,0,4922658438,4904.460844,0.010005,368,16554,496,-2073,-1240,-84,189,0.22026655273437498,9.90840357055664,0.296881005859375,30.43294117647059,-34076.3358778626,-2308.3969465648856,5193.893129770992
492017,0,0,0,4922668443,4904.470849,0.010005,386,16534,504,-2072,-1237,-81,183,0.23104046020507812,9.896432562255859,0.3016694091796875,30.435882352941178,-33993.89312977099,-2225.9541984732828,5029.007633587787
492018,0,0,0,4922678448,4904.480854,0.010005,378,16584,456,-2071,-1229,-82,185,0.2262520568847656,9.926360083007811,0.27293898925781246,30.438823529411767,-33774.04580152672,-2253.4351145038167,5083.9694656488555
492019,0,0,0,4922688454,4904.49086,0.010006,356,16542,460,-2072,-1227,-91,188,0.21308394775390624,9.90122096557617,0.2753331909179687,30.435882352941178,-33719.08396946565,-2500.7633587786263,5166.412213740458
492020,0,0,0,4922698459,4904.500865,0.010005,360,16536,506,-2074,-1235,-85,185,0.2154781494140625,9.897629663085937,0.3028665100097656,30.43,-33938.931297709925,-2335.87786259542,5083.9694656488555
492021,0,0,0,4922708464,4904.51087,0.010005,368,16544,490,-2069,-1227,-86,186,0.22026655273437498,9.90241806640625,0.2932897033691406,30.44470588235294,-33719.08396946565,-2363.3587786259545,5111.4503816793895
492022,0,0,0,4922718469,4904.520875,0.010005,392,16548,446,-2069,-1227,-85,189,0.2346317626953125,9.904812268066406,0.26695348510742184,30.44470588235294,-33719.08396946565,-2335.87786259542,5193.893129770992
492023,0,0,0,4922728474,4904.53088,0.010005,370,16532,472,-2072,-1231,-90,182,0.2214636535644531,9.89523546142578,0.2825157958984375,30.435882352941178,-33829.00763358779,-2473.282442748092,5001.526717557253
492024,0,0,0,4922738480,4904.540886,0.010006,362,16570,510,-2067,-1236,-86,182,0.2166752502441406,9.917980377197265,0.30526071166992186,30.45058823529412,-33966.41221374046,-2363.3587786259545,5001.526717557253
492025,0,0,0,4922748485,4904.550891,0.010005,408,16566,508,-2067,-1230,-82,184,0.2442085693359375,9.91558617553711,0.30406361083984373,30.45058823529412,-33801.52671755725,-2253.4351145038167,5056.488549618321
492026,0,0,0,4922758490,4904.560896,0.010005,386,16532,406,-2069,-1230,-88,192,0.23104046020507812,9.89523546142578,0.24301146850585936,30.44470588235294,-33801.52671755725,-2418.320610687023,5276.335877862595
492027,0,0,0,4922768495,4904.570901,0.010005,400,16574,490,-2064,-1233,-82,190,0.239420166015625,9.920374578857421,0.2932897033691406,30.459411764705884,-33883.96946564886,-2253.4351145038167,5221.374045801527
492028,0,0,0,4922778500,4904.580906,0.010005,362,16534,444,-2069,-1236,-87,188,0.2166752502441406,9.896432562255859,0.2657563842773437,30.44470588235294,-33966.41221374046,-2390.8396946564885,5166.412213740458
492029,0,0,0,4922788506,4904.590912,0.010006,396,16516,472,-2069,-1233,-84,186,0.23702596435546874,9.885658654785155,0.2825157958984375,30.44470588235294,-33883.96946564886,-2308.3969465648856,5111.4503816793895
492030,0,0,0,4922798511,4904.600917,0.010005,368,16540,448,-2072,-1228,-82,188,0.22026655273437498,9.900023864746093,0.26815058593749996,30.435882352941178,-33746.564885496184,-2253.4351145038167,5166.412213740458
492031,0,0,0,4922808516,4904.610922,0.010005,344,16550,534,-2074,-1229,-86,193,0.2059013427734375,9.906009368896484,0.31962592163085934,30.43,-33774.04580152672,-2363.3587786259545,5303.81679389313
492032,0,0,0,4922818521,4904.620927,0.010005,394,16540,464,-2077,-1233,-88,187,0.23582886352539062,9.900023864746093,0.277727392578125,30.421176470588236,-33883.96946564886,-2418.320610687023,5138.931297709924
492033,0,0,0,4922828526,4904.630932,0.010005,364,16510,456,-2073,-1231,-88,189,0.21787235107421873,9.882067352294921,0.27293898925781246,30.43294117647059,-33829.00763358779,-2418.320610687023,5193.893129770992
492034,0,0,0,4922838532,4904.640938,0.010006,346,16596,496,-2068,-1232,-95,193,0.20709844360351562,9.93354268798828,0.296881005859375,30.44764705882353,-33856.48854961832,-2610.6870229007636,5303.81679389313
492035,0,0,0,4922848537,4904.650943,0.010005,370,16530,514,-2071,-1227,-87,183,0.2214636535644531,9.894038360595703,0.3076549133300781,30.438823529411767,-33719.08396946565,-2390.8396946564885,5029.007633587787
492036,0,0,0,4922858542,4904.660948,0.010005,370,16550,482,-2072,-1228,-91,184,0.2214636535644531,9.906009368896484,0.2885013000488281,30.435882352941178,-33746.564885496184,-2500.7633587786263,5056.488549618321
492037,0,0,0,4922868547,4904.670953,0.010005,358,16526,490,-2072,-1230,-89,187,0.21428104858398436,9.891644158935547,0.2932897033691406,30.435882352941178,-33801.52671755725,-2445.8015267175574,5138.931297709924
492038,0,0,0,4922878552,4904.680958,0.010005,340,16548,432,-2069,-1223,-93,183,0.20350714111328125,9.904812268066406,0.258573779296875,30.44470588235294,-33609.16030534351,-2555.7251908396947,5029.007633587787
492039,0,0,0,4922888558,4904.690964,0.010006,364,16526,422,-2069,-1229,-91,189,0.21787235107421873,9.891644158935547,0.25258827514648435,30.44470588235294,-33774.04580152672,-2500.7633587786263,5193.893129770992
492040,0,0,0,4922898563,4904.700969,0.010005,392,16590,496,-2066,-1232,-83,185,0.2346317626953125,9.929951385498047,0.296881005859375,30.453529411764706,-33856.48854961832,-2280.916030534351,5083.9694656488555
492041,0,0,0,4922908568,4904.710974,0.010005,414,16570,494,-2067,-1227,-89,183,0.24779987182617186,9.917980377197265,0.29568390502929687,30.45058823529412,-33719.08396946565,-2445.8015267175574,5029.007633587787
492042,0,0,0,4922918573,4904.720979,0.010005,394,16576,466,-2070,-1233,-90,185,0.23582886352539062,9.9215716796875,0.27892449340820313,30.441764705882356,-33883.96946564886,-2473.282442748092,5083.9694656488555
492043,0,0,0,4922928578,4904.730984,0.010005,412,16534,512,-2071,-1236,-84,186,0.24660277099609373,9.896432562255859,0.3064578125,30.438823529411767,-33966.41221374046,-2308.3969465648856,5111.4503816793895
492044,0,0,0,4922938584,4904.74099,0.010006,360,16570,488,-2068,-1225,-84,190,0.2154781494140625,9.917980377197265,0.2920926025390625,30.44764705882353,-33664.122137404585,-2308.3969465648856,5221.374045801527
492045,0,0,0,4922948589,4904.750995,0.010005,364,16552,446,-2071,-1224,-81,186,0.21787235107421873,9.907206469726562,0.26695348510742184,30.438823529411767,-33636.64122137405,-2225.9541984732828,5111.4503816793895
492046,0,0,0,4922958594,4904.761,0.010005,344,16498,442,-2068,-1234,-88,187,0.2059013427734375,9.874884747314452,0.2645592834472656,30.44764705882353,-33911.45038167939,-2418.320610687023,5138.931297709924
492047,0,0,0,4922968599,4904.771005,0.010005,392,16536,404,-2072,-1232,-80,187,0.2346317626953125,9.897629663085937,0.24181436767578124,30.435882352941178,-33856.48854961832,-2198.4732824427483,5138.931297709924
492048,0,0,0,4922978605,4904.781011,0.010006,350,16524,476,-2070,-1228,-88,189,0.20949264526367187,9.890447058105469,0.28490999755859375,30.441764705882356,-33746.564885496184,-2418.320610687023,5193.893129770992
492049,0,0,0,4922988610,4904.791016,0.010005,378,16562,484,-2071,-1229,-86,191,0.2262520568847656,9.913191973876952,0.28969840087890625,30.438823529411767,-33774.04580152672,-2363.3587786259545,5248.854961832061
492050,0,0,0,4922998615,4904.801021,0.010005,342,16580,484,-2062,-1236,-82,189,0.20470424194335937,9.923965881347655,0.28969840087890625,30.465294117647062,-33966.41221374046,-2253.4351145038167,5193.893129770992
492051,0,0,0,4923008620,4904.811026,0.010005,362,16568,434,-2064,-1232,-83,183,0.2166752502441406,9.916783276367187,0.2597708801269531,30.459411764705884,-33856.48854961832,-2280.916030534351,5029.007633587787
492052,0,0,0,4923018625,4904.821031,0.010005,350,16538,482,-2067,-1236,-87,185,0.20949264526367187,9.898826763916015,0.2885013000488281,30.45058823529412,-33966.41221374046,-2390.8396946564885,5083.9694656488555
492053,0,0,0,4923028631,4904.831037,0.010006,378,16546,468,-2070,-1231,-89,195,0.2262520568847656,9.903615167236328,0.28012159423828126,30.441764705882356,-33829.00763358779,-2445.8015267175574,5358.778625954199
492054,0,0,0,4923038636,4904.841042,0.010005,378,16532,436,-2070,-1230,-83,187,0.2262520568847656,9.89523546142578,0.2609679809570312,30.441764705882356,-33801.52671755725,-2280.916030534351,5138.931297709924
492055,0,0,0,4923048641,4904.851047,0.010005,352,16506,424,-2070,-1224,-91,203,0.21068974609375,9.879673150634765,0.2537853759765625,30.441764705882356,-33636.64122137405,-2500.7633587786263,5578.625954198474
492056,0,0,0,4923058646,4904.861052,0.010005,390,16558,426,-2069,-1232,-81,192,0.23343466186523437,9.910797772216796,0.2549824768066406,30.44470588235294,-33856.48854961832,-2225.9541984732828,5276.335877862595
492057,0,0,0,4923068651,4904.871057,0.010005,358,16546,394,-2069,-1232,-84,191,0.21428104858398436,9.903615167236328,0.23582886352539062,30.44470588235294,-33856.48854961832,-2308.3969465648856,5248.854961832061
492058,0,0,0,4923078657,4904.881063,0.010006,360,16520,420,-2066,-1227,-91,189,0.2154781494140625,9.888052856445311,0.25139117431640623,30.453529411764706,-33719.08396946565,-2500.7633587786263,5193.893129770992
492059,0,0,0,4923088662,4904.891068,0.010005,354,16516,454,-2064,-1229,-87,195,0.21188684692382811,9.885658654785155,0.27174188842773433,30.459411764705884,-33774.04580152672,-2390.8396946564885,5358.778625954199
492060,0,0,0,4923098667,4904.901073,0.010005,360,16544,456,-2069,-1232,-89,187,0.2154781494140625,9.90241806640625,0.27293898925781246,30.44470588235294,-33856.48854961832,-2445.8015267175574,5138.931297709924
492061,0,0,0,4923108672,4904.911078,0.010005,378,16522,488,-2074,-1229,-84,184,0.2262520568847656,9.889249957275391,0.2920926025390625,30.43,-33774.04580152672,-2308.3969465648856,5056.488549618321
492062,0,0,0,4923118677,4904.921083,0.010005,336,16562,504,-2072,-1230,-86,185,0.201112939453125,9.913191973876952,0.3016694091796875,30.435882352941178,-33801.52671755725,-2363.3587786259545,5083.9694656488555
492063,0,0,0,4923128683,4904.931089,0.010006,372,16536,486,-2070,-1230,-88,191,0.22266075439453123,9.897629663085937,0.29089550170898437,30.441764705882356,-33801.52671755725,-2418.320610687023,5248.854961832061
492064,0,0,0,4923138688,4904.941094,0.010005,360,16574,438,-2064,-1232,-95,193,0.2154781494140625,9.920374578857421,0.26216508178710934,30.459411764705884,-33856.48854961832,-2610.6870229007636,5303.81679389313
492065,0,0,0,4923148693,4904.951099,0.010005,382,16566,474,-2065,-1236,-80,189,0.22864625854492185,9.91558617553711,0.28371289672851563,30.456470588235295,-33966.41221374046,-2198.4732824427483,5193.893129770992
492066,0,0,0,4923158698,4904.961104,0.010005,404,16558,464,-2072,-1232,-84,192,0.24181436767578124,9.910797772216796,0.277727392578125,30.435882352941178,-33856.48854961832,-2308.3969465648856,5276.335877862595
492067,0,0,0,4923168703,4904.971109,0.010005,388,16518,444,-2074,-1236,-78,189,0.23223756103515625,9.886855755615233,0.2657563842773437,30.43,-33966.41221374046,-2143.5114503816794,5193.893129770992
492068,0,0,0,4923178709,4904.981115,0.010006,398,16596,444,-2061,-1228,-82,193,0.23822306518554687,9.93354268798828,0.2657563842773437,30.468235294117648,-33746.564885496184,-2253.4351145038167,5303.81679389313
492069,0,0,0,4923188714,4904.99112,0.010005,342,16570,452,-2063,-1229,-79,179,0.20470424194335937,9.917980377197265,0.2705447875976562,30.462352941176473,-33774.04580152672,-2170.992366412214,4919.083969465649
492070,0,0,0,4923198719,4905.001125,0.010005,356,16580,476,-2069,-1227,-94,181,0.21308394775390624,9.923965881347655,0.28490999755859375,30.44470588235294,-33719.08396946565,-2583.206106870229,4974.045801526718
492071,0,0,0,4923208724,4905.01113,0.010005,374,16578,472,-2072,-1231,-92,196,0.22385785522460935,9.922768780517577,0.2825157958984375,30.435882352941178,-33829.00763358779,-2528.2442748091603,5386.259541984733
492072,0,0,0,4923218729,4905.021135,0.010005,390,16540,434,-2061,-1228,-89,181,0.23343466186523437,9.900023864746093,0.2597708801269531,30.468235294117648,-33746.564885496184,-2445.8015267175574,4974.045801526718
492073,0,0,0,4923228735,4905.031141,0.010006,390,16544,486,-2062,-1225,-80,189,0.23343466186523437,9.90241806640625,0.29089550170898437,30.465294117647062,-33664.122137404585,-2198.4732824427483,5193.893129770992
492074,0,0,0,4923238740,4905.041146,0.010005,344,16576,508,-2063,-1231,-85,188,0.2059013427734375,9.9215716796875,0.30406361083984373,30.462352941176473,-33829.00763358779,-2335.87786259542,5166.412213740458
492075,0,0,0,4923248745,4905.051151,0.010005,356,16528,482,-2064,-1231,-88,182,0.21308394775390624,9.892841259765625,0.2885013000488281,30.459411764705884,-33829.00763358779,-2418.320610687023,5001.526717557253
492076,0,0,0,4923258750,4905.061156,0.010005,374,16570,482,-2063,-1227,-91,185,0.22385785522460935,9.917980377197265,0.2885013000488281,30.462352941176473,-33719.08396946565,-2500.7633587786263,5083.9694656488555
492077,0,0,0,4923268755,4905.071161,0.010005,408,16534,472,-2067,-1224,-89,186,0.2442085693359375,9.896432562255859,0.2825157958984375,30.45058823529412,-33636.64122137405,-2445.8015267175574,5111.4503816793895
492078,0,0,0,4923278761,4905.081167,0.010006,340,16530,450,-2072,-1230,-86,184,0.20350714111328125,9.894038360595703,0.2693476867675781,30.435882352941178,-33801.52671755725,-2363.3587786259545,5056.488549618321
492079,0,0,0,4923288766,4905.091172,0.010005,322,16518,422,-2070,-1229,-81,186,0.1927332336425781,9.886855755615233,0.25258827514648435,30.441764705882356,-33774.04580152672,-2225.9541984732828,5111.4503816793895
492080,0,0,0,4923298771,4905.101177,0.010005,372,16516,516,-2070,-1232,-82,183,0.22266075439453123,9.885658654785155,0.30885201416015623,30.441764705882356,-33856.48854961832,-2253.4351145038167,5029.007633587787
492081,0,0,0,4923308776,4905.111182,0.010005,368,16546,476,-2064,-1237,-77,184,0.22026655273437498,9.903615167236328,0.28490999755859375,30.459411764705884,-33993.89312977099,-2116.030534351145,5056.488549618321
492082,0,0,0,4923318781,4905.121187,0.010005,370,16570,480,-2070,-1230,-78,191,0.2214636535644531,9.917980377197265,0.28730419921875,30.441764705882356,-33801.52671755725,-2143.5114503816794,5248.854961832061
492083,0,0,0,4923328787,4905.131193,0.010006,374,16570,448,-2072,-1233,-89,193,0.22385785522460935,9.917980377197265,0.26815058593749996,30.435882352941178,-33883.96946564886,-2445.8015267175574,5303.81679389313
492084,0,0,0,4923338792,4905.141198,0.010005,366,16556,490,-2077,-1224,-75,190,0.21906945190429686,9.909600671386718,0.2932897033691406,30.421176470588236,-33636.64122137405,-2061.0687022900765,5221.374045801527
492085,0,0,0,4923348797,4905.151203,0.010005,372,16560,420,-2068,-1232,-83,189,0.22266075439453123,9.911994873046874,0.25139117431640623,30.44764705882353,-33856.48854961832,-2280.916030534351,5193.893129770992
492086,0,0,0,4923358802,4905.161208,0.010005,376,16564,416,-2072,-1231,-89,176,0.22505495605468748,9.91438907470703,0.24899697265624998,30.435882352941178,-33829.00763358779,-2445.8015267175574,4836.641221374046
492087,0,0,0,4923368807,4905.171213,0.010005,400,16556,446,-2066,-1227,-84,176,0.239420166015625,9.909600671386718,0.26695348510742184,30.453529411764706,-33719.08396946565,-2308.3969465648856,4836.641221374046
492088,0,0,0,4923378813,4905.181219,0.010006,370,16582,492,-2064,-1227,-84,179,0.2214636535644531,9.925162982177733,0.29448680419921874,30.459411764705884,-33719.08396946565,-2308.3969465648856,4919.083969465649
492089,0,0,0,4923388818,4905.191224,0.010005,386,16574,476,-2065,-1229,-84,186,0.23104046020507812,9.920374578857421,0.28490999755859375,30.456470588235295,-33774.04580152672,-2308.3969465648856,5111.4503816793895
492090,0,0,0,4923398823,4905.201229,0.010005,356,16586,532,-2064,-1231,-82,186,0.21308394775390624,9.92755718383789,0.3184288208007812,30.459411764705884,-33829.00763358779,-2253.4351145038167,5111.4503816793895
492091,0,0,0,4923408828,4905.211234,0.010005,368,16548,454,-2075,-1230,-90,179,0.22026655273437498,9.904812268066406,0.27174188842773433,30.427058823529414,-33801.52671755725,-2473.282442748092,4919.083969465649
492092,0,0,0,4923418834,4905.22124,0.010006,346,16544,456,-2072,-1229,-86,183,0.20709844360351562,9.90241806640625,0.27293898925781246,30.435882352941178,-33774.04580152672,-2363.3587786259545,5029.007633587787
492093,0,0,0,4923428839,4905.231245,0.010005,368,16554,562,-2068,-1232,-83,178,0.22026655273437498,9.90840357055664,0.3363853332519531,30.44764705882353,-33856.48854961832,-2280.916030534351,4891.603053435115
492094,0,0,0,4923438844,4905.24125,0.010005,378,16560,506,-2066,-1233,-88,190,0.2262520568847656,9.911994873046874,0.3028665100097656,30.453529411764706,-33883.96946564886,-2418.320610687023,5221.374045801527
492095,0,0,0,4923448849,4905.251255,0.010005,382,16554,522,-2065,-1233,-91,184,0.22864625854492185,9.90840357055664,0.3124433166503906,30.456470588235295,-33883.96946564886,-2500.7633587786263,5056.488549618321
492096,0,0,0,4923458854,4905.26126,0.010005,380,16542,406,-2070,-1233,-84,193,0.22744915771484372,9.90122096557617,0.24301146850585936,30.441764705882356,-33883.96946564886,-2308.3969465648856,5303.81679389313
492097,0,0,0,4923468860,4905.271266,0.010006,372,16532,464,-2068,-1233,-83,187,0.22266075439453123,9.89523546142578,0.277727392578125,30.44764705882353,-33883.96946564886,-2280.916030534351,5138.931297709924
492098,0,0,0,4923478865,4905.281271,0.010005,360,16522,480,-2064,-1229,-84,179,0.2154781494140625,9.889249957275391,0.28730419921875,30.459411764705884,-33774.04580152672,-2308.3969465648856,4919.083969465649
492099,0,0,0,4923488870,4905.291276,0.010005,368,16568,478,-2061,-1231,-88,184,0.22026655273437498,9.916783276367187,0.2861070983886719,30.468235294117648,-33829.00763358779,-2418.320610687023,5056.488549618321
492100,0,0,0,4923498875,4905.301281,0.010005,360,16582,508,-2073,-1228,-86,189,0.2154781494140625,9.925162982177733,0.30406361083984373,30.43294117647059,-33746.564885496184,-2363.3587786259545,5193.893129770992
492101,0,0,0,4923508880,4905.311286,0.010005,376,16530,506,-2073,-1229,-82,189,0.22505495605468748,9.894038360595703,0.3028665100097656,30.43294117647059,-33774.04580152672,-2253.4351145038167,5193.893129770992
492102,0,0,0,4923518886,4905.321292,0.010006,334,16530,474,-2073,-1229,-90,185,0.19991583862304688,9.894038360595703,0.28371289672851563,30.43294117647059,-33774.04580152672,-2473.282442748092,5083.9694656488555
492103,0,0,0,4923528891,4905.331297,0.010005,344,16528,486,-2064,-1224,-89,184,0.2059013427734375,9.892841259765625,0.29089550170898437,30.459411764705884,-33636.64122137405,-2445.8015267175574,5056.488549618321
492104,0,0,0,4923538896,4905.341302,0.010005,396,16596,490,-2066,-1228,-84,189,0.23702596435546874,9.93354268798828,0.2932897033691406,30.453529411764706,-33746.564885496184,-2308.3969465648856,5193.893129770992
492105,0,0,0,4923548901,4905.351307,0.010005,382,16564,488,-2069,-1232,-82,185,0.22864625854492185,9.91438907470703,0.2920926025390625,30.44470588235294,-33856.48854961832,-2253.4351145038167,5083.9694656488555
492106,0,0,0,4923558906,4905.361312,0.010005,372,16536,490,-2071,-1226,-83,185,0.22266075439453123,9.897629663085937,0.2932897033691406,30.438823529411767,-33691.603053435116,-2280.916030534351,5083.9694656488555
492107,0,0,0,4923568912,4905.371318,0.010006,354,16526,460,-2071,-1230,-77,181,0.21188684692382811,9.891644158935547,0.2753331909179687,30.438823529411767,-33801.52671755725,-2116.030534351145,4974.045801526718
492108,0,0,0,4923578917,4905.381323,0.010005,386,16538,448,-2070,-1229,-85,192,0.23104046020507812,9.898826763916015,0.26815058593749996,30.441764705882356,-33774.04580152672,-2335.87786259542,5276.335877862595
492109,0,0,0,4923588922,4905.391328,0.010005,380,16538,494,-2065,-1233,-86,195,0.22744915771484372,9.898826763916015,0.29568390502929687,30.456470588235295,-33883.96946564886,-2363.3587786259545,5358.778625954199
492110,0,0,0,4923598927,4905.401333,0.010005,334,16572,444,-2066,-1229,-83,189,0.19991583862304688,9.919177478027343,0.2657563842773437,30.453529411764706,-33774.04580152672,-2280.916030534351,5193.893129770992
492111,0,0,0,4923608932,4905.411338,0.010005,362,16564,444,-2064,-1229,-85,194,0.2166752502441406,9.91438907470703,0.2657563842773437,30.459411764705884,-33774.04580152672,-2335.87786259542,5331.297709923664
492112,0,0,0,4923618938,4905.421344,0.010006,328,16584,446,-2066,-1230,-91,195,0.19632453613281248,9.926360083007811,0.26695348510742184,30.453529411764706,-33801.52671755725,-2500.7633587786263,5358.778625954199
492113,0,0,0,4923628943,4905.431349,0.010005,372,16540,492,-2073,-1226,-85,186,0.22266075439453123,9.900023864746093,0.29448680419921874,30.43294117647059,-33691.603053435116,-2335.87786259542,5111.4503816793895
492114,0,0,0,4923638948,4905.441354,0.010005,336,16534,414,-2071,-1228,-79,180,0.201112939453125,9.896432562255859,0.24779987182617186,30.438823529411767,-33746.564885496184,-2170.992366412214,4946.564885496184
492115,0,0,0,4923648953,4905.451359,0.010005,340,16512,442,-2066,-1228,-90,182,0.20350714111328125,9.883264453125,0.2645592834472656,30.453529411764706,-33746.564885496184,-2473.282442748092,5001.526717557253
492116,0,0,0,4923658958,4905.461364,0.010005,370,16550,468,-2062,-1234,-83,189,0.2214636535644531,9.906009368896484,0.28012159423828126,30.465294117647062,-33911.45038167939,-2280.916030534351,5193.893129770992
492117,0,0,0,4923668964,4905.47137,0.010006,370,16568,506,-2060,-1232,-81,185,0.2214636535644531,9.916783276367187,0.3028665100097656,30.471176470588237,-33856.48854961832,-2225.9541984732828,5083.9694656488555
492118,0,0,0,4923678969,4905.481375,0.010005,374,16534,468,-2062,-1235,-87,185,0.22385785522460935,9.896432562255859,0.28012159423828126,30.465294117647062,-33938.931297709925,-2390.8396946564885,5083.9694656488555
492119,0,0,0,4923688974,4905.49138,0.010005,356,16542,466,-2073,-1229,-84,183,0.21308394775390624,9.90122096557617,0.27892449340820313,30.43294117647059,-33774.04580152672,-2308.3969465648856,5029.007633587787
492120,0,0,0,4923698979,4905.501385,0.010005,354,16552,410,-2071,-1232,-79,188,0.21188684692382811,9.907206469726562,0.2454056701660156,30.438823529411767,-33856.48854961832,-2170.992366412214,5166.412213740458
492121,0,0,0,4923708984,4905.51139,0.010005,350,16526,492,-2067,-1237,-80,191,0.20949264526367187,9.891644158935547,0.29448680419921874,30.45058823529412,-33993.89312977099,-2198.4732824427483,5248.854961832061
492122,0,0,0,4923718990,4905.521396,0.010006,376,16534,450,-2066,-1229,-78,189,0.22505495605468748,9.896432562255859,0.2693476867675781,30.453529411764706,-33774.04580152672,-2143.5114503816794,5193.893129770992
492123,0,0,0,4923728995,4905.531401,0.010005,402,16532,472,-2063,-1233,-85,193,0.24061726684570311,9.89523546142578,0.2825157958984375,30.462352941176473,-33883.96946564886,-2335.87786259542,5303.81679389313
492124,0,0,0,4923739000,4905.541406,0.010005,372,16554,428,-2068,-1231,-77,182,0.22266075439453123,9.90840357055664,0.2561795776367187,30.44764705882353,-33829.00763358779,-2116.030534351145,5001.526717557253
492125,0,0,0,4923749005,4905.551411,0.010005,390,16532,430,-2069,-1236,-78,183,0.23343466186523437,9.89523546142578,0.25737667846679685,30.44470588235294,-33966.41221374046,-2143.5114503816794,5029.007633587787
492126,0,0,0,4923759010,4905.561416,0.010005,388,16530,406,-2069,-1230,-87,188,0.23223756103515625,9.894038360595703,0.24301146850585936,30.44470588235294,-33801.52671755725,-2390.8396946564885,5166.412213740458
492127,0,0,0,4923769016,4905.571422,0.010006,388,16504,420,-2069,-1227,-87,191,0.23223756103515625,9.878476049804688,0.25139117431640623,30.44470588235294,-33719.08396946565,-2390.8396946564885,5248.854961832061
492128,0,0,0,4923779021,4905.581427,0.010005,356,16542,440,-2069,-1227,-89,190,0.21308394775390624,9.90122096557617,0.26336218261718747,30.44470588235294,-33719.08396946565,-2445.8015267175574,5221.374045801527
492129,0,0,0,4923789026,4905.591432,0.010005,414,16536,528,-2072,-1232,-81,190,0.24779987182617186,9.897629663085937,0.316034619140625,30.435882352941178,-33856.48854961832,-2225.9541984732828,5221.374045801527
492130,0,0,0,4923799031,4905.601437,0.010005,352,16560,508,-2069,-1223,-80,185,0.21068974609375,9.911994873046874,0.30406361083984373,30.44470588235294,-33609.16030534351,-2198.4732824427483,5083.9694656488555
492131,0,0,0,4923809036,4905.611442,0.010005,356,16540,480,-2067,-1228,-80,185,0.21308394775390624,9.900023864746093,0.28730419921875,30.45058823529412,-33746.564885496184,-2198.4732824427483,5083.9694656488555
492132,0,0,0,4923819042,4905.621448,0.010006,348,16558,452,-2069,-1236,-85,178,0.20829554443359374,9.910797772216796,0.2705447875976562,30.44470588235294,-33966.41221374046,-2335.87786259542,4891.603053435115
492133,0,0,0,4923829047,4905.631453,0.010005,394,16554,420,-2061,-1235,-89,187,0.23582886352539062,9.90840357055664,0.25139117431640623,30.468235294117648,-33938.931297709925,-2445.8015267175574,5138.931297709924
492134,0,0,0,4923839052,4905.641458,0.010005,348,16568,456,-2061,-1230,-87,179,0.20829554443359374,9.916783276367187,0.27293898925781246,30.468235294117648,-33801.52671755725,-2390.8396946564885,4919.083969465649
492135,0,0,0,4923849057,4905.651463,0.010005,370,16580,462,-2062,-1231,-86,187,0.2214636535644531,9.923965881347655,0.2765302917480469,30.465294117647062,-33829.00763358779,-2363.3587786259545,5138.931297709924
492136,0,0,0,4923859063,4905.661469,0.010006,352,16520,442,-2065,-1234,-83,192,0.21068974609375,9.888052856445311,0.2645592834472656,30.456470588235295,-33911.45038167939,-2280.916030534351,5276.335877862595
492137,0,0,0,4923869068,4905.671474,0.010005,384,16542,484,-2064,-1230,-84,195,0.229843359375,9.90122096557617,0.28969840087890625,30.459411764705884,-33801.52671755725,-2308.3969465648856,5358.778625954199
492138,0,0,0,4923879073,4905.681479,0.010005,338,16530,548,-2069,-1231,-83,182,0.20231004028320312,9.894038360595703,0.3280056274414062,30.44470588235294,-33829.00763358779,-2280.916030534351,5001.526717557253
492139,0,0,0,4923889078,4905.691484,0.010005,338,16530,466,-2064,-1234,-87,180,0.20231004028320312,9.894038360595703,0.27892449340820313,30.459411764705884,-33911.45038167939,-2390.8396946564885,4946.564885496184
492140,0,0,0,4923899083,4905.701489,0.010005,422,16556,486,-2062,-1234,-88,189,0.25258827514648435,9.909600671386718,0.29089550170898437,30.465294117647062,-33911.45038167939,-2418.320610687023,5193.893129770992
492141,0,0,0,4923909089,4905.711495,0.010006,374,16522,490,-2066,-1233,-84,188,0.22385785522460935,9.889249957275391,0.2932897033691406,30.453529411764706,-33883.96946564886,-2308.3969465648856,5166.412213740458
492142,0,0,0,4923919094,4905.7215,0.010005,342,16538,442,-2066,-1236,-84,184,0.20470424194335937,9.898826763916015,0.2645592834472656,30.453529411764706,-33966.41221374046,-2308.3969465648856,5056.488549618321
492143,0,0,0,4923929099,4905.731505,0.010005,360,16524,500,-2063,-1234,-79,189,0.2154781494140625,9.890447058105469,0.29927520751953124,30.462352941176473,-33911.45038167939,-2170.992366412214,5193.893129770992
492144,0,0,0,4923939104,4905.74151,0.010005,338,16508,418,-2066,-1233,-87,184,0.20231004028320312,9.880870251464843,0.2501940734863281,30.453529411764706,-33883.96946564886,-2390.8396946564885,5056.488549618321
492145,0,0,0,4923949109,4905.751515,0.010005,362,16538,460,-2069,-1227,-78,184,0.2166752502441406,9.898826763916015,0.2753331909179687,30.44470588235294,-33719.08396946565,-2143.5114503816794,5056.488549618321
492146,0,0,0,4923959115,4905.761521,0.010006,326,16518,482,-2073,-1231,-86,190,0.19512743530273435,9.886855755615233,0.2885013000488281,30.43294117647059,-33829.00763358779,-2363.3587786259545,5221.374045801527
492147,0,0,0,4923969120,4905.771526,0.010005,380,16568,430,-2074,-1235,-84,185,0.22744915771484372,9.916783276367187,0.25737667846679685,30.43,-33938.931297709925,-2308.3969465648856,5083.9694656488555
492148,0,0,0,4923979125,4905.781531,0.010005,318,16572,448,-2070,-1236,-89,182,0.19033903198242186,9.919177478027343,0.26815058593749996,30.441764705882356,-33966.41221374046,-2445.8015267175574,5001.526717557253
492149,0,0,0,4923989130,4905.791536,0.010005,386,16594,452,-2070,-1236,-85,182,0.23104046020507812,9.932345587158203,0.2705447875976562,30.441764705882356,-33966.41221374046,-2335.87786259542,5001.526717557253
492150,0,0,0,4923999135,4905.801541,0.010005,348,16556,482,-2074,-1231,-84,188,0.20829554443359374,9.909600671386718,0.2885013000488281,30.43,-33829.00763358779,-2308.3969465648856,5166.412213740458
492151,0,0,0,4924009141,4905.811547,0.010006,390,16572,470,-2072,-1233,-89,182,0.23343466186523437,9.919177478027343,0.2813186950683594,30.435882352941178,-33883.96946564886,-2445.8015267175574,5001.526717557253
492152,0,0,0,4924019146,4905.821552,0.010005,398,16468,482,-2069,-1233,-86,178,0.23822306518554687,9.85692823486328,0.2885013000488281,30.44470588235294,-33883.96946564886,-2363.3587786259545,4891.603053435115
492153,0,0,0,4924029151,4905.831557,0.010005,414,16532,522,-2066,-1230,-85,183,0.24779987182617186,9.89523546142578,0.3124433166503906,30.453529411764706,-33801.52671755725,-2335.87786259542,5029.007633587787
492154,0,0,0,4924039156,4905.841562,0.010005,374,16526,524,-2073,-1224,-82,183,0.22385785522460935,9.891644158935547,0.3136404174804687,30.43294117647059,-33636.64122137405,-2253.4351145038167,5029.007633587787
492155,0,0,0,4924049161,4905.851567,0.010005,362,16586,464,-2069,-1230,-80,190,0.2166752502441406,9.92755718383789,0.277727392578125,30.44470588235294,-33801.52671755725,-2198.4732824427483,5221.374045801527
492156,0,0,0,4924059167,4905.861573,0.010006,378,16572,472,-2063,-1230,-88,182,0.2262520568847656,9.919177478027343,0.2825157958984375,30.462352941176473,-33801.52671755725,-2418.320610687023,5001.526717557253
492157,0,0,0,4924069172,4905.871578,0.010005,362,16552,468,-2068,-1232,-86,182,0.2166752502441406,9.907206469726562,0.28012159423828126,30.44764705882353,-33856.48854961832,-2363.3587786259545,5001.526717557253
492158,0,0,0,4924079177,4905.881583,0.010005,364,16558,440,-2070,-1232,-92,184,0.21787235107421873,9.910797772216796,0.26336218261718747,30.441764705882356,-33856.48854961832,-2528.2442748091603,5056.488549618321
492159,0,0,0,4924089182,4905.891588,0.010005,348,16530,456,-2071,-1238,-83,181,0.20829554443359374,9.894038360595703,0.27293898925781246,30.438823529411767,-34021.37404580153,-2280.916030534351,4974.045801526718
492160,0,0,0,4924099187,4905.901593,0.010005,388,16536,496,-2069,-1232,-86,184,0.23223756103515625,9.897629663085937,0.296881005859375,30.44470588235294,-33856.48854961832,-2363.3587786259545,5056.488549618321
492161,0,0,0,4924109193,4905.911599,0.010006,400,16564,542,-2076,-1226,-85,191,0.239420166015625,9.91438907470703,0.32441432495117184,30.424117647058825,-33691.603053435116,-2335.87786259542,5248.854961832061
492162,0,0,0,4924119198,4905.921604,0.010005,390,16548,490,-2069,-1230,-79,185,0.23343466186523437,9.904812268066406,0.2932897033691406,30.44470588235294,-33801.52671755725,-2170.992366412214,5083.9694656488555
492163,0,0,0,4924129203,4905.931609,0.010005,374,16562,544,-2066,-1230,-84,181,0.22385785522460935,9.913191973876952,0.32561142578124996,30.453529411764706,-33801.52671755725,-2308.3969465648856,4974.045801526718
492164,0,0,0,4924139208,4905.941614,0.010005,380,16532,494,-2069,-1235,-82,179,0.22744915771484372,9.89523546142578,0.29568390502929687,30.44470588235294,-33938.931297709925,-2253.4351145038167,4919.083969465649
492165,0,0,0,4924149213,4905.951619,0.010005,350,16534,474,-2065,-1235,-88,179,0.20949264526367187,9.896432562255859,0.28371289672851563,30.456470588235295,-33938.931297709925,-2418.320610687023,4919.083969465649
492166,0,0,0,4924159219,4905.961625,0.010006,370,16542,440,-2068,-1237,-86,185,0.2214636535644531,9.90122096557617,0.26336218261718747,30.44764705882353,-33993.89312977099,-2363.3587786259545,5083.9694656488555
492167,0,0,0,4924169224,4905.97163,0.010005,360,16560,522,-2069,-1236,-86,185,0.2154781494140625,9.911994873046874,0.3124433166503906,30.44470588235294,-33966.41221374046,-2363.3587786259545,5083.9694656488555
492168,0,0,0,4924179229,4905.981635,0.010005,372,16518,532,-2068,-1232,-91,183,0.22266075439453123,9.886855755615233,0.3184288208007812,30.44764705882353,-33856.48854961832,-2500.7633587786263,5029.007633587787
492169,0,0,0,4924189234,4905.99164,0.010005,382,16518,460,-2063,-1233,-85,183,0.22864625854492185,9.886855755615233,0.2753331909179687,30.462352941176473,-33883.96946564886,-2335.87786259542,5029.007633587787
492170,0,0,0,4924199240,4906.001646,0.010006,360,16498,466,-2062,-1236,-83,190,0.2154781494140625,9.874884747314452,0.27892449340820313,30.465294117647062,-33966.41221374046,-2280.916030534351,5221.374045801527
492171,0,0,0,4924209245,4906.011651,0.010005,338,16522,486,-2066,-1235,-83,184,0.20231004028320312,9.889249957275391,0.29089550170898437,30.453529411764706,-33938.931297709925,-2280.916030534351,5056.488549618321
492172,0,0,0,4924219250,4906.021656,0.010005,400,16520,510,-2065,-1233,-84,189,0.239420166015625,9.888052856445311,0.30526071166992186,30.456470588235295,-33883.96946564886,-2308.3969465648856,5193.893129770992
492173,0,0,0,4924229255,4906.031661,0.010005,380,16538,526,-2063,-1233,-87,180,0.22744915771484372,9.898826763916015,0.31483751831054685,30.462352941176473,-33883.96946564886,-2390.8396946564885,4946.564885496184
492174,0,0,0,4924239260,4906.041666,0.010005,382,16550,478,-2059,-1229,-88,185,0.22864625854492185,9.906009368896484,0.2861070983886719,30.474117647058826,-33774.04580152672,-2418.320610687023,5083.9694656488555
492175,0,0,0,4924249266,4906.051672,0.010006,334,16522,514,-2066,-1228,-91,187,0.19991583862304688,9.889249957275391,0.3076549133300781,30.453529411764706,-33746.564885496184,-2500.7633587786263,5138.931297709924
492176,0,0,0,4924259271,4906.061677,0.010005,400,16580,488,-2071,-1235,-84,191,0.239420166015625,9.923965881347655,0.2920926025390625,30.438823529411767,-33938.931297709925,-2308.3969465648856,5248.854961832061
492177,0,0,0,4924269276,4906.071682,0.010005,340,16554,450,-2065,-1235,-85,182,0.20350714111328125,9.90840357055664,0.2693476867675781,30.456470588235295,-33938.931297709925,-2335.87786259542,5001.526717557253
492178,0,0,0,4924279281,4906.081687,0.010005,354,16546,498,-2067,-1237,-87,192,0.21188684692382811,9.903615167236328,0.2980781066894531,30.45058823529412,-33993.89312977099,-2390.8396946564885,5276.335877862595
492179,0,0,0,4924289286,4906.091692,0.010005,338,16520,480,-2071,-1226,-88,187,0.20231004028320312,9.888052856445311,0.28730419921875,30.438823529411767,-33691.603053435116,-2418.320610687023,5138.931297709924
492180,0,0,0,4924299292,4906.101698,0.010006,348,16546,482,-2070,-1232,-88,192,0.20829554443359374,9.903615167236328,0.2885013000488281,30.441764705882356,-33856.48854961832,-2418.320610687023,5276.335877862595
492181,0,0,0,4924309297,4906.111703,0.010005,406,16492,484,-2072,-1231,-89,187,0.24301146850585936,9.871293444824218,0.28969840087890625,30.435882352941178,-33829.00763358779,-2445.8015267175574,5138.931297709924
492182,0,0,0,4924319302,4906.121708,0.010005,366,16550,448,-2070,-1232,-87,191,0.21906945190429686,9.906009368896484,0.26815058593749996,30.441764705882356,-33856.48854961832,-2390.8396946564885,5248.854961832061
492183,0,0,0,4924329307,4906.131713,0.010005,356,16536,486,-2074,-1229,-89,182,0.21308394775390624,9.897629663085937,0.29089550170898437,30.43,-33774.04580152672,-2445.8015267175574,5001.526717557253
492184,0,0,0,4924339312,4906.141718,0.010005,360,16536,460,-2066,-1233,-81,186,0.2154781494140625,9.897629663085937,0.2753331909179687,30.453529411764706,-33883.96946564886,-2225.9541984732828,5111.4503816793895
492185,0,0,0,4924349318,4906.151724,0.010006,356,16528,456,-2065,-1237,-84,188,0.21308394775390624,9.892841259765625,0.27293898925781246,30.456470588235295,-33993.89312977099,-2308.3969465648856,5166.412213740458
492186,0,0,0,4924359323,4906.161729,0.010005,340,16510,494,-2065,-1241,-83,186,0.20350714111328125,9.882067352294921,0.29568390502929687,30.456470588235295,-34103.81679389313,-2280.916030534351,5111.4503816793895
492187,0,0,0,4924369328,4906.171734,0.010005,336,16548,454,-2061,-1232,-91,185,0.201112939453125,9.904812268066406,0.27174188842773433,30.468235294117648,-33856.48854961832,-2500.7633587786263,5083.9694656488555
492188,0,0,0,4924379333,4906.181739,0.010005,356,16488,456,-2069,-1234,-88,175,0.21308394775390624,9.868899243164062,0.27293898925781246,30.44470588235294,-33911.45038167939,-2418.320610687023,4809.160305343512
492189,0,0,0,4924389338,4906.191744,0.010005,378,16548,464,-2068,-1234,-86,176,0.2262520568847656,9.904812268066406,0.277727392578125,30.44764705882353,-33911.45038167939,-2363.3587786259545,4836.641221374046
492190,0,0,0,4924399344,4906.20175,0.010006,344,16538,484,-2069,-1229,-85,189,0.2059013427734375,9.898826763916015,0.28969840087890625,30.44470588235294,-33774.04580152672,-2335.87786259542,5193.893129770992
492191,0,0,0,4924409349,4906.211755,0.010005,362,16530,514,-2063,-1232,-83,189,0.2166752502441406,9.894038360595703,0.3076549133300781,30.462352941176473,-33856.48854961832,-2280.916030534351,5193.893129770992
492192,0,0,0,4924419354,4906.22176,0.010005,378,16560,466,-2072,-1232,-87,190,0.2262520568847656,9.911994873046874,0.27892449340820313,30.435882352941178,-33856.48854961832,-2390.8396946564885,5221.374045801527
492193,0,0,0,4924429359,4906.231765,0.010005,382,16560,458,-2065,-1232,-87,184,0.22864625854492185,9.911994873046874,0.2741360900878906,30.456470588235295,-33856.48854961832,-2390.8396946564885,5056.488549618321
492194,0,0,0,4924439364,4906.24177,0.010005,378,16530,474,-2064,-1231,-83,189,0.2262520568847656,9.894038360595703,0.28371289672851563,30.459411764705884,-33829.00763358779,-2280.916030534351,5193.893129770992
492195,0,0,0,4924449370,4906.251776,0.010006,402,16522,526,-2066,-1232,-81,185,0.24061726684570311,9.889249957275391,0.31483751831054685,30.453529411764706,-33856.48854961832,-2225.9541984732828,5083.9694656488555
492196,0,0,0,4924459375,4906.261781,0.010005,362,16584,492,-2068,-1232,-85,181,0.2166752502441406,9.926360083007811,0.29448680419921874,30.44764705882353,-33856.48854961832,-2335.87786259542,4974.045801526718
492197,0,0,0,4924469380,4906.271786,0.010005,364,16552,480,-2066,-1229,-82,190,0.21787235107421873,9.907206469726562,0.28730419921875,30.453529411764706,-33774.04580152672,-2253.4351145038167,5221.374045801527
492198,0,0,0,4924479385,4906.281791,0.010005,400,16522,468,-2070,-1234,-89,194,0.239420166015625,9.889249957275391,0.28012159423828126,30.441764705882356,-33911.45038167939,-2445.8015267175574,5331.297709923664
492199,0,0,0,4924489390,4906.291796,0.010005,386,16556,476,-2066,-1229,-85,186,0.23104046020507812,9.909600671386718,0.28490999755859375,30.453529411764706,-33774.04580152672,-2335.87786259542,5111.4503816793895
492200,0,0,0,4924499396,4906.301802,0.010006,418,16552,474,-2071,-1237,-87,188,0.2501940734863281,9.907206469726562,0.28371289672851563,30.438823529411767,-33993.89312977099,-2390.8396946564885,5166.412213740458
492201,0,0,0,4924509401,4906.311807,0.010005,396,16522,464,-2070,-1232,-92,194,0.23702596435546874,9.889249957275391,0.277727392578125,30.441764705882356,-33856.48854961832,-2528.2442748091603,5331.297709923664
492202,0,0,0,4924519406,4906.321812,0.010005,360,16574,440,-2064,-1233,-91,185,0.2154781494140625,9.920374578857421,0.26336218261718747,30.459411764705884,-33883.96946564886,-2500.7633587786263,5083.9694656488555
492203,0,0,0,4924529411,4906.331817,0.010005,382,16540,488,-2068,-1229,-89,187,0.22864625854492185,9.900023864746093,0.2920926025390625,30.44764705882353,-33774.04580152672,-2445.8015267175574,5138.931297709924
492204,0,0,0,4924539417,4906.341823,0.010006,386,16528,502,-2065,-1222,-81,188,0.23104046020507812,9.892841259765625,0.30047230834960936,30.456470588235295,-33581.67938931298,-2225.9541984732828,5166.412213740458
492205,0,0,0,4924549422,4906.351828,0.010005,342,16526,546,-2069,-1225,-85,188,0.20470424194335937,9.891644158935547,0.3268085266113281,30.44470588235294,-33664.122137404585,-2335.87786259542,5166.412213740458
492206,0,0,0,4924559427,4906.361833,0.010005,388,16552,486,-2071,-1233,-88,193,0.23223756103515625,9.907206469726562,0.29089550170898437,30.438823529411767,-33883.96946564886,-2418.320610687023,5303.81679389313
492207,0,0,0,4924569432,4906.371838,0.010005,346,16536,472,-2066,-1233,-83,190,0.20709844360351562,9.897629663085937,0.2825157958984375,30.453529411764706,-33883.96946564886,-2280.916030534351,5221.374045801527
492208,0,0,0,4924579437,4906.381843,0.010005,364,16504,424,-2070,-1233,-81,187,0.21787235107421873,9.878476049804688,0.2537853759765625,30.441764705882356,-33883.96946564886,-2225.9541984732828,5138.931297709924
492209,0,0,0,4924589443,4906.391849,0.010006,376,16576,514,-2066,-1233,-87,187,0.22505495605468748,9.9215716796875,0.3076549133300781,30.453529411764706,-33883.96946564886,-2390.8396946564885,5138.931297709924
492210,0,0,0,4924599448,4906.401854,0.010005,346,16562,448,-2068,-1231,-81,178,0.20709844360351562,9.913191973876952,0.26815058593749996,30.44764705882353,-33829.00763358779,-2225.9541984732828,4891.603053435115
492211,0,0,0,4924609453,4906.411859,0.010005,378,16536,422,-2067,-1230,-84,190,0.2262520568847656,9.897629663085937,0.25258827514648435,30.45058823529412,-33801.52671755725,-2308.3969465648856,5221.374045801527
492212,0,0,0,4924619458,4906.421864,0.010005,354,16548,510,-2070,-1232,-83,187,0.21188684692382811,9.904812268066406,0.30526071166992186,30.441764705882356,-33856.48854961832,-2280.916030534351,5138.931297709924
492213,0,0,0,4924629463,4906.431869,0.010005,360,16540,454,-2068,-1228,-81,185,0.2154781494140625,9.900023864746093,0.27174188842773433,30.44764705882353,-33746.564885496184,-2225.9541984732828,5083.9694656488555
492214,0,0,0,4924639469,4906.441875,0.010006,356,16548,490,-2072,-1233,-78,187,0.21308394775390624,9.904812268066406,0.2932897033691406,30.435882352941178,-33883.96946564886,-2143.5114503816794,5138.931297709924
492215,0,0,0,4924649474,4906.45188,0.010005,382,16536,488,-2071,-1235,-87,187,0.22864625854492185,9.897629663085937,0.2920926025390625,30.438823529411767,-33938.931297709925,-2390.8396946564885,5138.931297709924
492216,0,0,0,4924659479,4906.461885,0.010005,358,16560,454,-2067,-1240,-86,189,0.21428104858398436,9.911994873046874,0.27174188842773433,30.45058823529412,-34076.3358778626,-2363.3587786259545,5193.893129770992
492217,0,0,0,4924669484,4906.47189,0.010005,396,16544,480,-2074,-1231,-81,184,0.23702596435546874,9.90241806640625,0.28730419921875,30.43,-33829.00763358779,-2225.9541984732828,5056.488549618321
492218,0,0,0,4924679489,4906.481895,0.010005,404,16542,462,-2071,-1231,-87,187,0.24181436767578124,9.90122096557617,0.2765302917480469,30.438823529411767,-33829.00763358779,-2390.8396946564885,5138.931297709924
492219,0,0,0,4924689495,4906.491901,0.010006,364,16544,494,-2076,-1229,-87,194,0.21787235107421873,9.90241806640625,0.29568390502929687,30.424117647058825,-33774.04580152672,-2390.8396946564885,5331.297709923664
492220,0,0,0,4924699500,4906.501906,0.010005,342,16540,450,-2071,-1236,-91,186,0.20470424194335937,9.900023864746093,0.2693476867675781,30.438823529411767,-33966.41221374046,-2500.7633587786263,5111.4503816793895
492221,0,0,0,4924709505,4906.511911,0.010005,370,16532,470,-2074,-1239,-83,186,0.2214636535644531,9.89523546142578,0.2813186950683594,30.43,-34048.85496183206,-2280.916030534351,5111.4503816793895
492222,0,0,0,4924719510,4906.521916,0.010005,328,16562,500,-2063,-1233,-93,186,0.19632453613281248,9.913191973876952,0.29927520751953124,30.462352941176473,-33883.96946564886,-2555.7251908396947,5111.4503816793895
492223,0,0,0,4924729515,4906.531921,0.010005,346,16566,482,-2062,-1233,-81,185,0.20709844360351562,9.91558617553711,0.2885013000488281,30.465294117647062,-33883.96946564886,-2225.9541984732828,5083.9694656488555
492224,0,0,0,4924739521,4906.541927,0.010006,364,16528,504,-2065,-1233,-86,186,0.21787235107421873,9.892841259765625,0.3016694091796875,30.456470588235295,-33883.96946564886,-2363.3587786259545,5111.4503816793895
492225,0,0,0,4924749526,4906.551932,0.010005,368,16544,480,-2066,-1238,-86,186,0.22026655273437498,9.90241806640625,0.28730419921875,30.453529411764706,-34021.37404580153,-2363.3587786259545,5111.4503816793895
492226,0,0,0,4924759531,4906.561937,0.010005,358,16532,480,-2070,-1230,-85,189,0.21428104858398436,9.89523546142578,0.28730419921875,30.441764705882356,-33801.52671755725,-2335.87786259542,5193.893129770992
492227,0,0,0,4924769536,4906.571942,0.010005,366,16536,452,-2071,-1227,-90,190,0.21906945190429686,9.897629663085937,0.2705447875976562,30.438823529411767,-33719.08396946565,-2473.282442748092,5221.374045801527
492228,0,0,0,4924779541,4906.581947,0.010005,368,16546,436,-2071,-1231,-84,184,0.22026655273437498,9.903615167236328,0.2609679809570312,30.438823529411767,-33829.00763358779,-2308.3969465648856,5056.488549618321
492229,0,0,0,4924789547,4906.591953,0.010006,364,16568,460,-2071,-1229,-78,181,0.21787235107421873,9.916783276367187,0.2753331909179687,30.438823529411767,-33774.04580152672,-2143.5114503816794,4974.045801526718
492230,0,0,0,4924799552,4906.601958,0.010005,340,16580,494,-2071,-1232,-86,188,0.20350714111328125,9.923965881347655,0.29568390502929687,30.438823529411767,-33856.48854961832,-2363.3587786259545,5166.412213740458
492231,0,0,0,4924809557,4906.611963,0.010005,340,16542,442,-2068,-1232,-86,183,0.20350714111328125,9.90122096557617,0.2645592834472656,30.44764705882353,-33856.48854961832,-2363.3587786259545,5029.007633587787
492232,0,0,0,4924819562,4906.621968,0.010005,376,16558,496,-2070,-1231,-86,192,0.22505495605468748,9.910797772216796,0.296881005859375,30.441764705882356,-33829.00763358779,-2363.3587786259545,5276.335877862595
492233,0,0,0,4924829567,4906.631973,0.010005,370,16536,442,-2073,-1230,-87,191,0.2214636535644531,9.897629663085937,0.2645592834472656,30.43294117647059,-33801.52671755725,-2390.8396946564885,5248.854961832061
492234,0,0,0,4924839573,4906.641979,0.010006,390,16534,478,-2070,-1231,-81,186,0.23343466186523437,9.896432562255859,0.2861070983886719,30.441764705882356,-33829.00763358779,-2225.9541984732828,5111.4503816793895
492235,0,0,0,4924849578,4906.651984,0.010005,342,16560,462,-2067,-1235,-83,193,0.20470424194335937,9.911994873046874,0.2765302917480469,30.45058823529412,-33938.931297709925,-2280.916030534351,5303.81679389313
492236,0,0,0,4924859583,4906.661989,0.010005,340,16532,508,-2069,-1236,-86,184,0.20350714111328125,9.89523546142578,0.30406361083984373,30.44470588235294,-33966.41221374046,-2363.3587786259545,5056.488549618321
492237,0,0,0,4924869588,4906.671994,0.010005,388,16540,438,-2066,-1229,-88,188,0.23223756103515625,9.900023864746093,0.26216508178710934,30.453529411764706,-33774.04580152672,-2418.320610687023,5166.412213740458
492238,0,0,0,4924879593,4906.681999,0.010005,350,16534,428,-2069,-1226,-87,190,0.20949264526367187,9.896432562255859,0.2561795776367187,30.44470588235294,-33691.603053435116,-2390.8396946564885,5221.374045801527
492239,0,0,0,4924889599,4906.692005,0.010006,366,16490,428,-2066,-1234,-79,185,0.21906945190429686,9.87009634399414,0.2561795776367187,30.453529411764706,-33911.45038167939,-2170.992366412214,5083.9694656488555
492240,0,0,0,4924899604,4906.70201,0.010005,346,16532,570,-2065,-1227,-85,188,0.20709844360351562,9.89523546142578,0.34117373657226563,30.456470588235295,-33719.08396946565,-2335.87786259542,5166.412213740458
492241,0,0,0,4924909609,4906.712015,0.010005,372,16544,452,-2066,-1228,-80,181,0.22266075439453123,9.90241806640625,0.2705447875976562,30.453529411764706,-33746.564885496184,-2198.4732824427483,4974.045801526718
492242,0,0,0,4924919614,4906.72202,0.010005,380,16558,488,-2071,-1230,-77,181,0.22744915771484372,9.910797772216796,0.2920926025390625,30.438823529411767,-33801.52671755725,-2116.030534351145,4974.045801526718
492243,0,0,0,4924929620,4906.732026,0.010006,392,16558,496,-2069,-1223,-88,188,0.2346317626953125,9.910797772216796,0.296881005859375,30.44470588235294,-33609.16030534351,-2418.320610687023,5166.412213740458
492244,0,0,0,4924939625,4906.742031,0.010005,384,16490,464,-2065,-1226,-85,184,0.229843359375,9.87009634399414,0.277727392578125,30.456470588235295,-33691.603053435116,-2335.87786259542,5056.488549618321
492245,0,0,0,4924949630,4906.752036,0.010005,370,16540,482,-2064,-1223,-88,185,0.2214636535644531,9.900023864746093,0.2885013000488281,30.459411764705884,-33609.16030534351,-2418.320610687023,5083.9694656488555
492246,0,0,0,4924959635,4906.762041,0.010005,386,16542,446,-2066,-1234,-87,189,0.23104046020507812,9.90122096557617,0.26695348510742184,30.453529411764706,-33911.45038167939,-2390.8396946564885,5193.893129770992
492247,0,0,0,4924969640,4906.772046,0.010005,386,16568,512,-2070,-1230,-83,186,0.23104046020507812,9.916783276367187,0.3064578125,30.441764705882356,-33801.52671755725,-2280.916030534351,5111.4503816793895
492248,0,0,0,4924979646,4906.782052,0.010006,340,16528,410,-2072,-1227,-88,187,0.20350714111328125,9.892841259765625,0.2454056701660156,30.435882352941178,-33719.08396946565,-2418.320610687023,5138.931297709924
492249,0,0,0,4924989651,4906.792057,0.010005,348,16538,468,-2061,-1229,-89,176,0.20829554443359374,9.898826763916015,0.28012159423828126,30.468235294117648,-33774.04580152672,-2445.8015267175574,4836.641221374046
492250,0,0,0,4924999656,4906.802062,0.010005,406,16530,464,-2064,-1224,-83,182,0.24301146850585936,9.894038360595703,0.277727392578125,30.459411764705884,-33636.64122137405,-2280.916030534351,5001.526717557253
492251,0,0,0,4925009661,4906.812067,0.010005,384,16564,504,-2059,-1229,-83,185,0.229843359375,9.91438907470703,0.3016694091796875,30.474117647058826,-33774.04580152672,-2280.916030534351,5083.9694656488555
492252,0,0,0,4925019666,4906.822072,0.010005,388,16558,438,-2063,-1235,-78,188,0.23223756103515625,9.910797772216796,0.26216508178710934,30.462352941176473,-33938.931297709925,-2143.5114503816794,5166.412213740458
492253,0,0,0,4925029672,4906.832078,0.010006,412,16554,442,-2064,-1229,-87,185,0.24660277099609373,9.90840357055664,0.2645592834472656,30.459411764705884,-33774.04580152672,-2390.8396946564885,5083.9694656488555
492254,0,0,0,4925039677,4906.842083,0.010005,308,16542,436,-2065,-1232,-86,180,0.18435352783203124,9.90122096557617,0.2609679809570312,30.456470588235295,-33856.48854961832,-2363.3587786259545,4946.564885496184
492255,0,0,0,4925049682,4906.852088,0.010005,388,16550,430,-2065,-1228,-89,181,0.23223756103515625,9.906009368896484,0.25737667846679685,30.456470588235295,-33746.564885496184,-2445.8015267175574,4974.045801526718
492256,0,0,0,4925059687,4906.862093,0.010005,394,16530,498,-2070,-1230,-87,182,0.23582886352539062,9.894038360595703,0.2980781066894531,30.441764705882356,-33801.52671755725,-2390.8396946564885,5001.526717557253
492257,0,0,0,4925069692,4906.872098,0.010005,354,16566,460,-2066,-1239,-86,182,0.21188684692382811,9.91558617553711,0.2753331909179687,30.453529411764706,-34048.85496183206,-2363.3587786259545,5001.526717557253
492258,0,0,0,4925079698,4906.882104,0.010006,394,16560,464,-2065,-1229,-91,175,0.23582886352539062,9.911994873046874,0.277727392578125,30.456470588235295,-33774.04580152672,-2500.7633587786263,4809.160305343512
492259,0,0,0,4925089703,4906.892109,0.010005,416,16538,512,-2065,-1231,-85,184,0.24899697265624998,9.898826763916015,0.3064578125,30.456470588235295,-33829.00763358779,-2335.87786259542,5056.488549618321
492260,0,0,0,4925099708,4906.902114,0.010005,406,16546,512,-2064,-1232,-90,185,0.24301146850585936,9.903615167236328,0.3064578125,30.459411764705884,-33856.48854961832,-2473.282442748092,5083.9694656488555
492261,0,0,0,4925109713,4906.912119,0.010005,380,16564,486,-2070,-1234,-88,181,0.22744915771484372,9.91438907470703,0.29089550170898437,30.441764705882356,-33911.45038167939,-2418.320610687023,4974.045801526718
492262,0,0,0,4925119718,4906.922124,0.010005,340,16506,442,-2068,-1229,-82,184,0.20350714111328125,9.879673150634765,0.2645592834472656,30.44764705882353,-33774.04580152672,-2253.4351145038167,5056.488549618321
492263,0,0,0,4925129724,4906.93213,0.010006,446,16546,492,-2067,-1234,-83,184,0.26695348510742184,9.903615167236328,0.29448680419921874,30.45058823529412,-33911.45038167939,-2280.916030534351,5056.488549618321
492264,0,0,0,4925139729,4906.942135,0.010005,364,16580,370,-2066,-1229,-85,188,0.21787235107421873,9.923965881347655,0.2214636535644531,30.453529411764706,-33774.04580152672,-2335.87786259542,5166.412213740458
492265,0,0,0,4925149734,4906.95214,0.010005,344,16564,462,-2063,-1231,-88,188,0.2059013427734375,9.91438907470703,0.2765302917480469,30.462352941176473,-33829.00763358779,-2418.320610687023,5166.412213740458
492266,0,0,0,4925159739,4906.962145,0.010005,354,16534,458,-2066,-1228,-86,188,0.21188684692382811,9.896432562255859,0.2741360900878906,30.453529411764706,-33746.564885496184,-2363.3587786259545,5166.412213740458
492267,0,0,0,4925169744,4906.97215,0.010005,360,16590,434,-2067,-1234,-78,181,0.2154781494140625,9.929951385498047,0.2597708801269531,30.45058823529412,-33911.45038167939,-2143.5114503816794,4974.045801526718
492268,0,0,0,4925179750,4906.982156,0.010006,442,16554,474,-2071,-1233,-82,187,0.2645592834472656,9.90840357055664,0.28371289672851563,30.438823529411767,-33883.96946564886,-2253.4351145038167,5138.931297709924
492269,0,0,0,4925189755,4906.992161,0.010005,380,16522,436,-2064,-1228,-86,192,0.22744915771484372,9.889249957275391,0.2609679809570312,30.459411764705884,-33746.564885496184,-2363.3587786259545,5276.335877862595
492270,0,0,0,4925199760,4907.002166,0.010005,380,16568,416,-2062,-1231,-86,187,0.22744915771484372,9.916783276367187,0.24899697265624998,30.465294117647062,-33829.00763358779,-2363.3587786259545,5138.931297709924
492271,0,0,0,4925209765,4907.012171,0.010005,362,16554,470,-2063,-1223,-81,192,0.2166752502441406,9.90840357055664,0.2813186950683594,30.462352941176473,-33609.16030534351,-2225.9541984732828,5276.335877862595
492272,0,0,0,4925219770,4907.022176,0.010005,394,16516,506,-2068,-1225,-84,186,0.23582886352539062,9.885658654785155,0.3028665100097656,30.44764705882353,-33664.122137404585,-2308.3969465648856,5111.4503816793895
492273,0,0,0,4925229776,4907.032182,0.010006,370,16546,450,-2067,-1230,-90,190,0.2214636535644531,9.903615167236328,0.2693476867675781,30.45058823529412,-33801.52671755725,-2473.282442748092,5221.374045801527
492274,0,0,0,4925239781,4907.042187,0.010005,370,16548,416,-2068,-1225,-85,184,0.2214636535644531,9.904812268066406,0.24899697265624998,30.44764705882353,-33664.122137404585,-2335.87786259542,5056.488549618321
492275,0,0,0,4925249786,4907.052192,0.010005,402,16526,468,-2058,-1229,-85,180,0.24061726684570311,9.891644158935547,0.28012159423828126,30.47705882352941,-33774.04580152672,-2335.87786259542,4946.564885496184
492276,0,0,0,4925259791,4907.062197,0.010005,378,16542,438,-2066,-1231,-90,184,0.2262520568847656,9.90122096557617,0.26216508178710934,30.453529411764706,-33829.00763358779,-2473.282442748092,5056.488549618321
492277,0,0,0,4925269797,4907.072203,0.010006,386,16534,448,-2065,-1231,-77,187,0.23104046020507812,9.896432562255859,0.26815058593749996,30.456470588235295,-33829.00763358779,-2116.030534351145,5138.931297709924
492278,0,0,0,4925279802,4907.082208,0.010005,396,16536,458,-2071,-1236,-82,186,0.23702596435546874,9.897629663085937,0.2741360900878906,30.438823529411767,-33966.41221374046,-2253.4351145038167,5111.4503816793895
492279,0,0,0,4925289807,4907.092213,0.010005,392,16554,512,-2068,-1232,-80,181,0.2346317626953125,9.90840357055664,0.3064578125,30.44764705882353,-33856.48854961832,-2198.4732824427483,4974.045801526718
492280,0,0,0,4925299812,4907.102218,0.010005,342,16524,470,-2068,-1232,-82,180,0.20470424194335937,9.890447058105469,0.2813186950683594,30.44764705882353,-33856.48854961832,-2253.4351145038167,4946.564885496184
492281,0,0,0,4925309817,4907.112223,0.010005,400,16520,466,-2068,-1232,-84,181,0.239420166015625,9.888052856445311,0.27892449340820313,30.44764705882353,-33856.48854961832,-2308.3969465648856,4974.045801526718
492282,0,0,0,4925319823,4907.122229,0.010006,384,16516,424,-2068,-1227,-83,176,0.229843359375,9.885658654785155,0.2537853759765625,30.44764705882353,-33719.08396946565,-2280.916030534351,4836.641221374046
492283,0,0,0,4925329828,4907.132234,0.010005,342,16552,450,-2069,-1232,-82,175,0.20470424194335937,9.907206469726562,0.2693476867675781,30.44470588235294,-33856.48854961832,-2253.4351145038167,4809.160305343512
492284,0,0,0,4925339833,4907.142239,0.010005,354,16556,528,-2069,-1233,-82,184,0.21188684692382811,9.909600671386718,0.316034619140625,30.44470588235294,-33883.96946564886,-2253.4351145038167,5056.488549618321
492285,0,0,0,4925349838,4907.152244,0.010005,382,16552,474,-2074,-1228,-93,190,0.22864625854492185,9.907206469726562,0.28371289672851563,30.43,-33746.564885496184,-2555.7251908396947,5221.374045801527
492286,0,0,0,4925359843,4907.162249,0.010005,412,16574,454,-2062,-1236,-84,189,0.24660277099609373,9.920374578857421,0.27174188842773433,30.465294117647062,-33966.41221374046,-2308.3969465648856,5193.893129770992
492287,0,0,0,4925369849,4907.172255,0.010006,382,16562,418,-2070,-1234,-87,191,0.22864625854492185,9.913191973876952,0.2501940734863281,30.441764705882356,-33911.45038167939,-2390.8396946564885,5248.854961832061
492288,0,0,0,4925379854,4907.18226,0.010005,402,16552,528,-2073,-1232,-87,194,0.24061726684570311,9.907206469726562,0.316034619140625,30.43294117647059,-33856.48854961832,-2390.8396946564885,5331.297709923664
492289,0,0,0,4925389859,4907.192265,0.010005,336,16550,460,-2072,-1233,-80,185,0.201112939453125,9.906009368896484,0.2753331909179687,30.435882352941178,-33883.96946564886,-2198.4732824427483,5083.9694656488555
492290,0,0,0,4925399864,4907.20227,0.010005,370,16528,476,-2067,-1228,-83,181,0.2214636535644531,9.892841259765625,0.28490999755859375,30.45058823529412,-33746.564885496184,-2280.916030534351,4974.045801526718
492291,0,0,0,4925409869,4907.212275,0.010005,386,16550,508,-2067,-1226,-87,191,0.23104046020507812,9.906009368896484,0.30406361083984373,30.45058823529412,-33691.603053435116,-2390.8396946564885,5248.854961832061
492292,0,0,0,4925419875,4907.222281,0.010006,372,16504,470,-2070,-1230,-87,187,0.22266075439453123,9.878476049804688,0.2813186950683594,30.441764705882356,-33801.52671755725,-2390.8396946564885,5138.931297709924
492293,0,0,0,4925429880,4907.232286,0.010005,358,16516,474,-2065,-1234,-86,189,0.21428104858398436,9.885658654785155,0.28371289672851563,30.456470588235295,-33911.45038167939,-2363.3587786259545,5193.893129770992
492294,0,0,0,4925439885,4907.242291,0.010005,354,16556,494,-2070,-1230,-84,187,0.21188684692382811,9.909600671386718,0.29568390502929687,30.441764705882356,-33801.52671755725,-2308.3969465648856,5138.931297709924
492295,0,0,0,4925449890,4907.252296,0.010005,398,16582,448,-2063,-1233,-80,176,0.23822306518554687,9.925162982177733,0.26815058593749996,30.462352941176473,-33883.96946564886,-2198.4732824427483,4836.641221374046
492296,0,0,0,4925459895,4907.262301,0.010005,332,16518,484,-2066,-1230,-80,185,0.19871873779296872,9.886855755615233,0.28969840087890625,30.453529411764706,-33801.52671755725,-2198.4732824427483,5083.9694656488555
492297,0,0,0,4925469901,4907.272307,0.010006,382,16560,476,-2067,-1230,-87,188,0.22864625854492185,9.911994873046874,0.28490999755859375,30.45058823529412,-33801.52671755725,-2390.8396946564885,5166.412213740458
492298,0,0,0,4925479906,4907.282312,0.010005,380,16538,448,-2069,-1230,-93,181,0.22744915771484372,9.898826763916015,0.26815058593749996,30.44470588235294,-33801.52671755725,-2555.7251908396947,4974.045801526718
492299,0,0,0,4925489911,4907.292317,0.010005,390,16534,454,-2064,-1235,-77,184,0.23343466186523437,9.896432562255859,0.27174188842773433,30.459411764705884,-33938.931297709925,-2116.030534351145,5056.488549618321
492300,0,0,0,4925499916,4907.302322,0.010005,372,16524,428,-2061,-1232,-84,184,0.22266075439453123,9.890447058105469,0.2561795776367187,30.468235294117648,-33856.48854961832,-2308.3969465648856,5056.488549618321
492301,0,0,0,4925509921,4907.312327,0.010005,366,16566,484,-2065,-1234,-86,188,0.21906945190429686,9.91558617553711,0.28969840087890625,30.456470588235295,-33911.45038167939,-2363.3587786259545,5166.412213740458
492302,0,0,0,4925519927,4907.322333,0.010006,392,16556,478,-2068,-1231,-91,188,0.2346317626953125,9.909600671386718,0.2861070983886719,30.44764705882353,-33829.00763358779,-2500.7633587786263,5166.412213740458
492303,0,0,0,4925529932,4907.332338,0.010005,380,16522,514,-2068,-1236,-88,189,0.22744915771484372,9.889249957275391,0.3076549133300781,30.44764705882353,-33966.41221374046,-2418.320610687023,5193.893129770992
492304,0,0,0,4925539937,4907.342343,0.010005,364,16536,548,-2061,-1234,-89,182,0.21787235107421873,9.897629663085937,0.3280056274414062,30.468235294117648,-33911.45038167939,-2445.8015267175574,5001.526717557253
492305,0,0,0,4925549942,4907.352348,0.010005,386,16578,450,-2070,-1235,-92,188,0.23104046020507812,9.922768780517577,0.2693476867675781,30.441764705882356,-33938.931297709925,-2528.2442748091603,5166.412213740458
492306,0,0,0,4925559948,4907.362354,0.010006,358,16530,504,-2067,-1232,-90,185,0.21428104858398436,9.894038360595703,0.3016694091796875,30.45058823529412,-33856.48854961832,-2473.282442748092,5083.9694656488555
492307,0,0,0,4925569953,4907.372359,0.010005,370,16560,458,-2068,-1233,-88,184,0.2214636535644531,9.911994873046874,0.2741360900878906,30.44764705882353,-33883.96946564886,-2418.320610687023,5056.488549618321
492308,0,0,0,4925579958,4907.382364,0.010005,380,16548,424,-2063,-1227,-85,188,0.22744915771484372,9.904812268066406,0.2537853759765625,30.462352941176473,-33719.08396946565,-2335.87786259542,5166.412213740458
492309,0,0,0,4925589963,4907.392369,0.010005,372,16554,476,-2062,-1231,-86,187,0.22266075439453123,9.90840357055664,0.28490999755859375,30.465294117647062,-33829.00763358779,-2363.3587786259545,5138.931297709924
492310,0,0,0,4925599968,4907.402374,0.010005,366,16532,464,-2061,-1230,-87,186,0.21906945190429686,9.89523546142578,0.277727392578125,30.468235294117648,-33801.52671755725,-2390.8396946564885,5111.4503816793895
492311,0,0,0,4925609974,4907.41238,0.010006,348,16550,464,-2064,-1230,-82,184,0.20829554443359374,9.906009368896484,0.277727392578125,30.459411764705884,-33801.52671755725,-2253.4351145038167,5056.488549618321
492312,0,0,0,4925619979,4907.422385,0.010005,386,16546,448,-2064,-1232,-81,188,0.23104046020507812,9.903615167236328,0.26815058593749996,30.459411764705884,-33856.48854961832,-2225.9541984732828,5166.412213740458
492313,0,0,0,4925629984,4907.43239,0.010005,340,16582,498,-2064,-1230,-86,187,0.20350714111328125,9.925162982177733,0.2980781066894531,30.459411764705884,-33801.52671755725,-2363.3587786259545,5138.931297709924
492314,0,0,0,4925639989,4907.442395,0.010005,396,16572,488,-2055,-1234,-82,197,0.23702596435546874,9.919177478027343,0.2920926025390625,30.48588235294118,-33911.45038167939,-2253.4351145038167,5413.740458015267
492315,0,0,0,4925649994,4907.4524,0.010005,390,16538,444,-2061,-1237,-82,184,0.23343466186523437,9.898826763916015,0.2657563842773437,30.468235294117648,-33993.89312977099,-2253.4351145038167,5056.488549618321
492316,0,0,0,4925660000,4907.462406,0.010006,364,16560,448,-2068,-1231,-90,193,0.21787235107421873,9.911994873046874,0.26815058593749996,30.44764705882353,-33829.00763358779,-2473.282442748092,5303.81679389313
492317,0,0,0,4925670005,4907.472411,0.010005,340,16574,456,-2070,-1228,-85,186,0.20350714111328125,9.920374578857421,0.27293898925781246,30.441764705882356,-33746.564885496184,-2335.87786259542,5111.4503816793895
492318,0,0,0,4925680010,4907.482416,0.010005,350,16566,498,-2067,-1225,-74,176,0.20949264526367187,9.91558617553711,0.2980781066894531,30.45058823529412,-33664.122137404585,-2033.587786259542,4836.641221374046
492319,0,0,0,4925690015,4907.492421,0.010005,362,16534,470,-2068,-1237,-88,196,0.2166752502441406,9.896432562255859,0.2813186950683594,30.44764705882353,-33993.89312977099,-2418.320610687023,5386.259541984733
492320,0,0,0,4925700020,4907.502426,0.010005,390,16506,516,-2066,-1230,-95,184,0.23343466186523437,9.879673150634765,0.30885201416015623,30.453529411764706,-33801.52671755725,-2610.6870229007636,5056.488549618321
492321,0,0,0,4925710026,4907.512432,0.010006,358,16512,412,-2068,-1233,-87,186,0.21428104858398436,9.883264453125,0.24660277099609373,30.44764705882353,-33883.96946564886,-2390.8396946564885,5111.4503816793895
492322,0,0,0,4925720031,4907.522437,0.010005,320,16546,480,-2068,-1233,-85,187,0.19153613281249998,9.903615167236328,0.28730419921875,30.44764705882353,-33883.96946564886,-2335.87786259542,5138.931297709924
492323,0,0,0,4925730036,4907.532442,0.010005,364,16528,478,-2067,-1230,-85,187,0.21787235107421873,9.892841259765625,0.2861070983886719,30.45058823529412,-33801.52671755725,-2335.87786259542,5138.931297709924
492324,0,0,0,4925740041,4907.542447,0.010005,366,16536,500,-2067,-1230,-87,191,0.21906945190429686,9.897629663085937,0.29927520751953124,30.45058823529412,-33801.52671755725,-2390.8396946564885,5248.854961832061
492325,0,0,0,4925750046,4907.552452,0.010005,424,16564,468,-2062,-1227,-84,189,0.2537853759765625,9.91438907470703,0.28012159423828126,30.465294117647062,-33719.08396946565,-2308.3969465648856,5193.893129770992
492326,0,0,0,4925760052,4907.562458,0.010006,392,16548,448,-2061,-1229,-82,189,0.2346317626953125,9.904812268066406,0.26815058593749996,30.468235294117648,-33774.04580152672,-2253.4351145038167,5193.893129770992
492327,0,0,0,4925770057,4907.572463,0.010005,354,16564,382,-2061,-1233,-84,180,0.21188684692382811,9.91438907470703,0.22864625854492185,30.468235294117648,-33883.96946564886,-2308.3969465648856,4946.564885496184
492328,0,0,0,4925780062,4907.582468,0.010005,396,16510,452,-2065,-1235,-89,188,0.23702596435546874,9.882067352294921,0.2705447875976562,30.456470588235295,-33938.931297709925,-2445.8015267175574,5166.412213740458
492329,0,0,0,4925790067,4907.592473,0.010005,382,16572,432,-2068,-1230,-90,184,0.22864625854492185,9.919177478027343,0.258573779296875,30.44764705882353,-33801.52671755725,-2473.282442748092,5056.488549618321
492330,0,0,0,4925800072,4907.602478,0.010005,362,16524,504,-2069,-1233,-88,193,0.2166752502441406,9.890447058105469,0.3016694091796875,30.44470588235294,-33883.96946564886,-2418.320610687023,5303.81679389313
492331,0,0,0,4925810078,4907.612484,0.010006,376,16590,418,-2069,-1230,-88,183,0.22505495605468748,9.929951385498047,0.2501940734863281,30.44470588235294,-33801.52671755725,-2418.320610687023,5029.007633587787
492332,0,0,0,4925820083,4907.622489,0.010005,398,16548,448,-2067,-1226,-90,185,0.23822306518554687,9.904812268066406,0.26815058593749996,30.45058823529412,-33691.603053435116,-2473.282442748092,5083.9694656488555
492333,0,0,0,4925830088,4907.632494,0.010005,336,16542,492,-2067,-1233,-86,185,0.201112939453125,9.90122096557617,0.29448680419921874,30.45058823529412,-33883.96946564886,-2363.3587786259545,5083.9694656488555
492334,0,0,0,4925840093,4907.642499,0.010005,384,16536,468,-2064,-1230,-81,188,0.229843359375,9.897629663085937,0.28012159423828126,30.459411764705884,-33801.52671755725,-2225.9541984732828,5166.412213740458
492335,0,0,0,4925850099,4907.652505,0.010006,376,16548,458,-2066,-1228,-84,196,0.22505495605468748,9.904812268066406,0.2741360900878906,30.453529411764706,-33746.564885496184,-2308.3969465648856,5386.259541984733
492336,0,0,0,4925860104,4907.66251,0.010005,374,16470,500,-2066,-1232,-83,194,0.22385785522460935,9.858125335693359,0.29927520751953124,30.453529411764706,-33856.48854961832,-2280.916030534351,5331.297709923664
492337,0,0,0,4925870109,4907.672515,0.010005,368,16514,446,-2068,-1235,-80,185,0.22026655273437498,9.884461553955077,0.26695348510742184,30.44764705882353,-33938.931297709925,-2198.4732824427483,5083.9694656488555
492338,0,0,0,4925880114,4907.68252,0.010005,374,16544,458,-2071,-1232,-88,190,0.22385785522460935,9.90241806640625,0.2741360900878906,30.438823529411767,-33856.48854961832,-2418.320610687023,5221.374045801527
492339,0,0,0,4925890119,4907.692525,0.010005,382,16550,428,-2065,-1228,-88,186,0.22864625854492185,9.906009368896484,0.2561795776367187,30.456470588235295,-33746.564885496184,-2418.320610687023,5111.4503816793895
492340,0,0,0,4925900125,4907.702531,0.010006,360,16530,490,-2066,-1229,-85,184,0.2154781494140625,9.894038360595703,0.2932897033691406,30.453529411764706,-33774.04580152672,-2335.87786259542,5056.488549618321
492341,0,0,0,4925910130,4907.712536,0.010005,366,16544,510,-2072,-1228,-86,183,0.21906945190429686,9.90241806640625,0.30526071166992186,30.435882352941178,-33746.564885496184,-2363.3587786259545,5029.007633587787
492342,0,0,0,4925920135,4907.722541,0.010005,360,16540,464,-2068,-1232,-82,190,0.2154781494140625,9.900023864746093,0.277727392578125,30.44764705882353,-33856.48854961832,-2253.4351145038167,5221.374045801527
492343,0,0,0,4925930140,4907.732546,0.010005,386,16506,466,-2056,-1229,-84,184,0.23104046020507812,9.879673150634765,0.27892449340820313,30.48294117647059,-33774.04580152672,-2308.3969465648856,5056.488549618321
492344,0,0,0,4925940145,4907.742551,0.010005,380,16532,552,-2063,-1234,-83,183,0.22744915771484372,9.89523546142578,0.33039982910156246,30.462352941176473,-33911.45038167939,-2280.916030534351,5029.007633587787
492345,0,0,0,4925950151,4907.752557,0.010006,386,16554,448,-2061,-1229,-84,180,0.23104046020507812,9.90840357055664,0.26815058593749996,30.468235294117648,-33774.04580152672,-2308.3969465648856,4946.564885496184
492346,0,0,0,4925960156,4907.762562,0.010005,354,16584,432,-2064,-1226,-89,184,0.21188684692382811,9.926360083007811,0.258573779296875,30.459411764705884,-33691.603053435116,-2445.8015267175574,5056.488549618321
492347,0,0,0,4925970161,4907.772567,0.010005,382,16542,442,-2064,-1232,-90,184,0.22864625854492185,9.90122096557617,0.2645592834472656,30.459411764705884,-33856.48854961832,-2473.282442748092,5056.488549618321
492348,0,0,0,4925980166,4907.782572,0.010005,406,16520,456,-2066,-1231,-90,193,0.24301146850585936,9.888052856445311,0.27293898925781246,30.453529411764706,-33829.00763358779,-2473.282442748092,5303.81679389313
492349,0,0,0,4925990171,4907.792577,0.010005,386,16526,502,-2072,-1230,-81,184,0.23104046020507812,9.891644158935547,0.30047230834960936,30.435882352941178,-33801.52671755725,-2225.9541984732828,5056.488549618321
492350,0,0,0,4926000177,4907.802583,0.010006,382,16564,508,-2064,-1240,-83,186,0.22864625854492185,9.91438907470703,0.30406361083984373,30.459411764705884,-34076.3358778626,-2280.916030534351,5111.4503816793895
492351,0,0,0,4926010182,4907.812588,0.010005,366,16544,454,-2064,-1235,-89,179,0.21906945190429686,9.90241806640625,0.27174188842773433,30.459411764705884,-33938.931297709925,-2445.8015267175574,4919.083969465649
492352,0,0,0,4926020187,4907.822593,0.010005,358,16532,466,-2070,-1238,-89,183,0.21428104858398436,9.89523546142578,0.27892449340820313,30.441764705882356,-34021.37404580153,-2445.8015267175574,5029.007633587787
492353,0,0,0,4926030192,4907.832598,0.010005,382,16532,434,-2064,-1231,-93,179,0.22864625854492185,9.89523546142578,0.2597708801269531,30.459411764705884,-33829.00763358779,-2555.7251908396947,4919.083969465649
492354,0,0,0,4926040197,4907.842603,0.010005,376,16502,490,-2065,-1234,-81,183,0.22505495605468748,9.87727894897461,0.2932897033691406,30.456470588235295,-33911.45038167939,-2225.9541984732828,5029.007633587787
492355,0,0,0,4926050203,4907.852609,0.010006,376,16526,526,-2070,-1231,-90,188,0.22505495605468748,9.891644158935547,0.31483751831054685,30.441764705882356,-33829.00763358779,-2473.282442748092,5166.412213740458
492356,0,0,0,4926060208,4907.862614,0.010005,388,16568,512,-2062,-1228,-79,186,0.23223756103515625,9.916783276367187,0.3064578125,30.465294117647062,-33746.564885496184,-2170.992366412214,5111.4503816793895
492357,0,0,0,4926070213,4907.872619,0.010005,354,16562,412,-2056,-1232,-82,182,0.21188684692382811,9.913191973876952,0.24660277099609373,30.48294117647059,-33856.48854961832,-2253.4351145038167,5001.526717557253
492358,0,0,0,4926080218,4907.882624,0.010005,400,16538,540,-2064,-1227,-90,183,0.239420166015625,9.898826763916015,0.3232172241210937,30.459411764705884,-33719.08396946565,-2473.282442748092,5029.007633587787
492359,0,0,0,4926090224,4907.89263,0.010006,360,16542,448,-2070,-1229,-87,188,0.2154781494140625,9.90122096557617,0.26815058593749996,30.441764705882356,-33774.04580152672,-2390.8396946564885,5166.412213740458
492360,0,0,0,4926100229,4907.902635,0.010005,396,16554,474,-2069,-1230,-85,185,0.23702596435546874,9.90840357055664,0.28371289672851563,30.44470588235294,-33801.52671755725,-2335.87786259542,5083.9694656488555
492361,0,0,0,4926110234,4907.91264,0.010005,406,16562,478,-2062,-1234,-94,186,0.24301146850585936,9.913191973876952,0.2861070983886719,30.465294117647062,-33911.45038167939,-2583.206106870229,5111.4503816793895
492362,0,0,0,4926120239,4907.922645,0.010005,392,16500,444,-2066,-1229,-93,187,0.2346317626953125,9.87608184814453,0.2657563842773437,30.453529411764706,-33774.04580152672,-2555.7251908396947,5138.931297709924
492363,0,0,0,4926130244,4907.93265,0.010005,364,16542,458,-2064,-1224,-86,187,0.21787235107421873,9.90122096557617,0.2741360900878906,30.459411764705884,-33636.64122137405,-2363.3587786259545,5138.931297709924
492364,0,0,0,4926140250,4907.942656,0.010006,366,16580,472,-2071,-1231,-77,182,0.21906945190429686,9.923965881347655,0.2825157958984375,30.438823529411767,-33829.00763358779,-2116.030534351145,5001.526717557253
492365,0,0,0,4926150255,4907.952661,0.010005,356,16548,442,-2067,-1232,-86,182,0.21308394775390624,9.904812268066406,0.2645592834472656,30.45058823529412,-33856.48854961832,-2363.3587786259545,5001.526717557253
492366,0,0,0,4926160260,4907.962666,0.010005,354,16576,472,-2065,-1224,-86,190,0.21188684692382811,9.9215716796875,0.2825157958984375,30.456470588235295,-33636.64122137405,-2363.3587786259545,5221.374045801527
492367,0,0,0,4926170265,4907.972671,0.010005,390,16560,518,-2070,-1225,-82,187,0.23343466186523437,9.911994873046874,0.31004911499023435,30.441764705882356,-33664.122137404585,-2253.4351145038167,5138.931297709924
492368,0,0,0,4926180270,4907.982676,0.010005,410,16524,516,-2066,-1234,-82,187,0.2454056701660156,9.890447058105469,0.30885201416015623,30.453529411764706,-33911.45038167939,-2253.4351145038167,5138.931297709924
492369,0,0,0,4926190276,4907.992682,0.010006,402,16548,470,-2066,-1230,-82,187,0.24061726684570311,9.904812268066406,0.2813186950683594,30.453529411764706,-33801.52671755725,-2253.4351145038167,5138.931297709924
492370,0,0,0,4926200281,4908.002687,0.010005,328,16556,456,-2072,-1226,-89,187,0.19632453613281248,9.909600671386718,0.27293898925781246,30.435882352941178,-33691.603053435116,-2445.8015267175574,5138.931297709924
492371,0,0,0,4926210286,4908.012692,0.010005,336,16532,516,-2070,-1230,-91,189,0.201112939453125,9.89523546142578,0.30885201416015623,30.441764705882356,-33801.52671755725,-2500.7633587786263,5193.893129770992
492372,0,0,0,4926220291,4908.022697,0.010005,364,16564,490,-2070,-1223,-91,183,0.21787235107421873,9.91438907470703,0.2932897033691406,30.441764705882356,-33609.16030534351,-2500.7633587786263,5029.007633587787
492373,0,0,0,4926230296,4908.032702,0.010005,338,16516,512,-2070,-1229,-90,182,0.20231004028320312,9.885658654785155,0.3064578125,30.441764705882356,-33774.04580152672,-2473.282442748092,5001.526717557253
492374,0,0,0,4926240302,4908.042708,0.010006,366,16542,478,-2063,-1235,-83,180,0.21906945190429686,9.90122096557617,0.2861070983886719,30.462352941176473,-33938.931297709925,-2280.916030534351,4946.564885496184
492375,0,0,0,4926250307,4908.052713,0.010005,382,16514,524,-2068,-1234,-94,180,0.22864625854492185,9.884461553955077,0.3136404174804687,30.44764705882353,-33911.45038167939,-2583.206106870229,4946.564885496184
492376,0,0,0,4926260312,4908.062718,0.010005,390,16542,502,-2065,-1230,-94,185,0.23343466186523437,9.90122096557617,0.30047230834960936,30.456470588235295,-33801.52671755725,-2583.206106870229,5083.9694656488555
492377,0,0,0,4926270317,4908.072723,0.010005,354,16574,426,-2070,-1232,-92,180,0.21188684692382811,9.920374578857421,0.2549824768066406,30.441764705882356,-33856.48854961832,-2528.2442748091603,4946.564885496184
492378,0,0,0,4926280322,4908.082728,0.010005,364,16550,442,-2072,-1231,-91,191,0.21787235107421873,9.906009368896484,0.2645592834472656,30.435882352941178,-33829.00763358779,-2500.7633587786263,5248.854961832061
492379,0,0,0,4926290328,4908.092734,0.010006,388,16540,466,-2068,-1233,-91,179,0.23223756103515625,9.900023864746093,0.27892449340820313,30.44764705882353,-33883.96946564886,-2500.7633587786263,4919.083969465649
492380,0,0,0,4926300333,4908.102739,0.010005,370,16536,432,-2068,-1226,-86,183,0.2214636535644531,9.897629663085937,0.258573779296875,30.44764705882353,-33691.603053435116,-2363.3587786259545,5029.007633587787
492381,0,0,0,4926310338,4908.112744,0.010005,384,16532,438,-2069,-1234,-86,181,0.229843359375,9.89523546142578,0.26216508178710934,30.44470588235294,-33911.45038167939,-2363.3587786259545,4974.045801526718
492382,0,0,0,4926320343,4908.122749,0.010005,376,16560,428,-2067,-1234,-80,182,0.22505495605468748,9.911994873046874,0.2561795776367187,30.45058823529412,-33911.45038167939,-2198.4732824427483,5001.526717557253
492383,0,0,0,4926330348,4908.132754,0.010005,392,16542,434,-2070,-1230,-85,189,0.2346317626953125,9.90122096557617,0.2597708801269531,30.441764705882356,-33801.52671755725,-2335.87786259542,5193.893129770992
492384,0,0,0,4926340354,4908.14276,0.010006,386,16576,480,-2063,-1226,-84,184,0.23104046020507812,9.9215716796875,0.28730419921875,30.462352941176473,-33691.603053435116,-2308.3969465648856,5056.488549618321
492385,0,0,0,4926350359,4908.152765,0.010005,386,16516,536,-2063,-1234,-86,186,0.23104046020507812,9.885658654785155,0.32082302246093747,30.462352941176473,-33911.45038167939,-2363.3587786259545,5111.4503816793895
492386,0,0,0,4926360364,4908.16277,0.010005,372,16566,534,-2067,-1233,-82,190,0.22266075439453123,9.91558617553711,0.31962592163085934,30.45058823529412,-33883.96946564886,-2253.4351145038167,5221.374045801527
492387,0,0,0,4926370369,4908.172775,0.010005,364,16534,462,-2064,-1235,-81,187,0.21787235107421873,9.896432562255859,0.2765302917480469,30.459411764705884,-33938.931297709925,-2225.9541984732828,5138.931297709924
492388,0,0,0,4926380375,4908.182781,0.010006,352,16594,480,-2067,-1233,-84,187,0.21068974609375,9.932345587158203,0.28730419921875,30.45058823529412,-33883.96946564886,-2308.3969465648856,5138.931297709924
492389,0,0,0,4926390380,4908.192786,0.010005,354,16548,472,-2063,-1228,-87,183,0.21188684692382811,9.904812268066406,0.2825157958984375,30.462352941176473,-33746.564885496184,-2390.8396946564885,5029.007633587787
492390,0,0,0,4926400385,4908.202791,0.010005,362,16576,440,-2069,-1234,-86,190,0.2166752502441406,9.9215716796875,0.26336218261718747,30.44470588235294,-33911.45038167939,-2363.3587786259545,5221.374045801527
492391,0,0,0,4926410390,4908.212796,0.010005,376,16570,432,-2069,-1240,-83,190,0.22505495605468748,9.917980377197265,0.258573779296875,30.44470588235294,-34076.3358778626,-2280.916030534351,5221.374045801527
492392,0,0,0,4926420395,4908.222801,0.010005,324,16558,438,-2065,-1230,-85,183,0.19393033447265623,9.910797772216796,0.26216508178710934,30.456470588235295,-33801.52671755725,-2335.87786259542,5029.007633587787
492393,0,0,0,4926430401,4908.232807,0.010006,352,16516,468,-2063,-1230,-87,185,0.21068974609375,9.885658654785155,0.28012159423828126,30.462352941176473,-33801.52671755725,-2390.8396946564885,5083.9694656488555
492394,0,0,0,4926440406,4908.242812,0.010005,366,16528,466,-2062,-1230,-79,192,0.21906945190429686,9.892841259765625,0.27892449340820313,30.465294117647062,-33801.52671755725,-2170.992366412214,5276.335877862595
492395,0,0,0,4926450411,4908.252817,0.010005,382,16530,488,-2068,-1226,-79,185,0.22864625854492185,9.894038360595703,0.2920926025390625,30.44764705882353,-33691.603053435116,-2170.992366412214,5083.9694656488555
492396,0,0,0,4926460416,4908.262822,0.010005,376,16558,496,-2070,-1231,-84,188,0.22505495605468748,9.910797772216796,0.296881005859375,30.441764705882356,-33829.00763358779,-2308.3969465648856,5166.412213740458
492397,0,0,0,4926470421,4908.272827,0.010005,374,16534,440,-2064,-1232,-88,188,0.22385785522460935,9.896432562255859,0.26336218261718747,30.459411764705884,-33856.48854961832,-2418.320610687023,5166.412213740458
492398,0,0,0,4926480427,4908.282833,0.010006,316,16538,362,-2066,-1231,-88,187,0.18914193115234373,9.898826763916015,0.2166752502441406,30.453529411764706,-33829.00763358779,-2418.320610687023,5138.931297709924
492399,0,0,0,4926490432,4908.292838,0.010005,358,16542,482,-2066,-1232,-90,194,0.21428104858398436,9.90122096557617,0.2885013000488281,30.453529411764706,-33856.48854961832,-2473.282442748092,5331.297709923664
492400,0,0,0,4926500437,4908.302843,0.010005,356,16510,456,-2070,-1232,-89,182,0.21308394775390624,9.882067352294921,0.27293898925781246,30.441764705882356,-33856.48854961832,-2445.8015267175574,5001.526717557253
492401,0,0,0,4926510442,4908.312848,0.010005,364,16580,494,-2065,-1239,-94,180,0.21787235107421873,9.923965881347655,0.29568390502929687,30.456470588235295,-34048.85496183206,-2583.206106870229,4946.564885496184
492402,0,0,0,4926520447,4908.322853,0.010005,356,16546,466,-2063,-1229,-90,178,0.21308394775390624,9.903615167236328,0.27892449340820313,30.462352941176473,-33774.04580152672,-2473.282442748092,4891.603053435115
492403,0,0,0,4926530453,4908.332859,0.010006,336,16524,486,-2063,-1228,-84,184,0.201112939453125,9.890447058105469,0.29089550170898437,30.462352941176473,-33746.564885496184,-2308.3969465648856,5056.488549618321
492404,0,0,0,4926540458,4908.342864,0.010005,372,16540,490,-2068,-1229,-83,188,0.22266075439453123,9.900023864746093,0.2932897033691406,30.44764705882353,-33774.04580152672,-2280.916030534351,5166.412213740458
492405,0,0,0,4926550463,4908.352869,0.010005,394,16540,460,-2066,-1226,-86,194,0.23582886352539062,9.900023864746093,0.2753331909179687,30.453529411764706,-33691.603053435116,-2363.3587786259545,5331.297709923664
492406,0,0,0,4926560468,4908.362874,0.010005,400,16568,418,-2066,-1226,-91,182,0.239420166015625,9.916783276367187,0.2501940734863281,30.453529411764706,-33691.603053435116,-2500.7633587786263,5001.526717557253
492407,0,0,0,4926570473,4908.372879,0.010005,354,16524,410,-2067,-1227,-89,193,0.21188684692382811,9.890447058105469,0.2454056701660156,30.45058823529412,-33719.08396946565,-2445.8015267175574,5303.81679389313
492408,0,0,0,4926580479,4908.382885,0.010006,376,16562,484,-2068,-1225,-83,194,0.22505495605468748,9.913191973876952,0.28969840087890625,30.44764705882353,-33664.122137404585,-2280.916030534351,5331.297709923664
492409,0,0,0,4926590484,4908.39289,0.010005,372,16562,458,-2064,-1229,-83,178,0.22266075439453123,9.913191973876952,0.2741360900878906,30.459411764705884,-33774.04580152672,-2280.916030534351,4891.603053435115
492410,0,0,0,4926600489,4908.402895,0.010005,352,16540,468,-2061,-1228,-80,186,0.21068974609375,9.900023864746093,0.28012159423828126,30.468235294117648,-33746.564885496184,-2198.4732824427483,5111.4503816793895
492411,0,0,0,4926610494,4908.4129,0.010005,360,16512,488,-2063,-1229,-91,192,0.2154781494140625,9.883264453125,0.2920926025390625,30.462352941176473,-33774.04580152672,-2500.7633587786263,5276.335877862595
492412,0,0,0,4926620499,4908.422905,0.010005,352,16510,506,-2066,-1230,-90,190,0.21068974609375,9.882067352294921,0.3028665100097656,30.453529411764706,-33801.52671755725,-2473.282442748092,5221.374045801527
492413,0,0,0,4926630505,4908.432911,0.010006,400,16532,406,-2065,-1231,-87,191,0.239420166015625,9.89523546142578,0.24301146850585936,30.456470588235295,-33829.00763358779,-2390.8396946564885,5248.854961832061
492414,0,0,0,4926640510,4908.442916,0.010005,356,16560,440,-2058,-1231,-86,186,0.21308394775390624,9.911994873046874,0.26336218261718747,30.47705882352941,-33829.00763358779,-2363.3587786259545,5111.4503816793895
492415,0,0,0,4926650515,4908.452921,0.010005,352,16550,476,-2061,-1234,-81,183,0.21068974609375,9.906009368896484,0.28490999755859375,30.468235294117648,-33911.45038167939,-2225.9541984732828,5029.007633587787
492416,0,0,0,4926660520,4908.462926,0.010005,382,16522,466,-2061,-1232,-83,186,0.22864625854492185,9.889249957275391,0.27892449340820313,30.468235294117648,-33856.48854961832,-2280.916030534351,5111.4503816793895
492417,0,0,0,4926670526,4908.472932,0.010006,354,16528,468,-2069,-1229,-84,188,0.21188684692382811,9.892841259765625,0.28012159423828126,30.44470588235294,-33774.04580152672,-2308.3969465648856,5166.412213740458
492418,0,0,0,4926680531,4908.482937,0.010005,370,16586,452,-2067,-1229,-84,185,0.2214636535644531,9.92755718383789,0.2705447875976562,30.45058823529412,-33774.04580152672,-2308.3969465648856,5083.9694656488555
492419,0,0,0,4926690536,4908.492942,0.010005,362,16568,484,-2063,-1231,-80,187,0.2166752502441406,9.916783276367187,0.28969840087890625,30.462352941176473,-33829.00763358779,-2198.4732824427483,5138.931297709924
492420,0,0,0,4926700541,4908.502947,0.010005,336,16566,408,-2066,-1232,-89,179,0.201112939453125,9.91558617553711,0.2442085693359375,30.453529411764706,-33856.48854961832,-2445.8015267175574,4919.083969465649
492421,0,0,0,4926710546,4908.512952,0.010005,364,16568,512,-2068,-1230,-85,184,0.21787235107421873,9.916783276367187,0.3064578125,30.44764705882353,-33801.52671755725,-2335.87786259542,5056.488549618321
492422,0,0,0,4926720552,4908.522958,0.010006,376,16542,504,-2066,-1230,-85,183,0.22505495605468748,9.90122096557617,0.3016694091796875,30.453529411764706,-33801.52671755725,-2335.87786259542,5029.007633587787
492423,0,0,0,4926730557,4908.532963,0.010005,410,16542,422,-2069,-1223,-82,182,0.2454056701660156,9.90122096557617,0.25258827514648435,30.44470588235294,-33609.16030534351,-2253.4351145038167,5001.526717557253
492424,0,0,0,4926740562,4908.542968,0.010005,400,16544,514,-2060,-1226,-83,186,0.239420166015625,9.90241806640625,0.3076549133300781,30.471176470588237,-33691.603053435116,-2280.916030534351,5111.4503816793895
492425,0,0,0,4926750567,4908.552973,0.010005,396,16514,444,-2067,-1232,-79,182,0.23702596435546874,9.884461553955077,0.2657563842773437,30.45058823529412,-33856.48854961832,-2170.992366412214,5001.526717557253
492426,0,0,0,4926760572,4908.562978,0.010005,366,16548,480,-2062,-1224,-92,176,0.21906945190429686,9.904812268066406,0.28730419921875,30.465294117647062,-33636.64122137405,-2528.2442748091603,4836.641221374046
492427,0,0,0,4926770578,4908.572984,0.010006,370,16566,496,-2069,-1229,-90,187,0.2214636535644531,9.91558617553711,0.296881005859375,30.44470588235294,-33774.04580152672,-2473.282442748092,5138.931297709924
492428,0,0,0,4926780583,4908.582989,0.010005,384,16526,448,-2067,-1229,-84,189,0.229843359375,9.891644158935547,0.26815058593749996,30.45058823529412,-33774.04580152672,-2308.3969465648856,5193.893129770992
492429,0,0,0,4926790588,4908.592994,0.010005,402,16554,480,-2069,-1234,-89,187,0.24061726684570311,9.90840357055664,0.28730419921875,30.44470588235294,-33911.45038167939,-2445.8015267175574,5138.931297709924
492430,0,0,0,4926800593,4908.602999,0.010005,376,16556,490,-2064,-1232,-91,185,0.22505495605468748,9.909600671386718,0.2932897033691406,30.459411764705884,-33856.48854961832,-2500.7633587786263,5083.9694656488555
492431,0,0,0,4926810598,4908.613004,0.010005,352,16570,420,-2066,-1229,-84,185,0.21068974609375,9.917980377197265,0.25139117431640623,30.453529411764706,-33774.04580152672,-2308.3969465648856,5083.9694656488555
492432,0,0,0,4926820604,4908.62301,0.010006,320,16582,458,-2062,-1234,-80,183,0.19153613281249998,9.925162982177733,0.2741360900878906,30.465294117647062,-33911.45038167939,-2198.4732824427483,5029.007633587787
492433,0,0,0,4926830609,4908.633015,0.010005,370,16562,434,-2065,-1228,-87,188,0.2214636535644531,9.913191973876952,0.2597708801269531,30.456470588235295,-33746.564885496184,-2390.8396946564885,5166.412213740458
492434,0,0,0,4926840614,4908.64302,0.010005,392,16564,472,-2066,-1229,-85,184,0.2346317626953125,9.91438907470703,0.2825157958984375,30.453529411764706,-33774.04580152672,-2335.87786259542,5056.488549618321
492435,0,0,0,4926850619,4908.653025,0.010005,382,16546,480,-2071,-1227,-90,189,0.22864625854492185,9.903615167236328,0.28730419921875,30.438823529411767,-33719.08396946565,-2473.282442748092,5193.893129770992
492436,0,0,0,4926860624,4908.66303,0.010005,366,16556,502,-2066,-1230,-83,190,0.21906945190429686,9.909600671386718,0.30047230834960936,30.453529411764706,-33801.52671755725,-2280.916030534351,5221.374045801527
492437,0,0,0,4926870630,4908.673036,0.010006,388,16592,464,-2067,-1230,-85,187,0.23223756103515625,9.931148486328125,0.277727392578125,30.45058823529412,-33801.52671755725,-2335.87786259542,5138.931297709924
492438,0,0,0,4926880635,4908.683041,0.010005,366,16574,418,-2062,-1230,-89,180,0.21906945190429686,9.920374578857421,0.2501940734863281,30.465294117647062,-33801.52671755725,-2445.8015267175574,4946.564885496184
492439,0,0,0,4926890640,4908.693046,0.010005,386,16570,458,-2061,-1232,-84,189,0.23104046020507812,9.917980377197265,0.2741360900878906,30.468235294117648,-33856.48854961832,-2308.3969465648856,5193.893129770992
492440,0,0,0,4926900645,4908.703051,0.010005,360,16530,480,-2068,-1228,-87,189,0.2154781494140625,9.894038360595703,0.28730419921875,30.44764705882353,-33746.564885496184,-2390.8396946564885,5193.893129770992
492441,0,0,0,4926910651,4908.713057,0.010006,364,16534,472,-2069,-1232,-81,185,0.21787235107421873,9.896432562255859,0.2825157958984375,30.44470588235294,-33856.48854961832,-2225.9541984732828,5083.9694656488555
492442,0,0,0,4926920656,4908.723062,0.010005,378,16568,450,-2067,-1220,-84,184,0.2262520568847656,9.916783276367187,0.2693476867675781,30.45058823529412,-33526.71755725191,-2308.3969465648856,5056.488549618321
492443,0,0,0,4926930661,4908.733067,0.010005,400,16496,458,-2067,-1232,-82,191,0.239420166015625,9.873687646484374,0.2741360900878906,30.45058823529412,-33856.48854961832,-2253.4351145038167,5248.854961832061
492444,0,0,0,4926940666,4908.743072,0.010005,362,16556,456,-2068,-1224,-87,189,0.2166752502441406,9.909600671386718,0.27293898925781246,30.44764705882353,-33636.64122137405,-2390.8396946564885,5193.893129770992
492445,0,0,0,4926950671,4908.753077,0.010005,372,16552,478,-2062,-1231,-85,188,0.22266075439453123,9.907206469726562,0.2861070983886719,30.465294117647062,-33829.00763358779,-2335.87786259542,5166.412213740458
492446,0,0,0,4926960677,4908.763083,0.010006,408,16572,456,-2069,-1227,-79,190,0.2442085693359375,9.919177478027343,0.27293898925781246,30.44470588235294,-33719.08396946565,-2170.992366412214,5221.374045801527
492447,0,0,0,4926970682,4908.773088,0.010005,344,16560,456,-2070,-1231,-87,190,0.2059013427734375,9.911994873046874,0.27293898925781246,30.441764705882356,-33829.00763358779,-2390.8396946564885,5221.374045801527
492448,0,0,0,4926980687,4908.783093,0.010005,362,16514,518,-2063,-1227,-86,175,0.2166752502441406,9.884461553955077,0.31004911499023435,30.462352941176473,-33719.08396946565,-2363.3587786259545,4809.160305343512
492449,0,0,0,4926990692,4908.793098,0.010005,390,16534,456,-2068,-1231,-85,177,0.23343466186523437,9.896432562255859,0.27293898925781246,30.44764705882353,-33829.00763358779,-2335.87786259542,4864.122137404581
492450,0,0,0,4927000697,4908.803103,0.010005,358,16522,418,-2068,-1225,-91,187,0.21428104858398436,9.889249957275391,0.2501940734863281,30.44764705882353,-33664.122137404585,-2500.7633587786263,5138.931297709924
492451,0,0,0,4927010703,4908.813109,0.010006,370,16516,496,-2067,-1230,-82,189,0.2214636535644531,9.885658654785155,0.296881005859375,30.45058823529412,-33801.52671755725,-2253.4351145038167,5193.893129770992
492452,0,0,0,4927020708,4908.823114,0.010005,382,16542,472,-2063,-1233,-83,187,0.22864625854492185,9.90122096557617,0.2825157958984375,30.462352941176473,-33883.96946564886,-2280.916030534351,5138.931297709924
492453,0,0,0,4927030713,4908.833119,0.010005,364,16520,506,-2062,-1236,-84,188,0.21787235107421873,9.888052856445311,0.3028665100097656,30.465294117647062,-33966.41221374046,-2308.3969465648856,5166.412213740458
492454,0,0,0,4927040718,4908.843124,0.010005,384,16550,464,-2067,-1234,-82,198,0.229843359375,9.906009368896484,0.277727392578125,30.45058823529412,-33911.45038167939,-2253.4351145038167,5441.221374045802
492455,0,0,0,4927050723,4908.853129,0.010005,360,16536,456,-2066,-1234,-81,196,0.2154781494140625,9.897629663085937,0.27293898925781246,30.453529411764706,-33911.45038167939,-2225.9541984732828,5386.259541984733
492456,0,0,0,4927060729,4908.863135,0.010006,362,16528,446,-2062,-1235,-84,190,0.2166752502441406,9.892841259765625,0.26695348510742184,30.465294117647062,-33938.931297709925,-2308.3969465648856,5221.374045801527
492457,0,0,0,4927070734,4908.87314,0.010005,418,16518,458,-2062,-1234,-83,183,0.2501940734863281,9.886855755615233,0.2741360900878906,30.465294117647062,-33911.45038167939,-2280.916030534351,5029.007633587787
492458,0,0,0,4927080739,4908.883145,0.010005,362,16542,416,-2065,-1234,-84,179,0.2166752502441406,9.90122096557617,0.24899697265624998,30.456470588235295,-33911.45038167939,-2308.3969465648856,4919.083969465649
492459,0,0,0,4927090744,4908.89315,0.010005,366,16528,480,-2065,-1232,-83,177,0.21906945190429686,9.892841259765625,0.28730419921875,30.456470588235295,-33856.48854961832,-2280.916030534351,4864.122137404581
492460,0,0,0,4927100750,4908.903156,0.010006,376,16560,482,-2061,-1226,-85,184,0.22505495605468748,9.911994873046874,0.2885013000488281,30.468235294117648,-33691.603053435116,-2335.87786259542,5056.488549618321
492461,0,0,0,4927110755,4908.913161,0.010005,358,16516,474,-2061,-1235,-83,192,0.21428104858398436,9.885658654785155,0.28371289672851563,30.468235294117648,-33938.931297709925,-2280.916030534351,5276.335877862595
492462,0,0,0,4927120760,4908.923166,0.010005,376,16536,500,-2061,-1233,-83,193,0.22505495605468748,9.897629663085937,0.29927520751953124,30.468235294117648,-33883.96946564886,-2280.916030534351,5303.81679389313
492463,0,0,0,4927130765,4908.933171,0.010005,340,16550,492,-2064,-1230,-84,184,0.20350714111328125,9.906009368896484,0.29448680419921874,30.459411764705884,-33801.52671755725,-2308.3969465648856,5056.488549618321
492464,0,0,0,4927140770,4908.943176,0.010005,372,16596,486,-2066,-1227,-84,182,0.22266075439453123,9.93354268798828,0.29089550170898437,30.453529411764706,-33719.08396946565,-2308.3969465648856,5001.526717557253
492465,0,0,0,4927150776,4908.953182,0.010006,404,16546,470,-2069,-1234,-85,186,0.24181436767578124,9.903615167236328,0.2813186950683594,30.44470588235294,-33911.45038167939,-2335.87786259542,5111.4503816793895
492466,0,0,0,4927160781,4908.963187,0.010005,348,16546,516,-2069,-1231,-87,182,0.20829554443359374,9.903615167236328,0.30885201416015623,30.44470588235294,-33829.00763358779,-2390.8396946564885,5001.526717557253
492467,0,0,0,4927170786,4908.973192,0.010005,386,16584,472,-2069,-1229,-87,184,0.23104046020507812,9.926360083007811,0.2825157958984375,30.44470588235294,-33774.04580152672,-2390.8396946564885,5056.488549618321
492468,0,0,0,4927180791,4908.983197,0.010005,376,16542,514,-2069,-1233,-84,189,0.22505495605468748,9.90122096557617,0.3076549133300781,30.44470588235294,-33883.96946564886,-2308.3969465648856,5193.893129770992
492469,0,0,0,4927190796,4908.993202,0.010005,338,16584,560,-2065,-1228,-86,195,0.20231004028320312,9.926360083007811,0.33518823242187495,30.456470588235295,-33746.564885496184,-2363.3587786259545,5358.778625954199
492470,0,0,0,4927200802,4909.003208,0.010006,394,16532,438,-2062,-1234,-84,191,0.23582886352539062,9.89523546142578,0.26216508178710934,30.465294117647062,-33911.45038167939,-2308.3969465648856,5248.854961832061
492471,0,0,0,4927210807,4909.013213,0.010005,364,16520,502,-2060,-1229,-84,181,0.21787235107421873,9.888052856445311,0.30047230834960936,30.471176470588237,-33774.04580152672,-2308.3969465648856,4974.045801526718
492472,0,0,0,4927220812,4909.023218,0.010005,370,16532,490,-2064,-1226,-84,194,0.2214636535644531,9.89523546142578,0.2932897033691406,30.459411764705884,-33691.603053435116,-2308.3969465648856,5331.297709923664
492473,0,0,0,4927230817,4909.033223,0.010005,342,16540,432,-2070,-1223,-81,185,0.20470424194335937,9.900023864746093,0.258573779296875,30.441764705882356,-33609.16030534351,-2225.9541984732828,5083.9694656488555
492474,0,0,0,4927240822,4909.043228,0.010005,390,16516,432,-2068,-1227,-85,182,0.23343466186523437,9.885658654785155,0.258573779296875,30.44764705882353,-33719.08396946565,-2335.87786259542,5001.526717557253
492475,0,0,0,4927250828,4909.053234,0.010006,372,16548,490,-2064,-1226,-83,181,0.22266075439453123,9.904812268066406,0.2932897033691406,30.459411764705884,-33691.603053435116,-2280.916030534351,4974.045801526718
492476,0,0,0,4927260833,4909.063239,0.010005,330,16538,438,-2063,-1228,-85,185,0.1975216369628906,9.898826763916015,0.26216508178710934,30.462352941176473,-33746.564885496184,-2335.87786259542,5083.9694656488555
492477,0,0,0,4927270838,4909.073244,0.010005,334,16514,484,-2060,-1227,-91,191,0.19991583862304688,9.884461553955077,0.28969840087890625,30.471176470588237,-33719.08396946565,-2500.7633587786263,5248.854961832061
492478,0,0,0,4927280843,4909.083249,0.010005,380,16540,402,-2064,-1221,-84,190,0.22744915771484372,9.900023864746093,0.24061726684570311,30.459411764705884,-33554.19847328244,-2308.3969465648856,5221.374045801527
492479,0,0,0,4927290848,4909.093254,0.010005,390,16588,430,-2066,-1233,-82,194,0.23343466186523437,9.928754284667969,0.25737667846679685,30.453529411764706,-33883.96946564886,-2253.4351145038167,5331.297709923664
492480,0,0,0,4927300854,4909.10326,0.010006,396,16560,518,-2064,-1233,-90,189,0.23702596435546874,9.911994873046874,0.31004911499023435,30.459411764705884,-33883.96946564886,-2473.282442748092,5193.893129770992
492481,0,0,0,4927310859,4909.113265,0.010005,362,16518,440,-2062,-1236,-89,188,0.2166752502441406,9.886855755615233,0.26336218261718747,30.465294117647062,-33966.41221374046,-2445.8015267175574,5166.412213740458
492482,0,0,0,4927320864,4909.12327,0.010005,376,16544,528,-2064,-1231,-81,181,0.22505495605468748,9.90241806640625,0.316034619140625,30.459411764705884,-33829.00763358779,-2225.9541984732828,4974.045801526718
492483,0,0,0,4927330869,4909.133275,0.010005,374,16528,544,-2063,-1227,-79,183,0.22385785522460935,9.892841259765625,0.32561142578124996,30.462352941176473,-33719.08396946565,-2170.992366412214,5029.007633587787
492484,0,0,0,4927340874,4909.14328,0.010005,420,16562,476,-2063,-1230,-78,182,0.25139117431640623,9.913191973876952,0.28490999755859375,30.462352941176473,-33801.52671755725,-2143.5114503816794,5001.526717557253
492485,0,0,0,4927350880,4909.153286,0.010006,376,16538,486,-2071,-1230,-87,185,0.22505495605468748,9.898826763916015,0.29089550170898437,30.438823529411767,-33801.52671755725,-2390.8396946564885,5083.9694656488555
492486,0,0,0,4927360885,4909.163291,0.010005,344,16572,482,-2069,-1223,-91,191,0.2059013427734375,9.919177478027343,0.2885013000488281,30.44470588235294,-33609.16030534351,-2500.7633587786263,5248.854961832061
492487,0,0,0,4927370890,4909.173296,0.010005,348,16534,478,-2062,-1226,-86,187,0.20829554443359374,9.896432562255859,0.2861070983886719,30.465294117647062,-33691.603053435116,-2363.3587786259545,5138.931297709924
492488,0,0,0,4927380895,4909.183301,0.010005,352,16522,490,-2063,-1232,-84,184,0.21068974609375,9.889249957275391,0.2932897033691406,30.462352941176473,-33856.48854961832,-2308.3969465648856,5056.488549618321
492489,0,0,0,4927390900,4909.193306,0.010005,362,16546,418,-2068,-1231,-93,187,0.2166752502441406,9.903615167236328,0.2501940734863281,30.44764705882353,-33829.00763358779,-2555.7251908396947,5138.931297709924
492490,0,0,0,4927400906,4909.203312,0.010006,396,16550,440,-2065,-1226,-88,188,0.23702596435546874,9.906009368896484,0.26336218261718747,30.456470588235295,-33691.603053435116,-2418.320610687023,5166.412213740458
492491,0,0,0,4927410911,4909.213317,0.010005,394,16542,444,-2064,-1230,-82,190,0.23582886352539062,9.90122096557617,0.2657563842773437,30.459411764705884,-33801.52671755725,-2253.4351145038167,5221.374045801527
492492,0,0,0,4927420916,4909.223322,0.010005,392,16534,450,-2068,-1229,-81,185,0.2346317626953125,9.896432562255859,0.2693476867675781,30.44764705882353,-33774.04580152672,-2225.9541984732828,5083.9694656488555
492493,0,0,0,4927430921,4909.233327,0.010005,382,16546,554,-2060,-1234,-88,194,0.22864625854492185,9.903615167236328,0.3315969299316406,30.471176470588237,-33911.45038167939,-2418.320610687023,5331.297709923664
492494,0,0,0,4927440926,4909.243332,0.010005,380,16562,460,-2059,-1232,-84,186,0.22744915771484372,9.913191973876952,0.2753331909179687,30.474117647058826,-33856.48854961832,-2308.3969465648856,5111.4503816793895
492495,0,0,0,4927450932,4909.253338,0.010006,340,16554,470,-2057,-1229,-89,185,0.20350714111328125,9.90840357055664,0.2813186950683594,30.48,-33774.04580152672,-2445.8015267175574,5083.9694656488555
492496,0,0,0,4927460937,4909.263343,0.010005,366,16550,480,-2060,-1233,-89,191,0.21906945190429686,9.906009368896484,0.28730419921875,30.471176470588237,-33883.96946564886,-2445.8015267175574,5248.854961832061
492497,0,0,0,4927470942,4909.273348,0.010005,356,16520,556,-2065,-1232,-92,191,0.21308394775390624,9.888052856445311,0.3327940307617187,30.456470588235295,-33856.48854961832,-2528.2442748091603,5248.854961832061
492498,0,0,0,4927480947,4909.283353,0.010005,428,16540,488,-2060,-1229,-87,187,0.2561795776367187,9.900023864746093,0.2920926025390625,30.471176470588237,-33774.04580152672,-2390.8396946564885,5138.931297709924
492499,0,0,0,4927490952,4909.293358,0.010005,372,16556,480,-2061,-1231,-84,177,0.22266075439453123,9.909600671386718,0.28730419921875,30.468235294117648,-33829.00763358779,-2308.3969465648856,4864.122137404581
492500,0,0,0,4927500958,4909.303364,0.010006,374,16484,438,-2063,-1232,-82,178,0.22385785522460935,9.866505041503906,0.26216508178710934,30.462352941176473,-33856.48854961832,-2253.4351145038167,4891.603053435115
492501,0,0,0,4927510963,4909.313369,0.010005,388,16544,456,-2062,-1231,-90,192,0.23223756103515625,9.90241806640625,0.27293898925781246,30.465294117647062,-33829.00763358779,-2473.282442748092,5276.335877862595
492502,0,0,0,4927520968,4909.323374,0.010005,408,16590,484,-2061,-1229,-90,190,0.2442085693359375,9.929951385498047,0.28969840087890625,30.468235294117648,-33774.04580152672,-2473.282442748092,5221.374045801527
492503,0,0,0,4927530973,4909.333379,0.010005,330,16542,384,-2060,-1229,-83,186,0.1975216369628906,9.90122096557617,0.229843359375,30.471176470588237,-33774.04580152672,-2280.916030534351,5111.4503816793895
492504,0,0,0,4927540979,4909.343385,0.010006,366,16546,458,-2054,-1230,-80,186,0.21906945190429686,9.903615167236328,0.2741360900878906,30.488823529411768,-33801.52671755725,-2198.4732824427483,5111.4503816793895
492505,0,0,0,4927550984,4909.35339,0.010005,368,16576,434,-2057,-1231,-86,180,0.22026655273437498,9.9215716796875,0.2597708801269531,30.48,-33829.00763358779,-2363.3587786259545,4946.564885496184
492506,0,0,0,4927560989,4909.363395,0.010005,386,16554,454,-2059,-1232,-87,175,0.23104046020507812,9.90840357055664,0.27174188842773433,30.474117647058826,-33856.48854961832,-2390.8396946564885,4809.160305343512
492507,0,0,0,4927570994,4909.3734,0.010005,364,16556,500,-2064,-1232,-86,185,0.21787235107421873,9.909600671386718,0.29927520751953124,30.459411764705884,-33856.48854961832,-2363.3587786259545,5083.9694656488555
492508,0,0,0,4927580999,4909.383405,0.010005,340,16514,502,-2062,-1228,-87,183,0.20350714111328125,9.884461553955077,0.30047230834960936,30.465294117647062,-33746.564885496184,-2390.8396946564885,5029.007633587787
492509,0,0,0,4927591005,4909.393411,0.010006,344,16570,466,-2060,-1226,-86,192,0.2059013427734375,9.917980377197265,0.27892449340820313,30.471176470588237,-33691.603053435116,-2363.3587786259545,5276.335877862595
492510,0,0,0,4927601010,4909.403416,0.010005,324,16558,408,-2061,-1229,-84,181,0.19393033447265623,9.910797772216796,0.2442085693359375,30.468235294117648,-33774.04580152672,-2308.3969465648856,4974.045801526718
492511,0,0,0,4927611015,4909.413421,0.010005,380,16564,492,-2057,-1224,-91,181,0.22744915771484372,9.91438907470703,0.29448680419921874,30.48,-33636.64122137405,-2500.7633587786263,4974.045801526718
492512,0,0,0,4927621020,4909.423426,0.010005,382,16528,426,-2058,-1226,-92,186,0.22864625854492185,9.892841259765625,0.2549824768066406,30.47705882352941,-33691.603053435116,-2528.2442748091603,5111.4503816793895
492513,0,0,0,4927631025,4909.433431,0.010005,362,16548,468,-2066,-1226,-87,189,0.2166752502441406,9.904812268066406,0.28012159423828126,30.453529411764706,-33691.603053435116,-2390.8396946564885,5193.893129770992
492514,0,0,0,4927641031,4909.443437,0.010006,362,16564,494,-2063,-1231,-84,188,0.2166752502441406,9.91438907470703,0.29568390502929687,30.462352941176473,-33829.00763358779,-2308.3969465648856,5166.412213740458
492515,0,0,0,4927651036,4909.453442,0.010005,368,16542,460,-2063,-1230,-91,184,0.22026655273437498,9.90122096557617,0.2753331909179687,30.462352941176473,-33801.52671755725,-2500.7633587786263,5056.488549618321
492516,0,0,0,4927661041,4909.463447,0.010005,368,16518,484,-2054,-1235,-84,196,0.22026655273437498,9.886855755615233,0.28969840087890625,30.488823529411768,-33938.931297709925,-2308.3969465648856,5386.259541984733
492517,0,0,0,4927671046,4909.473452,0.010005,384,16490,442,-2061,-1230,-86,186,0.229843359375,9.87009634399414,0.2645592834472656,30.468235294117648,-33801.52671755725,-2363.3587786259545,5111.4503816793895
492518,0,0,0,4927681051,4909.483457,0.010005,372,16516,452,-2061,-1226,-89,184,0.22266075439453123,9.885658654785155,0.2705447875976562,30.468235294117648,-33691.603053435116,-2445.8015267175574,5056.488549618321
492519,0,0,0,4927691057,4909.493463,0.010006,354,16536,470,-2059,-1234,-80,183,0.21188684692382811,9.897629663085937,0.2813186950683594,30.474117647058826,-33911.45038167939,-2198.4732824427483,5029.007633587787
492520,0,0,0,4927701062,4909.503468,0.010005,402,16542,530,-2060,-1227,-83,189,0.24061726684570311,9.90122096557617,0.3172317199707031,30.471176470588237,-33719.08396946565,-2280.916030534351,5193.893129770992
492521,0,0,0,4927711067,4909.513473,0.010005,402,16498,500,-2059,-1227,-89,189,0.24061726684570311,9.874884747314452,0.29927520751953124,30.474117647058826,-33719.08396946565,-2445.8015267175574,5193.893129770992
492522,0,0,0,4927721072,4909.523478,0.010005,386,16546,508,-2060,-1226,-87,187,0.23104046020507812,9.903615167236328,0.30406361083984373,30.471176470588237,-33691.603053435116,-2390.8396946564885,5138.931297709924
492523,0,0,0,4927731077,4909.533483,0.010005,410,16568,474,-2066,-1234,-80,190,0.2454056701660156,9.916783276367187,0.28371289672851563,30.453529411764706,-33911.45038167939,-2198.4732824427483,5221.374045801527
492524,0,0,0,4927741083,4909.543489,0.010006,364,16554,550,-2064,-1232,-82,194,0.21787235107421873,9.90840357055664,0.32920272827148434,30.459411764705884,-33856.48854961832,-2253.4351145038167,5331.297709923664
492525,0,0,0,4927751088,4909.553494,0.010005,376,16514,476,-2063,-1233,-86,183,0.22505495605468748,9.884461553955077,0.28490999755859375,30.462352941176473,-33883.96946564886,-2363.3587786259545,5029.007633587787
492526,0,0,0,4927761093,4909.563499,0.010005,404,16520,458,-2061,-1234,-83,193,0.24181436767578124,9.888052856445311,0.2741360900878906,30.468235294117648,-33911.45038167939,-2280.916030534351,5303.81679389313
492527,0,0,0,4927771098,4909.573504,0.010005,314,16522,466,-2058,-1234,-91,184,0.1879448303222656,9.889249957275391,0.27892449340820313,30.47705882352941,-33911.45038167939,-2500.7633587786263,5056.488549618321
492528,0,0,0,4927781103,4909.583509,0.010005,370,16542,434,-2063,-1233,-80,182,0.2214636535644531,9.90122096557617,0.2597708801269531,30.462352941176473,-33883.96946564886,-2198.4732824427483,5001.526717557253
492529,0,0,0,4927791109,4909.593515,0.010006,354,16540,470,-2061,-1229,-82,189,0.21188684692382811,9.900023864746093,0.2813186950683594,30.468235294117648,-33774.04580152672,-2253.4351145038167,5193.893129770992
492530,0,0,0,4927801114,4909.60352,0.010005,378,16502,470,-2060,-1233,-86,188,0.2262520568847656,9.87727894897461,0.2813186950683594,30.471176470588237,-33883.96946564886,-2363.3587786259545,5166.412213740458
492531,0,0,0,4927811119,4909.613525,0.010005,336,16548,458,-2052,-1230,-85,189,0.201112939453125,9.904812268066406,0.2741360900878906,30.494705882352942,-33801.52671755725,-2335.87786259542,5193.893129770992
492532,0,0,0,4927821124,4909.62353,0.010005,360,16526,464,-2061,-1232,-83,182,0.2154781494140625,9.891644158935547,0.277727392578125,30.468235294117648,-33856.48854961832,-2280.916030534351,5001.526717557253
492533,0,0,0,4927831129,4909.633535,0.010005,372,16552,468,-2069,-1224,-76,181,0.22266075439453123,9.907206469726562,0.28012159423828126,30.44470588235294,-33636.64122137405,-2088.549618320611,4974.045801526718
492534,0,0,0,4927841135,4909.643541,0.010006,342,16566,492,-2061,-1233,-76,187,0.20470424194335937,9.91558617553711,0.29448680419921874,30.468235294117648,-33883.96946564886,-2088.549618320611,5138.931297709924
492535,0,0,0,4927851140,4909.653546,0.010005,364,16510,460,-2062,-1237,-83,183,0.21787235107421873,9.882067352294921,0.2753331909179687,30.465294117647062,-33993.89312977099,-2280.916030534351,5029.007633587787
492536,0,0,0,4927861145,4909.663551,0.010005,358,16526,478,-2063,-1230,-86,181,0.21428104858398436,9.891644158935547,0.2861070983886719,30.462352941176473,-33801.52671755725,-2363.3587786259545,4974.045801526718
492537,0,0,0,4927871150,4909.673556,0.010005,314,16546,434,-2056,-1233,-88,193,0.1879448303222656,9.903615167236328,0.2597708801269531,30.48294117647059,-33883.96946564886,-2418.320610687023,5303.81679389313
492538,0,0,0,4927881156,4909.683562,0.010006,368,16534,480,-2060,-1229,-86,182,0.22026655273437498,9.896432562255859,0.28730419921875,30.471176470588237,-33774.04580152672,-2363.3587786259545,5001.526717557253
492539,0,0,0,4927891161,4909.693567,0.010005,380,16526,462,-2067,-1229,-89,189,0.22744915771484372,9.891644158935547,0.2765302917480469,30.45058823529412,-33774.04580152672,-2445.8015267175574,5193.893129770992
492540,0,0,0,4927901166,4909.703572,0.010005,380,16532,486,-2054,-1230,-86,189,0.22744915771484372,9.89523546142578,0.29089550170898437,30.488823529411768,-33801.52671755725,-2363.3587786259545,5193.893129770992
492541,0,0,0,4927911171,4909.713577,0.010005,370,16574,432,-2057,-1226,-79,185,0.2214636535644531,9.920374578857421,0.258573779296875,30.48,-33691.603053435116,-2170.992366412214,5083.9694656488555
492542,0,0,0,4927921176,4909.723582,0.010005,376,16562,482,-2058,-1230,-88,179,0.22505495605468748,9.913191973876952,0.2885013000488281,30.47705882352941,-33801.52671755725,-2418.320610687023,4919.083969465649
492543,0,0,0,4927931182,4909.733588,0.010006,368,16578,474,-2056,-1233,-85,182,0.22026655273437498,9.922768780517577,0.28371289672851563,30.48294117647059,-33883.96946564886,-2335.87786259542,5001.526717557253
492544,0,0,0,4927941187,4909.743593,0.010005,402,16496,428,-2062,-1227,-82,182,0.24061726684570311,9.873687646484374,0.2561795776367187,30.465294117647062,-33719.08396946565,-2253.4351145038167,5001.526717557253
492545,0,0,0,4927951192,4909.753598,0.010005,372,16538,480,-2062,-1230,-83,184,0.22266075439453123,9.898826763916015,0.28730419921875,30.465294117647062,-33801.52671755725,-2280.916030534351,5056.488549618321
492546,0,0,0,4927961197,4909.763603,0.010005,370,16522,516,-2061,-1232,-82,189,0.2214636535644531,9.889249957275391,0.30885201416015623,30.468235294117648,-33856.48854961832,-2253.4351145038167,5193.893129770992
492547,0,0,0,4927971202,4909.773608,0.010005,398,16510,546,-2058,-1231,-82,185,0.23822306518554687,9.882067352294921,0.3268085266113281,30.47705882352941,-33829.00763358779,-2253.4351145038167,5083.9694656488555
492548,0,0,0,4927981208,4909.783614,0.010006,338,16552,520,-2058,-1237,-91,182,0.20231004028320312,9.907206469726562,0.3112462158203125,30.47705882352941,-33993.89312977099,-2500.7633587786263,5001.526717557253
492549,0,0,0,4927991213,4909.793619,0.010005,380,16546,488,-2059,-1228,-90,191,0.22744915771484372,9.903615167236328,0.2920926025390625,30.474117647058826,-33746.564885496184,-2473.282442748092,5248.854961832061
492550,0,0,0,4928001218,4909.803624,0.010005,386,16516,442,-2064,-1225,-99,190,0.23104046020507812,9.885658654785155,0.2645592834472656,30.459411764705884,-33664.122137404585,-2720.610687022901,5221.374045801527
492551,0,0,0,4928011223,4909.813629,0.010005,332,16514,446,-2064,-1230,-83,187,0.19871873779296872,9.884461553955077,0.26695348510742184,30.459411764705884,-33801.52671755725,-2280.916030534351,5138.931297709924
492552,0,0,0,4928021228,4909.823634,0.010005,392,16530,522,-2065,-1230,-89,183,0.2346317626953125,9.894038360595703,0.3124433166503906,30.456470588235295,-33801.52671755725,-2445.8015267175574,5029.007633587787
492553,0,0,0,4928031234,4909.83364,0.010006,366,16570,484,-2062,-1229,-86,188,0.21906945190429686,9.917980377197265,0.28969840087890625,30.465294117647062,-33774.04580152672,-2363.3587786259545,5166.412213740458
492554,0,0,0,4928041239,4909.843645,0.010005,356,16568,450,-2065,-1229,-82,192,0.21308394775390624,9.916783276367187,0.2693476867675781,30.456470588235295,-33774.04580152672,-2253.4351145038167,5276.335877862595
492555,0,0,0,4928051244,4909.85365,0.010005,338,16552,570,-2056,-1236,-86,189,0.20231004028320312,9.907206469726562,0.34117373657226563,30.48294117647059,-33966.41221374046,-2363.3587786259545,5193.893129770992
492556,0,0,0,4928061249,4909.863655,0.010005,340,16574,460,-2060,-1233,-81,185,0.20350714111328125,9.920374578857421,0.2753331909179687,30.471176470588237,-33883.96946564886,-2225.9541984732828,5083.9694656488555
492557,0,0,0,4928071254,4909.87366,0.010005,400,16570,474,-2059,-1235,-85,185,0.239420166015625,9.917980377197265,0.28371289672851563,30.474117647058826,-33938.931297709925,-2335.87786259542,5083.9694656488555
492558,0,0,0,4928081260,4909.883666,0.010006,374,16540,500,-2058,-1233,-85,181,0.22385785522460935,9.900023864746093,0.29927520751953124,30.47705882352941,-33883.96946564886,-2335.87786259542,4974.045801526718
492559,0,0,0,4928091265,4909.893671,0.010005,338,16538,458,-2058,-1232,-87,197,0.20231004028320312,9.898826763916015,0.2741360900878906,30.47705882352941,-33856.48854961832,-2390.8396946564885,5413.740458015267
492560,0,0,0,4928101270,4909.903676,0.010005,368,16542,422,-2059,-1230,-85,184,0.22026655273437498,9.90122096557617,0.25258827514648435,30.474117647058826,-33801.52671755725,-2335.87786259542,5056.488549618321
492561,0,0,0,4928111275,4909.913681,0.010005,416,16550,514,-2060,-1231,-83,194,0.24899697265624998,9.906009368896484,0.3076549133300781,30.471176470588237,-33829.00763358779,-2280.916030534351,5331.297709923664
492562,0,0,0,4928121280,4909.923686,0.010005,360,16598,446,-2060,-1228,-78,184,0.2154781494140625,9.934739788818359,0.26695348510742184,30.471176470588237,-33746.564885496184,-2143.5114503816794,5056.488549618321
492563,0,0,0,4928131286,4909.933692,0.010006,342,16576,482,-2063,-1226,-83,179,0.20470424194335937,9.9215716796875,0.2885013000488281,30.462352941176473,-33691.603053435116,-2280.916030534351,4919.083969465649
492564,0,0,0,4928141291,4909.943697,0.010005,364,16564,482,-2069,-1228,-82,181,0.21787235107421873,9.91438907470703,0.2885013000488281,30.44470588235294,-33746.564885496184,-2253.4351145038167,4974.045801526718
492565,0,0,0,4928151296,4909.953702,0.010005,392,16522,454,-2064,-1228,-81,189,0.2346317626953125,9.889249957275391,0.27174188842773433,30.459411764705884,-33746.564885496184,-2225.9541984732828,5193.893129770992
492566,0,0,0,4928161301,4909.963707,0.010005,348,16556,458,-2065,-1228,-79,189,0.20829554443359374,9.909600671386718,0.2741360900878906,30.456470588235295,-33746.564885496184,-2170.992366412214,5193.893129770992
492567,0,0,0,4928171307,4909.973713,0.010006,380,16570,454,-2065,-1231,-88,190,0.22744915771484372,9.917980377197265,0.27174188842773433,30.456470588235295,-33829.00763358779,-2418.320610687023,5221.374045801527
492568,0,0,0,4928181312,4909.983718,0.010005,352,16528,474,-2064,-1231,-82,184,0.21068974609375,9.892841259765625,0.28371289672851563,30.459411764705884,-33829.00763358779,-2253.4351145038167,5056.488549618321
492569,0,0,0,4928191317,4909.993723,0.010005,328,16534,490,-2063,-1230,-83,189,0.19632453613281248,9.896432562255859,0.2932897033691406,30.462352941176473,-33801.52671755725,-2280.916030534351,5193.893129770992
492570,0,0,0,4928201322,4910.003728,0.010005,362,16572,476,-2064,-1230,-86,189,0.2166752502441406,9.919177478027343,0.28490999755859375,30.459411764705884,-33801.52671755725,-2363.3587786259545,5193.893129770992
492571,0,0,0,4928211327,4910.013733,0.010005,348,16546,470,-2064,-1228,-83,187,0.20829554443359374,9.903615167236328,0.2813186950683594,30.459411764705884,-33746.564885496184,-2280.916030534351,5138.931297709924
492572,0,0,0,4928221333,4910.023739,0.010006,386,16532,430,-2068,-1227,-80,182,0.23104046020507812,9.89523546142578,0.25737667846679685,30.44764705882353,-33719.08396946565,-2198.4732824427483,5001.526717557253
492573,0,0,0,4928231338,4910.033744,0.010005,338,16552,454,-2063,-1233,-83,192,0.20231004028320312,9.907206469726562,0.27174188842773433,30.462352941176473,-33883.96946564886,-2280.916030534351,5276.335877862595
492574,0,0,0,4928241343,4910.043749,0.010005,384,16558,490,-2061,-1227,-88,194,0.229843359375,9.910797772216796,0.2932897033691406,30.468235294117648,-33719.08396946565,-2418.320610687023,5331.297709923664
492575,0,0,0,4928251348,4910.053754,0.010005,340,16540,428,-2061,-1231,-85,191,0.20350714111328125,9.900023864746093,0.2561795776367187,30.468235294117648,-33829.00763358779,-2335.87786259542,5248.854961832061
492576,0,0,0,4928261353,4910.063759,0.010005,328,16540,502,-2061,-1231,-87,181,0.19632453613281248,9.900023864746093,0.30047230834960936,30.468235294117648,-33829.00763358779,-2390.8396946564885,4974.045801526718
492577,0,0,0,4928271359,4910.073765,0.010006,358,16520,416,-2058,-1228,-87,181,0.21428104858398436,9.888052856445311,0.24899697265624998,30.47705882352941,-33746.564885496184,-2390.8396946564885,4974.045801526718
492578,0,0,0,4928281364,4910.08377,0.010005,396,16532,476,-2060,-1227,-86,184,0.23702596435546874,9.89523546142578,0.28490999755859375,30.471176470588237,-33719.08396946565,-2363.3587786259545,5056.488549618321
492579,0,0,0,4928291369,4910.093775,0.010005,360,16518,500,-2062,-1228,-91,181,0.2154781494140625,9.886855755615233,0.29927520751953124,30.465294117647062,-33746.564885496184,-2500.7633587786263,4974.045801526718
492580,0,0,0,4928301374,4910.10378,0.010005,346,16504,476,-2064,-1223,-85,189,0.20709844360351562,9.878476049804688,0.28490999755859375,30.459411764705884,-33609.16030534351,-2335.87786259542,5193.893129770992
492581,0,0,0,4928311379,4910.113785,0.010005,346,16574,448,-2058,-1231,-89,183,0.20709844360351562,9.920374578857421,0.26815058593749996,30.47705882352941,-33829.00763358779,-2445.8015267175574,5029.007633587787
492582,0,0,0,4928321385,4910.123791,0.010006,336,16544,456,-2055,-1235,-88,184,0.201112939453125,9.90241806640625,0.27293898925781246,30.48588235294118,-33938.931297709925,-2418.320610687023,5056.488549618321
492583,0,0,0,4928331390,4910.133796,0.010005,368,16570,450,-2064,-1232,-83,192,0.22026655273437498,9.917980377197265,0.2693476867675781,30.459411764705884,-33856.48854961832,-2280.916030534351,5276.335877862595
492584,0,0,0,4928341395,4910.143801,0.010005,394,16524,440,-2067,-1232,-87,182,0.23582886352539062,9.890447058105469,0.26336218261718747,30.45058823529412,-33856.48854961832,-2390.8396946564885,5001.526717557253
492585,0,0,0,4928351400,4910.153806,0.010005,336,16552,440,-2059,-1237,-87,184,0.201112939453125,9.907206469726562,0.26336218261718747,30.474117647058826,-33993.89312977099,-2390.8396946564885,5056.488549618321
492586,0,0,0,4928361405,4910.163811,0.010005,388,16544,486,-2056,-1233,-83,184,0.23223756103515625,9.90241806640625,0.29089550170898437,30.48294117647059,-33883.96946564886,-2280.916030534351,5056.488549618321
492587,0,0,0,4928371411,4910.173817,0.010006,348,16564,466,-2060,-1230,-83,180,0.20829554443359374,9.91438907470703,0.27892449340820313,30.471176470588237,-33801.52671755725,-2280.916030534351,4946.564885496184
492588,0,0,0,4928381416,4910.183822,0.010005,376,16550,430,-2062,-1230,-88,177,0.22505495605468748,9.906009368896484,0.25737667846679685,30.465294117647062,-33801.52671755725,-2418.320610687023,4864.122137404581
492589,0,0,0,4928391421,4910.193827,0.010005,370,16528,522,-2065,-1229,-75,184,0.2214636535644531,9.892841259765625,0.3124433166503906,30.456470588235295,-33774.04580152672,-2061.0687022900765,5056.488549618321
492590,0,0,0,4928401426,4910.203832,0.010005,332,16534,488,-2061,-1232,-89,192,0.19871873779296872,9.896432562255859,0.2920926025390625,30.468235294117648,-33856.48854961832,-2445.8015267175574,5276.335877862595
492591,0,0,0,4928411431,4910.213837,0.010005,356,16518,508,-2057,-1225,-94,183,0.21308394775390624,9.886855755615233,0.30406361083984373,30.48,-33664.122137404585,-2583.206106870229,5029.007633587787
492592,0,0,0,4928421437,4910.223843,0.010006,358,16572,486,-2066,-1233,-89,189,0.21428104858398436,9.919177478027343,0.29089550170898437,30.453529411764706,-33883.96946564886,-2445.8015267175574,5193.893129770992
492593,0,0,0,4928431442,4910.233848,0.010005,394,16560,424,-2063,-1234,-93,194,0.23582886352539062,9.911994873046874,0.2537853759765625,30.462352941176473,-33911.45038167939,-2555.7251908396947,5331.297709923664
492594,0,0,0,4928441447,4910.243853,0.010005,340,16550,504,-2066,-1233,-92,179,0.20350714111328125,9.906009368896484,0.3016694091796875,30.453529411764706,-33883.96946564886,-2528.2442748091603,4919.083969465649
492595,0,0,0,4928451452,4910.253858,0.010005,376,16530,436,-2065,-1233,-89,179,0.22505495605468748,9.894038360595703,0.2609679809570312,30.456470588235295,-33883.96946564886,-2445.8015267175574,4919.083969465649
492596,0,0,0,4928461458,4910.263864,0.010006,390,16552,532,-2060,-1233,-81,183,0.23343466186523437,9.907206469726562,0.3184288208007812,30.471176470588237,-33883.96946564886,-2225.9541984732828,5029.007633587787
492597,0,0,0,4928471463,4910.273869,0.010005,370,16576,512,-2061,-1230,-82,190,0.2214636535644531,9.9215716796875,0.3064578125,30.468235294117648,-33801.52671755725,-2253.4351145038167,5221.374045801527
492598,0,0,0,4928481468,4910.283874,0.010005,386,16546,516,-2061,-1230,-87,192,0.23104046020507812,9.903615167236328,0.30885201416015623,30.468235294117648,-33801.52671755725,-2390.8396946564885,5276.335877862595
492599,0,0,0,4928491473,4910.293879,0.010005,406,16552,418,-2065,-1230,-91,189,0.24301146850585936,9.907206469726562,0.2501940734863281,30.456470588235295,-33801.52671755725,-2500.7633587786263,5193.893129770992
492600,0,0,0,4928501478,4910.303884,0.010005,366,16512,470,-2069,-1228,-87,188,0.21906945190429686,9.883264453125,0.2813186950683594,30.44470588235294,-33746.564885496184,-2390.8396946564885,5166.412213740458
492601,0,0,0,4928511484,4910.31389,0.010006,400,16594,398,-2064,-1227,-83,190,0.239420166015625,9.932345587158203,0.23822306518554687,30.459411764705884,-33719.08396946565,-2280.916030534351,5221.374045801527
492602,0,0,0,4928521489,4910.323895,0.010005,376,16524,428,-2065,-1228,-86,193,0.22505495605468748,9.890447058105469,0.2561795776367187,30.456470588235295,-33746.564885496184,-2363.3587786259545,5303.81679389313
492603,0,0,0,4928531494,4910.3339,0.010005,368,16556,434,-2065,-1228,-81,188,0.22026655273437498,9.909600671386718,0.2597708801269531,30.456470588235295,-33746.564885496184,-2225.9541984732828,5166.412213740458
492604,0,0,0,4928541499,4910.343905,0.010005,372,16522,498,-2062,-1226,-89,188,0.22266075439453123,9.889249957275391,0.2980781066894531,30.465294117647062,-33691.603053435116,-2445.8015267175574,5166.412213740458
492605,0,0,0,4928551504,4910.35391,0.010005,410,16546,466,-2062,-1228,-92,191,0.2454056701660156,9.903615167236328,0.27892449340820313,30.465294117647062,-33746.564885496184,-2528.2442748091603,5248.854961832061
492606,0,0,0,4928561510,4910.363916,0.010006,366,16536,452,-2059,-1228,-89,187,0.21906945190429686,9.897629663085937,0.2705447875976562,30.474117647058826,-33746.564885496184,-2445.8015267175574,5138.931297709924
492607,0,0,0,4928571515,4910.373921,0.010005,402,16570,448,-2058,-1228,-86,185,0.24061726684570311,9.917980377197265,0.26815058593749996,30.47705882352941,-33746.564885496184,-2363.3587786259545,5083.9694656488555
492608,0,0,0,4928581520,4910.383926,0.010005,348,16524,486,-2062,-1230,-89,189,0.20829554443359374,9.890447058105469,0.29089550170898437,30.465294117647062,-33801.52671755725,-2445.8015267175574,5193.893129770992
492609,0,0,0,4928591525,4910.393931,0.010005,306,16574,508,-2062,-1228,-86,183,0.18315642700195311,9.920374578857421,0.30406361083984373,30.465294117647062,-33746.564885496184,-2363.3587786259545,5029.007633587787
492610,0,0,0,4928601530,4910.403936,0.010005,370,16588,452,-2060,-1229,-84,183,0.2214636535644531,9.928754284667969,0.2705447875976562,30.471176470588237,-33774.04580152672,-2308.3969465648856,5029.007633587787
492611,0,0,0,4928611536,4910.413942,0.010006,352,16552,472,-2066,-1226,-86,182,0.21068974609375,9.907206469726562,0.2825157958984375,30.453529411764706,-33691.603053435116,-2363.3587786259545,5001.526717557253
492612,0,0,0,4928621541,4910.423947,0.010005,362,16516,448,-2059,-1227,-86,181,0.2166752502441406,9.885658654785155,0.26815058593749996,30.474117647058826,-33719.08396946565,-2363.3587786259545,4974.045801526718
492613,0,0,0,4928631546,4910.433952,0.010005,354,16562,442,-2058,-1229,-87,181,0.21188684692382811,9.913191973876952,0.2645592834472656,30.47705882352941,-33774.04580152672,-2390.8396946564885,4974.045801526718
492614,0,0,0,4928641551,4910.443957,0.010005,352,16550,442,-2064,-1234,-89,188,0.21068974609375,9.906009368896484,0.2645592834472656,30.459411764705884,-33911.45038167939,-2445.8015267175574,5166.412213740458
492615,0,0,0,4928651556,4910.453962,0.010005,378,16508,454,-2065,-1227,-86,190,0.2262520568847656,9.880870251464843,0.27174188842773433,30.456470588235295,-33719.08396946565,-2363.3587786259545,5221.374045801527
492616,0,0,0,4928661562,4910.463968,0.010006,380,16550,422,-2067,-1237,-85,186,0.22744915771484372,9.906009368896484,0.25258827514648435,30.45058823529412,-33993.89312977099,-2335.87786259542,5111.4503816793895
492617,0,0,0,4928671567,4910.473973,0.010005,360,16520,444,-2067,-1231,-88,185,0.2154781494140625,9.888052856445311,0.2657563842773437,30.45058823529412,-33829.00763358779,-2418.320610687023,5083.9694656488555
492618,0,0,0,4928681572,4910.483978,0.010005,350,16568,442,-2066,-1232,-84,191,0.20949264526367187,9.916783276367187,0.2645592834472656,30.453529411764706,-33856.48854961832,-2308.3969465648856,5248.854961832061
492619,0,0,0,4928691577,4910.493983,0.010005,404,16562,394,-2068,-1229,-87,186,0.24181436767578124,9.913191973876952,0.23582886352539062,30.44764705882353,-33774.04580152672,-2390.8396946564885,5111.4503816793895
492620,0,0,0,4928701582,4910.503988,0.010005,360,16524,490,-2068,-1225,-81,183,0.2154781494140625,9.890447058105469,0.2932897033691406,30.44764705882353,-33664.122137404585,-2225.9541984732828,5029.007633587787
492621,0,0,0,4928711588,4910.513994,0.010006,366,16568,460,-2065,-1231,-86,187,0.21906945190429686,9.916783276367187,0.2753331909179687,30.456470588235295,-33829.00763358779,-2363.3587786259545,5138.931297709924
492622,0,0,0,4928721593,4910.523999,0.010005,338,16526,464,-2061,-1230,-88,186,0.20231004028320312,9.891644158935547,0.277727392578125,30.468235294117648,-33801.52671755725,-2418.320610687023,5111.4503816793895
492623,0,0,0,4928731598,4910.534004,0.010005,352,16532,524,-2058,-1235,-87,183,0.21068974609375,9.89523546142578,0.3136404174804687,30.47705882352941,-33938.931297709925,-2390.8396946564885,5029.007633587787
492624,0,0,0,4928741603,4910.544009,0.010005,358,16540,436,-2059,-1234,-84,187,0.21428104858398436,9.900023864746093,0.2609679809570312,30.474117647058826,-33911.45038167939,-2308.3969465648856,5138.931297709924
492625,0,0,0,4928751609,4910.554015,0.010006,374,16516,494,-2060,-1230,-86,191,0.22385785522460935,9.885658654785155,0.29568390502929687,30.471176470588237,-33801.52671755725,-2363.3587786259545,5248.854961832061
492626,0,0,0,4928761614,4910.56402,0.010005,378,16524,460,-2065,-1230,-90,185,0.2262520568847656,9.890447058105469,0.2753331909179687,30.456470588235295,-33801.52671755725,-2473.282442748092,5083.9694656488555
492627,0,0,0,4928771619,4910.574025,0.010005,388,16554,448,-2058,-1230,-91,184,0.23223756103515625,9.90840357055664,0.26815058593749996,30.47705882352941,-33801.52671755725,-2500.7633587786263,5056.488549618321
492628,0,0,0,4928781624,4910.58403,0.010005,384,16570,462,-2062,-1227,-88,185,0.229843359375,9.917980377197265,0.2765302917480469,30.465294117647062,-33719.08396946565,-2418.320610687023,5083.9694656488555
492629,0,0,0,4928791629,4910.594035,0.010005,406,16524,432,-2066,-1231,-85,179,0.24301146850585936,9.890447058105469,0.258573779296875,30.453529411764706,-33829.00763358779,-2335.87786259542,4919.083969465649
492630,0,0,0,4928801635,4910.604041,0.010006,356,16544,482,-2067,-1232,-87,182,0.21308394775390624,9.90241806640625,0.2885013000488281,30.45058823529412,-33856.48854961832,-2390.8396946564885,5001.526717557253
492631,0,0,0,4928811640,4910.614046,0.010005,354,16566,516,-2061,-1231,-86,185,0.21188684692382811,9.91558617553711,0.30885201416015623,30.468235294117648,-33829.00763358779,-2363.3587786259545,5083.9694656488555
492632,0,0,0,4928821645,4910.624051,0.010005,384,16512,496,-2059,-1229,-83,187,0.229843359375,9.883264453125,0.296881005859375,30.474117647058826,-33774.04580152672,-2280.916030534351,5138.931297709924
492633,0,0,0,4928831650,4910.634056,0.010005,358,16544,494,-2058,-1229,-77,183,0.21428104858398436,9.90241806640625,0.29568390502929687,30.47705882352941,-33774.04580152672,-2116.030534351145,5029.007633587787
492634,0,0,0,4928841655,4910.644061,0.010005,388,16530,428,-2064,-1230,-94,192,0.23223756103515625,9.894038360595703,0.2561795776367187,30.459411764705884,-33801.52671755725,-2583.206106870229,5276.335877862595
492635,0,0,0,4928851661,4910.654067,0.010006,366,16538,484,-2061,-1230,-81,184,0.21906945190429686,9.898826763916015,0.28969840087890625,30.468235294117648,-33801.52671755725,-2225.9541984732828,5056.488549618321
492636,0,0,0,4928861666,4910.664072,0.010005,352,16544,502,-2067,-1226,-83,185,0.21068974609375,9.90241806640625,0.30047230834960936,30.45058823529412,-33691.603053435116,-2280.916030534351,5083.9694656488555
492637,0,0,0,4928871671,4910.674077,0.010005,382,16544,476,-2068,-1230,-85,190,0.22864625854492185,9.90241806640625,0.28490999755859375,30.44764705882353,-33801.52671755725,-2335.87786259542,5221.374045801527
492638,0,0,0,4928881676,4910.684082,0.010005,348,16544,510,-2060,-1231,-87,188,0.20829554443359374,9.90241806640625,0.30526071166992186,30.471176470588237,-33829.00763358779,-2390.8396946564885,5166.412213740458
492639,0,0,0,4928891681,4910.694087,0.010005,360,16560,492,-2065,-1224,-83,189,0.2154781494140625,9.911994873046874,0.29448680419921874,30.456470588235295,-33636.64122137405,-2280.916030534351,5193.893129770992
492640,0,0,0,4928901687,4910.704093,0.010006,368,16580,492,-2058,-1230,-79,191,0.22026655273437498,9.923965881347655,0.29448680419921874,30.47705882352941,-33801.52671755725,-2170.992366412214,5248.854961832061
492641,0,0,0,4928911692,4910.714098,0.010005,358,16560,506,-2059,-1226,-91,188,0.21428104858398436,9.911994873046874,0.3028665100097656,30.474117647058826,-33691.603053435116,-2500.7633587786263,5166.412213740458
492642,0,0,0,4928921697,4910.724103,0.010005,364,16524,480,-2058,-1222,-90,182,0.21787235107421873,9.890447058105469,0.28730419921875,30.47705882352941,-33581.67938931298,-2473.282442748092,5001.526717557253
492643,0,0,0,4928931702,4910.734108,0.010005,348,16538,488,-2062,-1224,-89,184,0.20829554443359374,9.898826763916015,0.2920926025390625,30.465294117647062,-33636.64122137405,-2445.8015267175574,5056.488549618321
492644,0,0,0,4928941707,4910.744113,0.010005,346,16536,512,-2061,-1227,-86,184,0.20709844360351562,9.897629663085937,0.3064578125,30.468235294117648,-33719.08396946565,-2363.3587786259545,5056.488549618321
492645,0,0,0,4928951713,4910.754119,0.010006,350,16542,496,-2059,-1230,-82,183,0.20949264526367187,9.90122096557617,0.296881005859375,30.474117647058826,-33801.52671755725,-2253.4351145038167,5029.007633587787
492646,0,0,0,4928961718,4910.764124,0.010005,366,16576,476,-2068,-1226,-83,182,0.21906945190429686,9.9215716796875,0.28490999755859375,30.44764705882353,-33691.603053435116,-2280.916030534351,5001.526717557253
492647,0,0,0,4928971723,4910.774129,0.010005,348,16536,448,-2061,-1220,-84,182,0.20829554443359374,9.897629663085937,0.26815058593749996,30.468235294117648,-33526.71755725191,-2308.3969465648856,5001.526717557253
492648,0,0,0,4928981728,4910.784134,0.010005,372,16544,466,-2060,-1229,-86,187,0.22266075439453123,9.90241806640625,0.27892449340820313,30.471176470588237,-33774.04580152672,-2363.3587786259545,5138.931297709924
492649,0,0,0,4928991733,4910.794139,0.010005,350,16502,456,-2060,-1229,-90,186,0.20949264526367187,9.87727894897461,0.27293898925781246,30.471176470588237,-33774.04580152672,-2473.282442748092,5111.4503816793895
492650,0,0,0,4929001739,4910.804145,0.010006,352,16528,464,-2069,-1223,-90,191,0.21068974609375,9.892841259765625,0.277727392578125,30.44470588235294,-33609.16030534351,-2473.282442748092,5248.854961832061
492651,0,0,0,4929011744,4910.81415,0.010005,374,16516,454,-2065,-1224,-87,193,0.22385785522460935,9.885658654785155,0.27174188842773433,30.456470588235295,-33636.64122137405,-2390.8396946564885,5303.81679389313
492652,0,0,0,4929021749,4910.824155,0.010005,404,16548,460,-2061,-1238,-84,188,0.24181436767578124,9.904812268066406,0.2753331909179687,30.468235294117648,-34021.37404580153,-2308.3969465648856,5166.412213740458
492653,0,0,0,4929031754,4910.83416,0.010005,352,16550,506,-2063,-1234,-82,188,0.21068974609375,9.906009368896484,0.3028665100097656,30.462352941176473,-33911.45038167939,-2253.4351145038167,5166.412213740458
492654,0,0,0,4929041760,4910.844166,0.010006,382,16526,472,-2063,-1228,-84,190,0.22864625854492185,9.891644158935547,0.2825157958984375,30.462352941176473,-33746.564885496184,-2308.3969465648856,5221.374045801527
492655,0,0,0,4929051765,4910.854171,0.010005,400,16576,476,-2060,-1230,-86,190,0.239420166015625,9.9215716796875,0.28490999755859375,30.471176470588237,-33801.52671755725,-2363.3587786259545,5221.374045801527
492656,0,0,0,4929061770,4910.864176,0.010005,384,16538,504,-2061,-1224,-82,196,0.229843359375,9.898826763916015,0.3016694091796875,30.468235294117648,-33636.64122137405,-2253.4351145038167,5386.259541984733
492657,0,0,0,4929071775,4910.874181,0.010005,366,16568,500,-2065,-1228,-87,189,0.21906945190429686,9.916783276367187,0.29927520751953124,30.456470588235295,-33746.564885496184,-2390.8396946564885,5193.893129770992
492658,0,0,0,4929081780,4910.884186,0.010005,354,16548,508,-2065,-1230,-87,179,0.21188684692382811,9.904812268066406,0.30406361083984373,30.456470588235295,-33801.52671755725,-2390.8396946564885,4919.083969465649
492659,0,0,0,4929091786,4910.894192,0.010006,430,16550,438,-2060,-1229,-87,189,0.25737667846679685,9.906009368896484,0.26216508178710934,30.471176470588237,-33774.04580152672,-2390.8396946564885,5193.893129770992
492660,0,0,0,4929101791,4910.904197,0.010005,344,16572,492,-2069,-1226,-89,177,0.2059013427734375,9.919177478027343,0.29448680419921874,30.44470588235294,-33691.603053435116,-2445.8015267175574,4864.122137404581
492661,0,0,0,4929111796,4910.914202,0.010005,380,16580,492,-2064,-1227,-91,186,0.22744915771484372,9.923965881347655,0.29448680419921874,30.459411764705884,-33719.08396946565,-2500.7633587786263,5111.4503816793895
492662,0,0,0,4929121801,4910.924207,0.010005,346,16554,448,-2059,-1236,-92,195,0.20709844360351562,9.90840357055664,0.26815058593749996,30.474117647058826,-33966.41221374046,-2528.2442748091603,5358.778625954199
492663,0,0,0,4929131806,4910.934212,0.010005,346,16542,416,-2064,-1234,-88,185,0.20709844360351562,9.90122096557617,0.24899697265624998,30.459411764705884,-33911.45038167939,-2418.320610687023,5083.9694656488555
492664,0,0,0,4929141812,4910.944218,0.010006,368,16560,454,-2058,-1229,-90,178,0.22026655273437498,9.911994873046874,0.27174188842773433,30.47705882352941,-33774.04580152672,-2473.282442748092,4891.603053435115
492665,0,0,0,4929151817,4910.954223,0.010005,396,16546,522,-2057,-1230,-85,177,0.23702596435546874,9.903615167236328,0.3124433166503906,30.48,-33801.52671755725,-2335.87786259542,4864.122137404581
492666,0,0,0,4929161822,4910.964228,0.010005,352,16530,512,-2058,-1232,-89,180,0.21068974609375,9.894038360595703,0.3064578125,30.47705882352941,-33856.48854961832,-2445.8015267175574,4946.564885496184
492667,0,0,0,4929171827,4910.974233,0.010005,376,16514,514,-2066,-1233,-88,180,0.22505495605468748,9.884461553955077,0.3076549133300781,30.453529411764706,-33883.96946564886,-2418.320610687023,4946.564885496184
492668,0,0,0,4929181832,4910.984238,0.010005,334,16538,466,-2062,-1235,-79,178,0.19991583862304688,9.898826763916015,0.27892449340820313,30.465294117647062,-33938.931297709925,-2170.992366412214,4891.603053435115
492669,0,0,0,4929191838,4910.994244,0.010006,338,16522,438,-2059,-1236,-81,181,0.20231004028320312,9.889249957275391,0.26216508178710934,30.474117647058826,-33966.41221374046,-2225.9541984732828,4974.045801526718
492670,0,0,0,4929201843,4911.004249,0.010005,350,16574,516,-2066,-1231,-85,181,0.20949264526367187,9.920374578857421,0.30885201416015623,30.453529411764706,-33829.00763358779,-2335.87786259542,4974.045801526718
492671,0,0,0,4929211848,4911.014254,0.010005,372,16526,460,-2059,-1231,-87,185,0.22266075439453123,9.891644158935547,0.2753331909179687,30.474117647058826,-33829.00763358779,-2390.8396946564885,5083.9694656488555
492672,0,0,0,4929221853,4911.024259,0.010005,400,16540,440,-2057,-1231,-85,185,0.239420166015625,9.900023864746093,0.26336218261718747,30.48,-33829.00763358779,-2335.87786259542,5083.9694656488555
492673,0,0,0,4929231858,4911.034264,0.010005,342,16590,412,-2059,-1238,-84,185,0.20470424194335937,9.929951385498047,0.24660277099609373,30.474117647058826,-34021.37404580153,-2308.3969465648856,5083.9694656488555
492674,0,0,0,4929241864,4911.04427,0.010006,344,16544,474,-2063,-1232,-87,189,0.2059013427734375,9.90241806640625,0.28371289672851563,30.462352941176473,-33856.48854961832,-2390.8396946564885,5193.893129770992
492675,0,0,0,4929251869,4911.054275,0.010005,362,16552,476,-2059,-1230,-89,186,0.2166752502441406,9.907206469726562,0.28490999755859375,30.474117647058826,-33801.52671755725,-2445.8015267175574,5111.4503816793895
492676,0,0,0,4929261874,4911.06428,0.010005,386,16482,486,-2056,-1227,-90,191,0.23104046020507812,9.865307940673828,0.29089550170898437,30.48294117647059,-33719.08396946565,-2473.282442748092,5248.854961832061
492677,0,0,0,4929271879,4911.074285,0.010005,378,16532,446,-2064,-1233,-95,189,0.2262520568847656,9.89523546142578,0.26695348510742184,30.459411764705884,-33883.96946564886,-2610.6870229007636,5193.893129770992
492678,0,0,0,4929281884,4911.08429,0.010005,364,16554,504,-2065,-1231,-83,185,0.21787235107421873,9.90840357055664,0.3016694091796875,30.456470588235295,-33829.00763358779,-2280.916030534351,5083.9694656488555
492679,0,0,0,4929291890,4911.094296,0.010006,348,16526,428,-2060,-1232,-88,182,0.20829554443359374,9.891644158935547,0.2561795776367187,30.471176470588237,-33856.48854961832,-2418.320610687023,5001.526717557253
492680,0,0,0,4929301895,4911.104301,0.010005,356,16540,454,-2059,-1229,-89,185,0.21308394775390624,9.900023864746093,0.27174188842773433,30.474117647058826,-33774.04580152672,-2445.8015267175574,5083.9694656488555
492681,0,0,0,4929311900,4911.114306,0.010005,342,16564,448,-2062,-1231,-73,183,0.20470424194335937,9.91438907470703,0.26815058593749996,30.465294117647062,-33829.00763358779,-2006.1068702290077,5029.007633587787
492682,0,0,0,4929321905,4911.124311,0.010005,384,16578,418,-2061,-1232,-82,186,0.229843359375,9.922768780517577,0.2501940734863281,30.468235294117648,-33856.48854961832,-2253.4351145038167,5111.4503816793895
492683,0,0,0,4929331911,4911.134317,0.010006,356,16536,488,-2063,-1231,-84,189,0.21308394775390624,9.897629663085937,0.2920926025390625,30.462352941176473,-33829.00763358779,-2308.3969465648856,5193.893129770992
492684,0,0,0,4929341916,4911.144322,0.010005,338,16580,550,-2060,-1227,-96,193,0.20231004028320312,9.923965881347655,0.32920272827148434,30.471176470588237,-33719.08396946565,-2638.1679389312976,5303.81679389313
492685,0,0,0,4929351921,4911.154327,0.010005,376,16550,502,-2062,-1230,-87,186,0.22505495605468748,9.906009368896484,0.30047230834960936,30.465294117647062,-33801.52671755725,-2390.8396946564885,5111.4503816793895
492686,0,0,0,4929361926,4911.164332,0.010005,382,16572,516,-2062,-1235,-88,189,0.22864625854492185,9.919177478027343,0.30885201416015623,30.465294117647062,-33938.931297709925,-2418.320610687023,5193.893129770992
492687,0,0,0,4929371931,4911.174337,0.010005,386,16554,502,-2064,-1235,-87,189,0.23104046020507812,9.90840357055664,0.30047230834960936,30.459411764705884,-33938.931297709925,-2390.8396946564885,5193.893129770992
492688,0,0,0,4929381937,4911.184343,0.010006,398,16578,498,-2063,-1227,-85,189,0.23822306518554687,9.922768780517577,0.2980781066894531,30.462352941176473,-33719.08396946565,-2335.87786259542,5193.893129770992
492689,0,0,0,4929391942,4911.194348,0.010005,384,16536,430,-2060,-1229,-88,187,0.229843359375,9.897629663085937,0.25737667846679685,30.471176470588237,-33774.04580152672,-2418.320610687023,5138.931297709924
492690,0,0,0,4929401947,4911.204353,0.010005,370,16506,438,-2061,-1228,-92,183,0.2214636535644531,9.879673150634765,0.26216508178710934,30.468235294117648,-33746.564885496184,-2528.2442748091603,5029.007633587787
492691,0,0,0,4929411952,4911.214358,0.010005,354,16566,454,-2060,-1231,-86,188,0.21188684692382811,9.91558617553711,0.27174188842773433,30.471176470588237,-33829.00763358779,-2363.3587786259545,5166.412213740458
492692,0,0,0,4929421957,4911.224363,0.010005,392,16572,472,-2060,-1230,-83,183,0.2346317626953125,9.919177478027343,0.2825157958984375,30.471176470588237,-33801.52671755725,-2280.916030534351,5029.007633587787
492693,0,0,0,4929431963,4911.234369,0.010006,408,16508,486,-2058,-1229,-82,177,0.2442085693359375,9.880870251464843,0.29089550170898437,30.47705882352941,-33774.04580152672,-2253.4351145038167,4864.122137404581
492694,0,0,0,4929441968,4911.244374,0.010005,354,16492,442,-2056,-1236,-87,185,0.21188684692382811,9.871293444824218,0.2645592834472656,30.48294117647059,-33966.41221374046,-2390.8396946564885,5083.9694656488555
492695,0,0,0,4929451973,4911.254379,0.010005,362,16568,474,-2062,-1231,-81,188,0.2166752502441406,9.916783276367187,0.28371289672851563,30.465294117647062,-33829.00763358779,-2225.9541984732828,5166.412213740458
492696,0,0,0,4929461978,4911.264384,0.010005,370,16534,470,-2063,-1226,-88,197,0.2214636535644531,9.896432562255859,0.2813186950683594,30.462352941176473,-33691.603053435116,-2418.320610687023,5413.740458015267
492697,0,0,0,4929471983,4911.274389,0.010005,382,16540,512,-2061,-1231,-92,194,0.22864625854492185,9.900023864746093,0.3064578125,30.468235294117648,-33829.00763358779,-2528.2442748091603,5331.297709923664
492698,0,0,0,4929481989,4911.284395,0.010006,382,16508,532,-2068,-1234,-82,187,0.22864625854492185,9.880870251464843,0.3184288208007812,30.44764705882353,-33911.45038167939,-2253.4351145038167,5138.931297709924
492699,0,0,0,4929491994,4911.2944,0.010005,380,16536,456,-2062,-1235,-80,192,0.22744915771484372,9.897629663085937,0.27293898925781246,30.465294117647062,-33938.931297709925,-2198.4732824427483,5276.335877862595
492700,0,0,0,4929501999,4911.304405,0.010005,342,16560,518,-2064,-1229,-78,189,0.20470424194335937,9.911994873046874,0.31004911499023435,30.459411764705884,-33774.04580152672,-2143.5114503816794,5193.893129770992
492701,0,0,0,4929512004,4911.31441,0.010005,412,16536,440,-2067,-1220,-82,185,0.24660277099609373,9.897629663085937,0.26336218261718747,30.45058823529412,-33526.71755725191,-2253.4351145038167,5083.9694656488555
492702,0,0,0,4929522009,4911.324415,0.010005,366,16566,462,-2067,-1227,-87,186,0.21906945190429686,9.91558617553711,0.2765302917480469,30.45058823529412,-33719.08396946565,-2390.8396946564885,5111.4503816793895
492703,0,0,0,4929532015,4911.334421,0.010006,392,16572,490,-2064,-1233,-90,190,0.2346317626953125,9.919177478027343,0.2932897033691406,30.459411764705884,-33883.96946564886,-2473.282442748092,5221.374045801527
492704,0,0,0,4929542020,4911.344426,0.010005,354,16566,378,-2063,-1229,-81,190,0.21188684692382811,9.91558617553711,0.2262520568847656,30.462352941176473,-33774.04580152672,-2225.9541984732828,5221.374045801527
492705,0,0,0,4929552025,4911.354431,0.010005,354,16568,496,-2064,-1228,-88,189,0.21188684692382811,9.916783276367187,0.296881005859375,30.459411764705884,-33746.564885496184,-2418.320610687023,5193.893129770992
492706,0,0,0,4929562030,4911.364436,0.010005,404,16556,480,-2068,-1231,-83,180,0.24181436767578124,9.909600671386718,0.28730419921875,30.44764705882353,-33829.00763358779,-2280.916030534351,4946.564885496184
492707,0,0,0,4929572036,4911.374442,0.010006,374,16586,472,-2071,-1231,-85,186,0.22385785522460935,9.92755718383789,0.2825157958984375,30.438823529411767,-33829.00763358779,-2335.87786259542,5111.4503816793895
492708,0,0,0,4929582041,4911.384447,0.010005,402,16556,480,-2067,-1238,-89,187,0.24061726684570311,9.909600671386718,0.28730419921875,30.45058823529412,-34021.37404580153,-2445.8015267175574,5138.931297709924
492709,0,0,0,4929592046,4911.394452,0.010005,364,16538,524,-2058,-1233,-84,187,0.21787235107421873,9.898826763916015,0.3136404174804687,30.47705882352941,-33883.96946564886,-2308.3969465648856,5138.931297709924
492710,0,0,0,4929602051,4911.404457,0.010005,382,16566,458,-2061,-1228,-80,194,0.22864625854492185,9.91558617553711,0.2741360900878906,30.468235294117648,-33746.564885496184,-2198.4732824427483,5331.297709923664
492711,0,0,0,4929612056,4911.414462,0.010005,414,16542,492,-2063,-1225,-82,189,0.24779987182617186,9.90122096557617,0.29448680419921874,30.462352941176473,-33664.122137404585,-2253.4351145038167,5193.893129770992
492712,0,0,0,4929622062,4911.424468,0.010006,390,16592,438,-2060,-1232,-87,184,0.23343466186523437,9.931148486328125,0.26216508178710934,30.471176470588237,-33856.48854961832,-2390.8396946564885,5056.488549618321
492713,0,0,0,4929632067,4911.434473,0.010005,378,16564,440,-2064,-1227,-95,186,0.2262520568847656,9.91438907470703,0.26336218261718747,30.459411764705884,-33719.08396946565,-2610.6870229007636,5111.4503816793895
492714,0,0,0,4929642072,4911.444478,0.010005,400,16532,422,-2065,-1227,-83,185,0.239420166015625,9.89523546142578,0.25258827514648435,30.456470588235295,-33719.08396946565,-2280.916030534351,5083.9694656488555
492715,0,0,0,4929652077,4911.454483,0.010005,386,16528,452,-2058,-1232,-83,183,0.23104046020507812,9.892841259765625,0.2705447875976562,30.47705882352941,-33856.48854961832,-2280.916030534351,5029.007633587787
492716,0,0,0,4929662082,4911.464488,0.010005,362,16550,542,-2063,-1237,-86,187,0.2166752502441406,9.906009368896484,0.32441432495117184,30.462352941176473,-33993.89312977099,-2363.3587786259545,5138.931297709924
492717,0,0,0,4929672088,4911.474494,0.010006,356,16550,442,-2057,-1233,-87,190,0.21308394775390624,9.906009368896484,0.2645592834472656,30.48,-33883.96946564886,-2390.8396946564885,5221.374045801527
492718,0,0,0,4929682093,4911.484499,0.010005,364,16532,474,-2061,-1225,-93,188,0.21787235107421873,9.89523546142578,0.28371289672851563,30.468235294117648,-33664.122137404585,-2555.7251908396947,5166.412213740458
492719,0,0,0,4929692098,4911.494504,0.010005,430,16500,526,-2064,-1227,-89,186,0.25737667846679685,9.87608184814453,0.31483751831054685,30.459411764705884,-33719.08396946565,-2445.8015267175574,5111.4503816793895
492720,0,0,0,4929702103,4911.504509,0.010005,410,16544,508,-2069,-1231,-89,185,0.2454056701660156,9.90241806640625,0.30406361083984373,30.44470588235294,-33829.00763358779,-2445.8015267175574,5083.9694656488555
492721,0,0,0,4929712108,4911.514514,0.010005,338,16558,472,-2062,-1230,-81,183,0.20231004028320312,9.910797772216796,0.2825157958984375,30.465294117647062,-33801.52671755725,-2225.9541984732828,5029.007633587787
492722,0,0,0,4929722114,4911.52452,0.010006,360,16542,396,-2061,-1229,-84,188,0.2154781494140625,9.90122096557617,0.23702596435546874,30.468235294117648,-33774.04580152672,-2308.3969465648856,5166.412213740458
492723,0,0,0,4929732119,4911.534525,0.010005,386,16532,526,-2063,-1223,-84,192,0.23104046020507812,9.89523546142578,0.31483751831054685,30.462352941176473,-33609.16030534351,-2308.3969465648856,5276.335877862595
492724,0,0,0,4929742124,4911.54453,0.010005,362,16538,438,-2062,-1225,-80,184,0.2166752502441406,9.898826763916015,0.26216508178710934,30.465294117647062,-33664.122137404585,-2198.4732824427483,5056.488549618321
492725,0,0,0,4929752129,4911.554535,0.010005,358,16530,432,-2059,-1227,-85,178,0.21428104858398436,9.894038360595703,0.258573779296875,30.474117647058826,-33719.08396946565,-2335.87786259542,4891.603053435115
492726,0,0,0,4929762134,4911.56454,0.010005,402,16564,502,-2064,-1226,-89,184,0.24061726684570311,9.91438907470703,0.30047230834960936,30.459411764705884,-33691.603053435116,-2445.8015267175574,5056.488549618321
492727,0,0,0,4929772140,4911.574546,0.010006,390,16518,438,-2060,-1225,-79,190,0.23343466186523437,9.886855755615233,0.26216508178710934,30.471176470588237,-33664.122137404585,-2170.992366412214,5221.374045801527
492728,0,0,0,4929782145,4911.584551,0.010005,372,16582,472,-2061,-1224,-84,183,0.22266075439453123,9.925162982177733,0.2825157958984375,30.468235294117648,-33636.64122137405,-2308.3969465648856,5029.007633587787
492729,0,0,0,4929792150,4911.594556,0.010005,394,16544,462,-2068,-1231,-89,189,0.23582886352539062,9.90241806640625,0.2765302917480469,30.44764705882353,-33829.00763358779,-2445.8015267175574,5193.893129770992
492730,0,0,0,4929802155,4911.604561,0.010005,340,16544,506,-2067,-1224,-87,180,0.20350714111328125,9.90241806640625,0.3028665100097656,30.45058823529412,-33636.64122137405,-2390.8396946564885,4946.564885496184
492731,0,0,0,4929812161,4911.614567,0.010006,440,16534,458,-2066,-1228,-84,177,0.26336218261718747,9.896432562255859,0.2741360900878906,30.453529411764706,-33746.564885496184,-2308.3969465648856,4864.122137404581
492732,0,0,0,4929822166,4911.624572,0.010005,356,16540,440,-2063,-1233,-87,182,0.21308394775390624,9.900023864746093,0.26336218261718747,30.462352941176473,-33883.96946564886,-2390.8396946564885,5001.526717557253
492733,0,0,0,4929832171,4911.634577,0.010005,356,16528,470,-2057,-1230,-80,179,0.21308394775390624,9.892841259765625,0.2813186950683594,30.48,-33801.52671755725,-2198.4732824427483,4919.083969465649
492734,0,0,0,4929842176,4911.644582,0.010005,372,16568,508,-2061,-1228,-90,184,0.22266075439453123,9.916783276367187,0.30406361083984373,30.468235294117648,-33746.564885496184,-2473.282442748092,5056.488549618321
492735,0,0,0,4929852181,4911.654587,0.010005,390,16552,454,-2060,-1233,-82,185,0.23343466186523437,9.907206469726562,0.27174188842773433,30.471176470588237,-33883.96946564886,-2253.4351145038167,5083.9694656488555
492736,0,0,0,4929862187,4911.664593,0.010006,346,16562,482,-2061,-1233,-80,186,0.20709844360351562,9.913191973876952,0.2885013000488281,30.468235294117648,-33883.96946564886,-2198.4732824427483,5111.4503816793895
492737,0,0,0,4929872192,4911.674598,0.010005,346,16514,444,-2061,-1230,-83,184,0.20709844360351562,9.884461553955077,0.2657563842773437,30.468235294117648,-33801.52671755725,-2280.916030534351,5056.488549618321
492738,0,0,0,4929882197,4911.684603,0.010005,360,16542,478,-2060,-1232,-89,187,0.2154781494140625,9.90122096557617,0.2861070983886719,30.471176470588237,-33856.48854961832,-2445.8015267175574,5138.931297709924
492739,0,0,0,4929892202,4911.694608,0.010005,340,16524,380,-2057,-1231,-80,182,0.20350714111328125,9.890447058105469,0.22744915771484372,30.48,-33829.00763358779,-2198.4732824427483,5001.526717557253
492740,0,0,0,4929902207,4911.704613,0.010005,384,16542,486,-2062,-1228,-83,187,0.229843359375,9.90122096557617,0.29089550170898437,30.465294117647062,-33746.564885496184,-2280.916030534351,5138.931297709924
492741,0,0,0,4929912213,4911.714619,0.010006,364,16522,526,-2064,-1233,-86,195,0.21787235107421873,9.889249957275391,0.31483751831054685,30.459411764705884,-33883.96946564886,-2363.3587786259545,5358.778625954199
492742,0,0,0,4929922218,4911.724624,0.010005,430,16574,472,-2064,-1227,-87,192,0.25737667846679685,9.920374578857421,0.2825157958984375,30.459411764705884,-33719.08396946565,-2390.8396946564885,5276.335877862595
492743,0,0,0,4929932223,4911.734629,0.010005,356,16584,512,-2063,-1224,-84,188,0.21308394775390624,9.926360083007811,0.3064578125,30.462352941176473,-33636.64122137405,-2308.3969465648856,5166.412213740458
492744,0,0,0,4929942228,4911.744634,0.010005,374,16488,530,-2068,-1226,-88,184,0.22385785522460935,9.868899243164062,0.3172317199707031,30.44764705882353,-33691.603053435116,-2418.320610687023,5056.488549618321
492745,0,0,0,4929952233,4911.754639,0.010005,374,16556,470,-2070,-1230,-84,177,0.22385785522460935,9.909600671386718,0.2813186950683594,30.441764705882356,-33801.52671755725,-2308.3969465648856,4864.122137404581
492746,0,0,0,4929962239,4911.764645,0.010006,382,16554,460,-2062,-1228,-77,185,0.22864625854492185,9.90840357055664,0.2753331909179687,30.465294117647062,-33746.564885496184,-2116.030534351145,5083.9694656488555
492747,0,0,0,4929972244,4911.77465,0.010005,352,16564,432,-2063,-1227,-76,182,0.21068974609375,9.91438907470703,0.258573779296875,30.462352941176473,-33719.08396946565,-2088.549618320611,5001.526717557253
492748,0,0,0,4929982249,4911.784655,0.010005,354,16546,494,-2058,-1232,-85,189,0.21188684692382811,9.903615167236328,0.29568390502929687,30.47705882352941,-33856.48854961832,-2335.87786259542,5193.893129770992
492749,0,0,0,4929992254,4911.79466,0.010005,318,16534,456,-2063,-1230,-79,186,0.19033903198242186,9.896432562255859,0.27293898925781246,30.462352941176473,-33801.52671755725,-2170.992366412214,5111.4503816793895
492750,0,0,0,4930002259,4911.804665,0.010005,378,16556,498,-2064,-1226,-85,180,0.2262520568847656,9.909600671386718,0.2980781066894531,30.459411764705884,-33691.603053435116,-2335.87786259542,4946.564885496184
492751,0,0,0,4930012265,4911.814671,0.010006,366,16554,452,-2072,-1222,-76,186,0.21906945190429686,9.90840357055664,0.2705447875976562,30.435882352941178,-33581.67938931298,-2088.549618320611,5111.4503816793895
492752,0,0,0,4930022270,4911.824676,0.010005,362,16562,498,-2066,-1230,-78,189,0.2166752502441406,9.913191973876952,0.2980781066894531,30.453529411764706,-33801.52671755725,-2143.5114503816794,5193.893129770992
492753,0,0,0,4930032275,4911.834681,0.010005,386,16546,456,-2064,-1225,-85,187,0.23104046020507812,9.903615167236328,0.27293898925781246,30.459411764705884,-33664.122137404585,-2335.87786259542,5138.931297709924
492754,0,0,0,4930042280,4911.844686,0.010005,368,16548,506,-2063,-1229,-84,183,0.22026655273437498,9.904812268066406,0.3028665100097656,30.462352941176473,-33774.04580152672,-2308.3969465648856,5029.007633587787
492755,0,0,0,4930052286,4911.854692,0.010006,360,16548,558,-2064,-1224,-78,185,0.2154781494140625,9.904812268066406,0.33399113159179683,30.459411764705884,-33636.64122137405,-2143.5114503816794,5083.9694656488555
492756,0,0,0,4930062291,4911.864697,0.010005,332,16510,466,-2068,-1226,-90,186,0.19871873779296872,9.882067352294921,0.27892449340820313,30.44764705882353,-33691.603053435116,-2473.282442748092,5111.4503816793895
492757,0,0,0,4930072296,4911.874702,0.010005,370,16546,450,-2071,-1228,-89,184,0.2214636535644531,9.903615167236328,0.2693476867675781,30.438823529411767,-33746.564885496184,-2445.8015267175574,5056.488549618321
492758,0,0,0,4930082301,4911.884707,0.010005,348,16558,436,-2066,-1229,-81,182,0.20829554443359374,9.910797772216796,0.2609679809570312,30.453529411764706,-33774.04580152672,-2225.9541984732828,5001.526717557253
492759,0,0,0,4930092306,4911.894712,0.010005,378,16538,492,-2065,-1234,-87,186,0.2262520568847656,9.898826763916015,0.29448680419921874,30.456470588235295,-33911.45038167939,-2390.8396946564885,5111.4503816793895
492760,0,0,0,4930102312,4911.904718,0.010006,378,16572,462,-2069,-1227,-90,186,0.2262520568847656,9.919177478027343,0.2765302917480469,30.44470588235294,-33719.08396946565,-2473.282442748092,5111.4503816793895
492761,0,0,0,4930112317,4911.914723,0.010005,350,16552,520,-2067,-1227,-83,179,0.20949264526367187,9.907206469726562,0.3112462158203125,30.45058823529412,-33719.08396946565,-2280.916030534351,4919.083969465649
492762,0,0,0,4930122322,4911.924728,0.010005,346,16558,422,-2061,-1228,-87,189,0.20709844360351562,9.910797772216796,0.25258827514648435,30.468235294117648,-33746.564885496184,-2390.8396946564885,5193.893129770992
492763,0,0,0,4930132327,4911.934733,0.010005,366,16526,454,-2060,-1226,-86,190,0.21906945190429686,9.891644158935547,0.27174188842773433,30.471176470588237,-33691.603053435116,-2363.3587786259545,5221.374045801527
492764,0,0,0,4930142332,4911.944738,0.010005,392,16564,494,-2064,-1231,-80,184,0.2346317626953125,9.91438907470703,0.29568390502929687,30.459411764705884,-33829.00763358779,-2198.4732824427483,5056.488549618321
492765,0,0,0,4930152338,4911.954744,0.010006,374,16568,420,-2062,-1228,-86,183,0.22385785522460935,9.916783276367187,0.25139117431640623,30.465294117647062,-33746.564885496184,-2363.3587786259545,5029.007633587787
492766,0,0,0,4930162343,4911.964749,0.010005,394,16540,462,-2064,-1229,-80,185,0.23582886352539062,9.900023864746093,0.2765302917480469,30.459411764705884,-33774.04580152672,-2198.4732824427483,5083.9694656488555
492767,0,0,0,4930172348,4911.974754,0.010005,384,16534,486,-2060,-1227,-84,191,0.229843359375,9.896432562255859,0.29089550170898437,30.471176470588237,-33719.08396946565,-2308.3969465648856,5248.854961832061
492768,0,0,0,4930182353,4911.984759,0.010005,398,16552,454,-2061,-1225,-92,185,0.23822306518554687,9.907206469726562,0.27174188842773433,30.468235294117648,-33664.122137404585,-2528.2442748091603,5083.9694656488555
492769,0,0,0,4930192358,4911.994764,0.010005,392,16534,470,-2066,-1227,-86,190,0.2346317626953125,9.896432562255859,0.2813186950683594,30.453529411764706,-33719.08396946565,-2363.3587786259545,5221.374045801527
492770,0,0,0,4930202364,4912.00477,0.010006,350,16552,466,-2068,-1228,-86,187,0.20949264526367187,9.907206469726562,0.27892449340820313,30.44764705882353,-33746.564885496184,-2363.3587786259545,5138.931297709924
492771,0,0,0,4930212369,4912.014775,0.010005,384,16508,472,-2064,-1231,-91,187,0.229843359375,9.880870251464843,0.2825157958984375,30.459411764705884,-33829.00763358779,-2500.7633587786263,5138.931297709924
492772,0,0,0,4930222374,4912.02478,0.010005,332,16558,432,-2058,-1236,-80,191,0.19871873779296872,9.910797772216796,0.258573779296875,30.47705882352941,-33966.41221374046,-2198.4732824427483,5248.854961832061
492773,0,0,0,4930232379,4912.034785,0.010005,352,16560,450,-2063,-1233,-80,190,0.21068974609375,9.911994873046874,0.2693476867675781,30.462352941176473,-33883.96946564886,-2198.4732824427483,5221.374045801527
492774,0,0,0,4930242384,4912.04479,0.010005,378,16520,412,-2060,-1232,-79,189,0.2262520568847656,9.888052856445311,0.24660277099609373,30.471176470588237,-33856.48854961832,-2170.992366412214,5193.893129770992
492775,0,0,0,4930252390,4912.054796,0.010006,368,16500,392,-2067,-1233,-84,190,0.22026655273437498,9.87608184814453,0.2346317626953125,30.45058823529412,-33883.96946564886,-2308.3969465648856,5221.374045801527
492776,0,0,0,4930262395,4912.064801,0.010005,340,16566,436,-2058,-1235,-86,185,0.20350714111328125,9.91558617553711,0.2609679809570312,30.47705882352941,-33938.931297709925,-2363.3587786259545,5083.9694656488555
492777,0,0,0,4930272400,4912.074806,0.010005,364,16534,438,-2062,-1236,-85,182,0.21787235107421873,9.896432562255859,0.26216508178710934,30.465294117647062,-33966.41221374046,-2335.87786259542,5001.526717557253
492778,0,0,0,4930282405,4912.084811,0.010005,350,16562,466,-2065,-1228,-85,186,0.20949264526367187,9.913191973876952,0.27892449340820313,30.456470588235295,-33746.564885496184,-2335.87786259542,5111.4503816793895
492779,0,0,0,4930292411,4912.094817,0.010006,376,16580,474,-2062,-1229,-90,186,0.22505495605468748,9.923965881347655,0.28371289672851563,30.465294117647062,-33774.04580152672,-2473.282442748092,5111.4503816793895
492780,0,0,0,4930302416,4912.104822,0.010005,352,16554,506,-2063,-1231,-86,190,0.21068974609375,9.90840357055664,0.3028665100097656,30.462352941176473,-33829.00763358779,-2363.3587786259545,5221.374045801527
492781,0,0,0,4930312421,4912.114827,0.010005,328,16526,526,-2063,-1226,-85,189,0.19632453613281248,9.891644158935547,0.31483751831054685,30.462352941176473,-33691.603053435116,-2335.87786259542,5193.893129770992
492782,0,0,0,4930322426,4912.124832,0.010005,394,16538,410,-2068,-1226,-82,181,0.23582886352539062,9.898826763916015,0.2454056701660156,30.44764705882353,-33691.603053435116,-2253.4351145038167,4974.045801526718
492783,0,0,0,4930332431,4912.134837,0.010005,374,16584,428,-2056,-1226,-88,184,0.22385785522460935,9.926360083007811,0.2561795776367187,30.48294117647059,-33691.603053435116,-2418.320610687023,5056.488549618321
492784,0,0,0,4930342437,4912.144843,0.010006,380,16506,454,-2057,-1237,-89,180,0.22744915771484372,9.879673150634765,0.27174188842773433,30.48,-33993.89312977099,-2445.8015267175574,4946.564885496184
492785,0,0,0,4930352442,4912.154848,0.010005,354,16528,490,-2060,-1230,-85,187,0.21188684692382811,9.892841259765625,0.2932897033691406,30.471176470588237,-33801.52671755725,-2335.87786259542,5138.931297709924
492786,0,0,0,4930362447,4912.164853,0.010005,378,16528,498,-2065,-1228,-90,190,0.2262520568847656,9.892841259765625,0.2980781066894531,30.456470588235295,-33746.564885496184,-2473.282442748092,5221.374045801527
492787,0,0,0,4930372452,4912.174858,0.010005,346,16512,478,-2061,-1228,-79,188,0.20709844360351562,9.883264453125,0.2861070983886719,30.468235294117648,-33746.564885496184,-2170.992366412214,5166.412213740458
492788,0,0,0,4930382457,4912.184863,0.010005,346,16528,466,-2064,-1230,-82,182,0.20709844360351562,9.892841259765625,0.27892449340820313,30.459411764705884,-33801.52671755725,-2253.4351145038167,5001.526717557253
492789,0,0,0,4930392463,4912.194869,0.010006,384,16590,498,-2057,-1228,-89,186,0.229843359375,9.929951385498047,0.2980781066894531,30.48,-33746.564885496184,-2445.8015267175574,5111.4503816793895
492790,0,0,0,4930402468,4912.204874,0.010005,392,16554,486,-2057,-1231,-90,183,0.2346317626953125,9.90840357055664,0.29089550170898437,30.48,-33829.00763358779,-2473.282442748092,5029.007633587787
492791,0,0,0,4930412473,4912.214879,0.010005,362,16578,462,-2063,-1236,-94,189,0.2166752502441406,9.922768780517577,0.2765302917480469,30.462352941176473,-33966.41221374046,-2583.206106870229,5193.893129770992
492792,0,0,0,4930422478,4912.224884,0.010005,370,16550,438,-2064,-1235,-84,187,0.2214636535644531,9.906009368896484,0.26216508178710934,30.459411764705884,-33938.931297709925,-2308.3969465648856,5138.931297709924
492793,0,0,0,4930432483,4912.234889,0.010005,398,16556,476,-2059,-1233,-78,185,0.23822306518554687,9.909600671386718,0.28490999755859375,30.474117647058826,-33883.96946564886,-2143.5114503816794,5083.9694656488555
492794,0,0,0,4930442489,4912.244895,0.010006,370,16562,482,-2062,-1228,-81,191,0.2214636535644531,9.913191973876952,0.2885013000488281,30.465294117647062,-33746.564885496184,-2225.9541984732828,5248.854961832061
492795,0,0,0,4930452494,4912.2549,0.010005,384,16532,514,-2060,-1230,-90,191,0.229843359375,9.89523546142578,0.3076549133300781,30.471176470588237,-33801.52671755725,-2473.282442748092,5248.854961832061
492796,0,0,0,4930462499,4912.264905,0.010005,332,16556,446,-2058,-1230,-79,185,0.19871873779296872,9.909600671386718,0.26695348510742184,30.47705882352941,-33801.52671755725,-2170.992366412214,5083.9694656488555
492797,0,0,0,4930472504,4912.27491,0.010005,368,16524,504,-2062,-1226,-82,189,0.22026655273437498,9.890447058105469,0.3016694091796875,30.465294117647062,-33691.603053435116,-2253.4351145038167,5193.893129770992
492798,0,0,0,4930482509,4912.284915,0.010005,342,16526,436,-2062,-1225,-86,184,0.20470424194335937,9.891644158935547,0.2609679809570312,30.465294117647062,-33664.122137404585,-2363.3587786259545,5056.488549618321
492799,0,0,0,4930492515,4912.294921,0.010006,356,16512,468,-2061,-1232,-94,193,0.21308394775390624,9.883264453125,0.28012159423828126,30.468235294117648,-33856.48854961832,-2583.206106870229,5303.81679389313
492800,0,0,0,4930502520,4912.304926,0.010005,368,16562,494,-2064,-1229,-87,187,0.22026655273437498,9.913191973876952,0.29568390502929687,30.459411764705884,-33774.04580152672,-2390.8396946564885,5138.931297709924
492801,0,0,0,4930512525,4912.314931,0.010005,418,16534,462,-2065,-1229,-88,188,0.2501940734863281,9.896432562255859,0.2765302917480469,30.456470588235295,-33774.04580152672,-2418.320610687023,5166.412213740458
492802,0,0,0,4930522530,4912.324936,0.010005,378,16560,436,-2068,-1228,-86,183,0.2262520568847656,9.911994873046874,0.2609679809570312,30.44764705882353,-33746.564885496184,-2363.3587786259545,5029.007633587787
492803,0,0,0,4930532536,4912.334942,0.010006,358,16550,452,-2065,-1232,-86,190,0.21428104858398436,9.906009368896484,0.2705447875976562,30.456470588235295,-33856.48854961832,-2363.3587786259545,5221.374045801527
492804,0,0,0,4930542541,4912.344947,0.010005,354,16548,476,-2060,-1239,-81,184,0.21188684692382811,9.904812268066406,0.28490999755859375,30.471176470588237,-34048.85496183206,-2225.9541984732828,5056.488549618321
492805,0,0,0,4930552546,4912.354952,0.010005,372,16542,460,-2059,-1230,-86,186,0.22266075439453123,9.90122096557617,0.2753331909179687,30.474117647058826,-33801.52671755725,-2363.3587786259545,5111.4503816793895
492806,0,0,0,4930562551,4912.364957,0.010005,344,16568,504,-2062,-1228,-89,178,0.2059013427734375,9.916783276367187,0.3016694091796875,30.465294117647062,-33746.564885496184,-2445.8015267175574,4891.603053435115
492807,0,0,0,4930572556,4912.374962,0.010005,344,16548,518,-2067,-1228,-88,187,0.2059013427734375,9.904812268066406,0.31004911499023435,30.45058823529412,-33746.564885496184,-2418.320610687023,5138.931297709924
492808,0,0,0,4930582562,4912.384968,0.010006,370,16546,552,-2067,-1232,-79,175,0.2214636535644531,9.903615167236328,0.33039982910156246,30.45058823529412,-33856.48854961832,-2170.992366412214,4809.160305343512
492809,0,0,0,4930592567,4912.394973,0.010005,354,16530,510,-2059,-1232,-93,184,0.21188684692382811,9.894038360595703,0.30526071166992186,30.474117647058826,-33856.48854961832,-2555.7251908396947,5056.488549618321
492810,0,0,0,4930602572,4912.404978,0.010005,348,16542,456,-2062,-1232,-81,182,0.20829554443359374,9.90122096557617,0.27293898925781246,30.465294117647062,-33856.48854961832,-2225.9541984732828,5001.526717557253
492811,0,0,0,4930612577,4912.414983,0.010005,386,16524,492,-2060,-1228,-90,187,0.23104046020507812,9.890447058105469,0.29448680419921874,30.471176470588237,-33746.564885496184,-2473.282442748092,5138.931297709924
492812,0,0,0,4930622582,4912.424988,0.010005,382,16546,510,-2061,-1227,-81,191,0.22864625854492185,9.903615167236328,0.30526071166992186,30.468235294117648,-33719.08396946565,-2225.9541984732828,5248.854961832061
492813,0,0,0,4930632588,4912.434994,0.010006,388,16546,410,-2063,-1224,-85,190,0.23223756103515625,9.903615167236328,0.2454056701660156,30.462352941176473,-33636.64122137405,-2335.87786259542,5221.374045801527
492814,0,0,0,4930642593,4912.444999,0.010005,368,16564,422,-2061,-1229,-85,189,0.22026655273437498,9.91438907470703,0.25258827514648435,30.468235294117648,-33774.04580152672,-2335.87786259542,5193.893129770992
492815,0,0,0,4930652598,4912.455004,0.010005,374,16562,424,-2059,-1234,-87,188,0.22385785522460935,9.913191973876952,0.2537853759765625,30.474117647058826,-33911.45038167939,-2390.8396946564885,5166.412213740458
492816,0,0,0,4930662603,4912.465009,0.010005,322,16580,468,-2057,-1236,-90,180,0.1927332336425781,9.923965881347655,0.28012159423828126,30.48,-33966.41221374046,-2473.282442748092,4946.564885496184
492817,0,0,0,4930672608,4912.475014,0.010005,352,16562,502,-2060,-1227,-86,185,0.21068974609375,9.913191973876952,0.30047230834960936,30.471176470588237,-33719.08396946565,-2363.3587786259545,5083.9694656488555
492818,0,0,0,4930682614,4912.48502,0.010006,330,16580,448,-2054,-1225,-91,183,0.1975216369628906,9.923965881347655,0.26815058593749996,30.488823529411768,-33664.122137404585,-2500.7633587786263,5029.007633587787
492819,0,0,0,4930692619,4912.495025,0.010005,364,16554,506,-2051,-1229,-81,175,0.21787235107421873,9.90840357055664,0.3028665100097656,30.49764705882353,-33774.04580152672,-2225.9541984732828,4809.160305343512
492820,0,0,0,4930702624,4912.50503,0.010005,362,16590,540,-2051,-1230,-87,185,0.2166752502441406,9.929951385498047,0.3232172241210937,30.49764705882353,-33801.52671755725,-2390.8396946564885,5083.9694656488555
492821,0,0,0,4930712629,4912.515035,0.010005,370,16586,382,-2061,-1232,-89,181,0.2214636535644531,9.92755718383789,0.22864625854492185,30.468235294117648,-33856.48854961832,-2445.8015267175574,4974.045801526718
492822,0,0,0,4930722635,4912.525041,0.010006,360,16544,418,-2054,-1226,-80,177,0.2154781494140625,9.90241806640625,0.2501940734863281,30.488823529411768,-33691.603053435116,-2198.4732824427483,4864.122137404581
492823,0,0,0,4930732640,4912.535046,0.010005,370,16528,428,-2062,-1230,-92,183,0.2214636535644531,9.892841259765625,0.2561795776367187,30.465294117647062,-33801.52671755725,-2528.2442748091603,5029.007633587787
492824,0,0,0,4930742645,4912.545051,0.010005,372,16522,484,-2059,-1230,-87,190,0.22266075439453123,9.889249957275391,0.28969840087890625,30.474117647058826,-33801.52671755725,-2390.8396946564885,5221.374045801527
492825,0,0,0,4930752650,4912.555056,0.010005,370,16534,502,-2057,-1232,-83,188,0.2214636535644531,9.896432562255859,0.30047230834960936,30.48,-33856.48854961832,-2280.916030534351,5166.412213740458
492826,0,0,0,4930762655,4912.565061,0.010005,390,16566,496,-2057,-1233,-93,188,0.23343466186523437,9.91558617553711,0.296881005859375,30.48,-33883.96946564886,-2555.7251908396947,5166.412213740458
492827,0,0,0,4930772661,4912.575067,0.010006,384,16544,468,-2056,-1227,-83,189,0.229843359375,9.90241806640625,0.28012159423828126,30.48294117647059,-33719.08396946565,-2280.916030534351,5193.893129770992
492828,0,0,0,4930782666,4912.585072,0.010005,380,16594,474,-2057,-1233,-86,179,0.22744915771484372,9.932345587158203,0.28371289672851563,30.48,-33883.96946564886,-2363.3587786259545,4919.083969465649
492829,0,0,0,4930792671,4912.595077,0.010005,372,16542,494,-2053,-1240,-89,181,0.22266075439453123,9.90122096557617,0.29568390502929687,30.491764705882353,-34076.3358778626,-2445.8015267175574,4974.045801526718
492830,0,0,0,4930802676,4912.605082,0.010005,360,16520,482,-2055,-1234,-83,180,0.2154781494140625,9.888052856445311,0.2885013000488281,30.48588235294118,-33911.45038167939,-2280.916030534351,4946.564885496184
492831,0,0,0,4930812681,4912.615087,0.010005,366,16588,498,-2067,-1230,-84,184,0.21906945190429686,9.928754284667969,0.2980781066894531,30.45058823529412,-33801.52671755725,-2308.3969465648856,5056.488549618321
492832,0,0,0,4930822687,4912.625093,0.010006,348,16522,468,-2066,-1233,-84,177,0.20829554443359374,9.889249957275391,0.28012159423828126,30.453529411764706,-33883.96946564886,-2308.3969465648856,4864.122137404581
492833,0,0,0,4930832692,4912.635098,0.010005,386,16530,464,-2059,-1232,-86,179,0.23104046020507812,9.894038360595703,0.277727392578125,30.474117647058826,-33856.48854961832,-2363.3587786259545,4919.083969465649
492834,0,0,0,4930842697,4912.645103,0.010005,308,16548,498,-2063,-1230,-89,191,0.18435352783203124,9.904812268066406,0.2980781066894531,30.462352941176473,-33801.52671755725,-2445.8015267175574,5248.854961832061
492835,0,0,0,4930852702,4912.655108,0.010005,396,16570,486,-2059,-1236,-80,188,0.23702596435546874,9.917980377197265,0.29089550170898437,30.474117647058826,-33966.41221374046,-2198.4732824427483,5166.412213740458
492836,0,0,0,4930862707,4912.665113,0.010005,346,16592,486,-2061,-1228,-81,186,0.20709844360351562,9.931148486328125,0.29089550170898437,30.468235294117648,-33746.564885496184,-2225.9541984732828,5111.4503816793895
492837,0,0,0,4930872713,4912.675119,0.010006,324,16530,416,-2058,-1231,-81,191,0.19393033447265623,9.894038360595703,0.24899697265624998,30.47705882352941,-33829.00763358779,-2225.9541984732828,5248.854961832061
492838,0,0,0,4930882718,4912.685124,0.010005,366,16522,430,-2059,-1229,-88,190,0.21906945190429686,9.889249957275391,0.25737667846679685,30.474117647058826,-33774.04580152672,-2418.320610687023,5221.374045801527
492839,0,0,0,4930892723,4912.695129,0.010005,362,16498,476,-2063,-1232,-88,185,0.2166752502441406,9.874884747314452,0.28490999755859375,30.462352941176473,-33856.48854961832,-2418.320610687023,5083.9694656488555
492840,0,0,0,4930902728,4912.705134,0.010005,338,16496,468,-2057,-1232,-85,187,0.20231004028320312,9.873687646484374,0.28012159423828126,30.48,-33856.48854961832,-2335.87786259542,5138.931297709924
492841,0,0,0,4930912733,4912.715139,0.010005,352,16544,492,-2063,-1228,-91,189,0.21068974609375,9.90241806640625,0.29448680419921874,30.462352941176473,-33746.564885496184,-2500.7633587786263,5193.893129770992
492842,0,0,0,4930922739,4912.725145,0.010006,374,16552,464,-2063,-1229,-83,183,0.22385785522460935,9.907206469726562,0.277727392578125,30.462352941176473,-33774.04580152672,-2280.916030534351,5029.007633587787
492843,0,0,0,4930932744,4912.73515,0.010005,384,16556,448,-2061,-1227,-82,198,0.229843359375,9.909600671386718,0.26815058593749996,30.468235294117648,-33719.08396946565,-2253.4351145038167,5441.221374045802
492844,0,0,0,4930942749,4912.745155,0.010005,358,16564,476,-2058,-1230,-94,194,0.21428104858398436,9.91438907470703,0.28490999755859375,30.47705882352941,-33801.52671755725,-2583.206106870229,5331.297709923664
492845,0,0,0,4930952754,4912.75516,0.010005,326,16596,440,-2058,-1231,-93,194,0.19512743530273435,9.93354268798828,0.26336218261718747,30.47705882352941,-33829.00763358779,-2555.7251908396947,5331.297709923664
492846,0,0,0,4930962760,4912.765166,0.010006,362,16524,430,-2059,-1228,-88,187,0.2166752502441406,9.890447058105469,0.25737667846679685,30.474117647058826,-33746.564885496184,-2418.320610687023,5138.931297709924
492847,0,0,0,4930972765,4912.775171,0.010005,370,16530,500,-2058,-1228,-85,192,0.2214636535644531,9.894038360595703,0.29927520751953124,30.47705882352941,-33746.564885496184,-2335.87786259542,5276.335877862595
492848,0,0,0,4930982770,4912.785176,0.010005,354,16550,496,-2059,-1236,-83,184,0.21188684692382811,9.906009368896484,0.296881005859375,30.474117647058826,-33966.41221374046,-2280.916030534351,5056.488549618321
492849,0,0,0,4930992775,4912.795181,0.010005,368,16546,434,-2060,-1232,-83,190,0.22026655273437498,9.903615167236328,0.2597708801269531,30.471176470588237,-33856.48854961832,-2280.916030534351,5221.374045801527
492850,0,0,0,4931002780,4912.805186,0.010005,352,16528,468,-2055,-1222,-83,186,0.21068974609375,9.892841259765625,0.28012159423828126,30.48588235294118,-33581.67938931298,-2280.916030534351,5111.4503816793895
492851,0,0,0,4931012786,4912.815192,0.010006,348,16530,464,-2053,-1230,-91,179,0.20829554443359374,9.894038360595703,0.277727392578125,30.491764705882353,-33801.52671755725,-2500.7633587786263,4919.083969465649
492852,0,0,0,4931022791,4912.825197,0.010005,374,16528,422,-2058,-1229,-86,179,0.22385785522460935,9.892841259765625,0.25258827514648435,30.47705882352941,-33774.04580152672,-2363.3587786259545,4919.083969465649
492853,0,0,0,4931032796,4912.835202,0.010005,392,16524,450,-2061,-1227,-78,191,0.2346317626953125,9.890447058105469,0.2693476867675781,30.468235294117648,-33719.08396946565,-2143.5114503816794,5248.854961832061
492854,0,0,0,4931042801,4912.845207,0.010005,346,16558,398,-2064,-1231,-78,191,0.20709844360351562,9.910797772216796,0.23822306518554687,30.459411764705884,-33829.00763358779,-2143.5114503816794,5248.854961832061
492855,0,0,0,4931052806,4912.855212,0.010005,352,16550,432,-2058,-1234,-88,184,0.21068974609375,9.906009368896484,0.258573779296875,30.47705882352941,-33911.45038167939,-2418.320610687023,5056.488549618321
492856,0,0,0,4931062812,4912.865218,0.010006,372,16550,558,-2059,-1233,-89,184,0.22266075439453123,9.906009368896484,0.33399113159179683,30.474117647058826,-33883.96946564886,-2445.8015267175574,5056.488549618321
492857,0,0,0,4931072817,4912.875223,0.010005,336,16554,442,-2061,-1231,-86,179,0.201112939453125,9.90840357055664,0.2645592834472656,30.468235294117648,-33829.00763358779,-2363.3587786259545,4919.083969465649
492858,0,0,0,4931082822,4912.885228,0.010005,380,16562,486,-2063,-1225,-89,179,0.22744915771484372,9.913191973876952,0.29089550170898437,30.462352941176473,-33664.122137404585,-2445.8015267175574,4919.083969465649
492859,0,0,0,4931092827,4912.895233,0.010005,360,16568,492,-2058,-1225,-85,182,0.2154781494140625,9.916783276367187,0.29448680419921874,30.47705882352941,-33664.122137404585,-2335.87786259542,5001.526717557253
492860,0,0,0,4931102832,4912.905238,0.010005,370,16552,502,-2060,-1233,-81,192,0.2214636535644531,9.907206469726562,0.30047230834960936,30.471176470588237,-33883.96946564886,-2225.9541984732828,5276.335877862595
492861,0,0,0,4931112838,4912.915244,0.010006,366,16516,486,-2066,-1232,-90,194,0.21906945190429686,9.885658654785155,0.29089550170898437,30.453529411764706,-33856.48854961832,-2473.282442748092,5331.297709923664
492862,0,0,0,4931122843,4912.925249,0.010005,356,16568,466,-2063,-1226,-92,187,0.21308394775390624,9.916783276367187,0.27892449340820313,30.462352941176473,-33691.603053435116,-2528.2442748091603,5138.931297709924
492863,0,0,0,4931132848,4912.935254,0.010005,406,16558,486,-2060,-1229,-81,186,0.24301146850585936,9.910797772216796,0.29089550170898437,30.471176470588237,-33774.04580152672,-2225.9541984732828,5111.4503816793895
492864,0,0,0,4931142853,4912.945259,0.010005,388,16568,488,-2057,-1226,-92,178,0.23223756103515625,9.916783276367187,0.2920926025390625,30.48,-33691.603053435116,-2528.2442748091603,4891.603053435115
492865,0,0,0,4931152859,4912.955265,0.010006,334,16562,488,-2057,-1225,-85,185,0.19991583862304688,9.913191973876952,0.2920926025390625,30.48,-33664.122137404585,-2335.87786259542,5083.9694656488555
492866,0,0,0,4931162864,4912.96527,0.010005,336,16556,454,-2058,-1228,-85,187,0.201112939453125,9.909600671386718,0.27174188842773433,30.47705882352941,-33746.564885496184,-2335.87786259542,5138.931297709924
492867,0,0,0,4931172869,4912.975275,0.010005,424,16484,466,-2061,-1226,-88,186,0.2537853759765625,9.866505041503906,0.27892449340820313,30.468235294117648,-33691.603053435116,-2418.320610687023,5111.4503816793895
492868,0,0,0,4931182874,4912.98528,0.010005,394,16540,486,-2059,-1232,-84,189,0.23582886352539062,9.900023864746093,0.29089550170898437,30.474117647058826,-33856.48854961832,-2308.3969465648856,5193.893129770992
492869,0,0,0,4931192879,4912.995285,0.010005,384,16560,476,-2055,-1230,-85,187,0.229843359375,9.911994873046874,0.28490999755859375,30.48588235294118,-33801.52671755725,-2335.87786259542,5138.931297709924
492870,0,0,0,4931202885,4913.005291,0.010006,386,16556,488,-2049,-1226,-85,183,0.23104046020507812,9.909600671386718,0.2920926025390625,30.503529411764706,-33691.603053435116,-2335.87786259542,5029.007633587787
492871,0,0,0,4931212890,4913.015296,0.010005,358,16552,440,-2058,-1230,-91,183,0.21428104858398436,9.907206469726562,0.26336218261718747,30.47705882352941,-33801.52671755725,-2500.7633587786263,5029.007633587787
492872,0,0,0,4931222895,4913.025301,0.010005,348,16542,420,-2061,-1235,-83,178,0.20829554443359374,9.90122096557617,0.25139117431640623,30.468235294117648,-33938.931297709925,-2280.916030534351,4891.603053435115
492873,0,0,0,4931232900,4913.035306,0.010005,358,16538,458,-2057,-1230,-80,186,0.21428104858398436,9.898826763916015,0.2741360900878906,30.48,-33801.52671755725,-2198.4732824427483,5111.4503816793895
492874,0,0,0,4931242905,4913.045311,0.010005,350,16564,428,-2054,-1231,-81,181,0.20949264526367187,9.91438907470703,0.2561795776367187,30.488823529411768,-33829.00763358779,-2225.9541984732828,4974.045801526718
492875,0,0,0,4931252911,4913.055317,0.010006,396,16554,492,-2056,-1230,-87,174,0.23702596435546874,9.90840357055664,0.29448680419921874,30.48294117647059,-33801.52671755725,-2390.8396946564885,4781.679389312977
492876,0,0,0,4931262916,4913.065322,0.010005,380,16530,450,-2061,-1232,-83,175,0.22744915771484372,9.894038360595703,0.2693476867675781,30.468235294117648,-33856.48854961832,-2280.916030534351,4809.160305343512
492877,0,0,0,4931272921,4913.075327,0.010005,396,16526,458,-2064,-1238,-91,190,0.23702596435546874,9.891644158935547,0.2741360900878906,30.459411764705884,-34021.37404580153,-2500.7633587786263,5221.374045801527
492878,0,0,0,4931282926,4913.085332,0.010005,330,16524,464,-2058,-1229,-90,186,0.1975216369628906,9.890447058105469,0.277727392578125,30.47705882352941,-33774.04580152672,-2473.282442748092,5111.4503816793895
492879,0,0,0,4931292931,4913.095337,0.010005,380,16540,440,-2055,-1230,-84,186,0.22744915771484372,9.900023864746093,0.26336218261718747,30.48588235294118,-33801.52671755725,-2308.3969465648856,5111.4503816793895
492880,0,0,0,4931302937,4913.105343,0.010006,390,16532,486,-2060,-1229,-83,193,0.23343466186523437,9.89523546142578,0.29089550170898437,30.471176470588237,-33774.04580152672,-2280.916030534351,5303.81679389313
492881,0,0,0,4931312942,4913.115348,0.010005,356,16600,416,-2062,-1231,-84,184,0.21308394775390624,9.935936889648437,0.24899697265624998,30.465294117647062,-33829.00763358779,-2308.3969465648856,5056.488549618321
492882,0,0,0,4931322947,4913.125353,0.010005,334,16528,440,-2060,-1228,-88,181,0.19991583862304688,9.892841259765625,0.26336218261718747,30.471176470588237,-33746.564885496184,-2418.320610687023,4974.045801526718
492883,0,0,0,4931332952,4913.135358,0.010005,348,16556,460,-2057,-1229,-83,173,0.20829554443359374,9.909600671386718,0.2753331909179687,30.48,-33774.04580152672,-2280.916030534351,4754.198473282443
492884,0,0,0,4931342957,4913.145363,0.010005,364,16552,506,-2054,-1230,-90,178,0.21787235107421873,9.907206469726562,0.3028665100097656,30.488823529411768,-33801.52671755725,-2473.282442748092,4891.603053435115
492885,0,0,0,4931352963,4913.155369,0.010006,366,16542,424,-2057,-1233,-82,192,0.21906945190429686,9.90122096557617,0.2537853759765625,30.48,-33883.96946564886,-2253.4351145038167,5276.335877862595
492886,0,0,0,4931362968,4913.165374,0.010005,380,16528,424,-2058,-1226,-86,187,0.22744915771484372,9.892841259765625,0.2537853759765625,30.47705882352941,-33691.603053435116,-2363.3587786259545,5138.931297709924
492887,0,0,0,4931372973,4913.175379,0.010005,346,16528,464,-2060,-1227,-82,185,0.20709844360351562,9.892841259765625,0.277727392578125,30.471176470588237,-33719.08396946565,-2253.4351145038167,5083.9694656488555
492888,0,0,0,4931382978,4913.185384,0.010005,390,16536,484,-2058,-1232,-86,188,0.23343466186523437,9.897629663085937,0.28969840087890625,30.47705882352941,-33856.48854961832,-2363.3587786259545,5166.412213740458
492889,0,0,0,4931392984,4913.19539,0.010006,360,16564,432,-2055,-1227,-82,189,0.2154781494140625,9.91438907470703,0.258573779296875,30.48588235294118,-33719.08396946565,-2253.4351145038167,5193.893129770992
492890,0,0,0,4931402989,4913.205395,0.010005,370,16550,522,-2061,-1226,-89,187,0.2214636535644531,9.906009368896484,0.3124433166503906,30.468235294117648,-33691.603053435116,-2445.8015267175574,5138.931297709924
492891,0,0,0,4931412994,4913.2154,0.010005,380,16580,480,-2063,-1226,-87,185,0.22744915771484372,9.923965881347655,0.28730419921875,30.462352941176473,-33691.603053435116,-2390.8396946564885,5083.9694656488555
492892,0,0,0,4931422999,4913.225405,0.010005,364,16498,488,-2058,-1228,-88,188,0.21787235107421873,9.874884747314452,0.2920926025390625,30.47705882352941,-33746.564885496184,-2418.320610687023,5166.412213740458
492893,0,0,0,4931433004,4913.23541,0.010005,344,16530,504,-2059,-1231,-91,181,0.2059013427734375,9.894038360595703,0.3016694091796875,30.474117647058826,-33829.00763358779,-2500.7633587786263,4974.045801526718
492894,0,0,0,4931443010,4913.245416,0.010006,374,16534,456,-2059,-1228,-85,178,0.22385785522460935,9.896432562255859,0.27293898925781246,30.474117647058826,-33746.564885496184,-2335.87786259542,4891.603053435115
492895,0,0,0,4931453015,4913.255421,0.010005,380,16550,458,-2063,-1233,-83,183,0.22744915771484372,9.906009368896484,0.2741360900878906,30.462352941176473,-33883.96946564886,-2280.916030534351,5029.007633587787
492896,0,0,0,4931463020,4913.265426,0.010005,414,16556,502,-2061,-1233,-83,188,0.24779987182617186,9.909600671386718,0.30047230834960936,30.468235294117648,-33883.96946564886,-2280.916030534351,5166.412213740458
492897,0,0,0,4931473025,4913.275431,0.010005,398,16544,434,-2063,-1231,-82,187,0.23822306518554687,9.90241806640625,0.2597708801269531,30.462352941176473,-33829.00763358779,-2253.4351145038167,5138.931297709924
492898,0,0,0,4931483030,4913.285436,0.010005,372,16580,458,-2059,-1227,-88,192,0.22266075439453123,9.923965881347655,0.2741360900878906,30.474117647058826,-33719.08396946565,-2418.320610687023,5276.335877862595
492899,0,0,0,4931493036,4913.295442,0.010006,328,16554,504,-2055,-1237,-86,190,0.19632453613281248,9.90840357055664,0.3016694091796875,30.48588235294118,-33993.89312977099,-2363.3587786259545,5221.374045801527
492900,0,0,0,4931503041,4913.305447,0.010005,376,16554,458,-2062,-1235,-84,185,0.22505495605468748,9.90840357055664,0.2741360900878906,30.465294117647062,-33938.931297709925,-2308.3969465648856,5083.9694656488555
492901,0,0,0,4931513046,4913.315452,0.010005,372,16542,430,-2064,-1231,-85,189,0.22266075439453123,9.90122096557617,0.25737667846679685,30.459411764705884,-33829.00763358779,-2335.87786259542,5193.893129770992
492902,0,0,0,4931523051,4913.325457,0.010005,324,16544,482,-2060,-1226,-83,185,0.19393033447265623,9.90241806640625,0.2885013000488281,30.471176470588237,-33691.603053435116,-2280.916030534351,5083.9694656488555
492903,0,0,0,4931533056,4913.335462,0.010005,364,16548,426,-2059,-1226,-86,194,0.21787235107421873,9.904812268066406,0.2549824768066406,30.474117647058826,-33691.603053435116,-2363.3587786259545,5331.297709923664
492904,0,0,0,4931543062,4913.345468,0.010006,410,16562,432,-2062,-1229,-92,187,0.2454056701660156,9.913191973876952,0.258573779296875,30.465294117647062,-33774.04580152672,-2528.2442748091603,5138.931297709924
492905,0,0,0,4931553067,4913.355473,0.010005,364,16602,460,-2058,-1227,-83,198,0.21787235107421873,9.937133990478515,0.2753331909179687,30.47705882352941,-33719.08396946565,-2280.916030534351,5441.221374045802
492906,0,0,0,4931563072,4913.365478,0.010005,404,16546,452,-2060,-1226,-84,197,0.24181436767578124,9.903615167236328,0.2705447875976562,30.471176470588237,-33691.603053435116,-2308.3969465648856,5413.740458015267
492907,0,0,0,4931573077,4913.375483,0.010005,388,16560,474,-2058,-1230,-91,184,0.23223756103515625,9.911994873046874,0.28371289672851563,30.47705882352941,-33801.52671755725,-2500.7633587786263,5056.488549618321
492908,0,0,0,4931583083,4913.385489,0.010006,370,16520,500,-2063,-1224,-89,187,0.2214636535644531,9.888052856445311,0.29927520751953124,30.462352941176473,-33636.64122137405,-2445.8015267175574,5138.931297709924
492909,0,0,0,4931593088,4913.395494,0.010005,342,16528,430,-2061,-1227,-87,182,0.20470424194335937,9.892841259765625,0.25737667846679685,30.468235294117648,-33719.08396946565,-2390.8396946564885,5001.526717557253
492910,0,0,0,4931603093,4913.405499,0.010005,366,16552,468,-2057,-1229,-82,187,0.21906945190429686,9.907206469726562,0.28012159423828126,30.48,-33774.04580152672,-2253.4351145038167,5138.931297709924
492911,0,0,0,4931613098,4913.415504,0.010005,344,16564,500,-2058,-1226,-86,176,0.2059013427734375,9.91438907470703,0.29927520751953124,30.47705882352941,-33691.603053435116,-2363.3587786259545,4836.641221374046
492912,0,0,0,4931623103,4913.425509,0.010005,354,16568,572,-2058,-1226,-90,181,0.21188684692382811,9.916783276367187,0.34237083740234375,30.47705882352941,-33691.603053435116,-2473.282442748092,4974.045801526718
492913,0,0,0,4931633109,4913.435515,0.010006,380,16584,440,-2057,-1236,-89,187,0.22744915771484372,9.926360083007811,0.26336218261718747,30.48,-33966.41221374046,-2445.8015267175574,5138.931297709924
492914,0,0,0,4931643114,4913.44552,0.010005,410,16558,492,-2059,-1232,-81,191,0.2454056701660156,9.910797772216796,0.29448680419921874,30.474117647058826,-33856.48854961832,-2225.9541984732828,5248.854961832061
492915,0,0,0,4931653119,4913.455525,0.010005,328,16550,508,-2057,-1226,-88,196,0.19632453613281248,9.906009368896484,0.30406361083984373,30.48,-33691.603053435116,-2418.320610687023,5386.259541984733
492916,0,0,0,4931663124,4913.46553,0.010005,332,16558,470,-2056,-1228,-78,192,0.19871873779296872,9.910797772216796,0.2813186950683594,30.48294117647059,-33746.564885496184,-2143.5114503816794,5276.335877862595
492917,0,0,0,4931673129,4913.475535,0.010005,372,16546,432,-2059,-1226,-84,190,0.22266075439453123,9.903615167236328,0.258573779296875,30.474117647058826,-33691.603053435116,-2308.3969465648856,5221.374045801527
492918,0,0,0,4931683135,4913.485541,0.010006,362,16518,446,-2057,-1230,-89,187,0.2166752502441406,9.886855755615233,0.26695348510742184,30.48,-33801.52671755725,-2445.8015267175574,5138.931297709924
492919,0,0,0,4931693140,4913.495546,0.010005,362,16564,466,-2059,-1236,-85,188,0.2166752502441406,9.91438907470703,0.27892449340820313,30.474117647058826,-33966.41221374046,-2335.87786259542,5166.412213740458
492920,0,0,0,4931703145,4913.505551,0.010005,362,16558,458,-2058,-1231,-86,178,0.2166752502441406,9.910797772216796,0.2741360900878906,30.47705882352941,-33829.00763358779,-2363.3587786259545,4891.603053435115
492921,0,0,0,4931713150,4913.515556,0.010005,370,16528,440,-2058,-1230,-83,183,0.2214636535644531,9.892841259765625,0.26336218261718747,30.47705882352941,-33801.52671755725,-2280.916030534351,5029.007633587787
492922,0,0,0,4931723155,4913.525561,0.010005,384,16554,448,-2059,-1231,-83,184,0.229843359375,9.90840357055664,0.26815058593749996,30.474117647058826,-33829.00763358779,-2280.916030534351,5056.488549618321
492923,0,0,0,4931733161,4913.535567,0.010006,364,16544,502,-2061,-1238,-88,175,0.21787235107421873,9.90241806640625,0.30047230834960936,30.468235294117648,-34021.37404580153,-2418.320610687023,4809.160305343512
492924,0,0,0,4931743166,4913.545572,0.010005,384,16554,474,-2064,-1234,-84,182,0.229843359375,9.90840357055664,0.28371289672851563,30.459411764705884,-33911.45038167939,-2308.3969465648856,5001.526717557253
492925,0,0,0,4931753171,4913.555577,0.010005,378,16530,478,-2061,-1228,-82,188,0.2262520568847656,9.894038360595703,0.2861070983886719,30.468235294117648,-33746.564885496184,-2253.4351145038167,5166.412213740458
492926,0,0,0,4931763176,4913.565582,0.010005,356,16544,488,-2060,-1231,-81,192,0.21308394775390624,9.90241806640625,0.2920926025390625,30.471176470588237,-33829.00763358779,-2225.9541984732828,5276.335877862595
492927,0,0,0,4931773182,4913.575588,0.010006,350,16514,504,-2056,-1232,-85,188,0.20949264526367187,9.884461553955077,0.3016694091796875,30.48294117647059,-33856.48854961832,-2335.87786259542,5166.412213740458
492928,0,0,0,4931783187,4913.585593,0.010005,368,16526,472,-2055,-1229,-89,183,0.22026655273437498,9.891644158935547,0.2825157958984375,30.48588235294118,-33774.04580152672,-2445.8015267175574,5029.007633587787
492929,0,0,0,4931793192,4913.595598,0.010005,348,16538,486,-2058,-1232,-95,179,0.20829554443359374,9.898826763916015,0.29089550170898437,30.47705882352941,-33856.48854961832,-2610.6870229007636,4919.083969465649
492930,0,0,0,4931803197,4913.605603,0.010005,370,16568,440,-2062,-1231,-84,186,0.2214636535644531,9.916783276367187,0.26336218261718747,30.465294117647062,-33829.00763358779,-2308.3969465648856,5111.4503816793895
492931,0,0,0,4931813202,4913.615608,0.010005,364,16568,464,-2061,-1231,-88,192,0.21787235107421873,9.916783276367187,0.277727392578125,30.468235294117648,-33829.00763358779,-2418.320610687023,5276.335877862595
492932,0,0,0,4931823208,4913.625614,0.010006,378,16520,488,-2058,-1232,-88,186,0.2262520568847656,9.888052856445311,0.2920926025390625,30.47705882352941,-33856.48854961832,-2418.320610687023,5111.4503816793895
492933,0,0,0,4931833213,4913.635619,0.010005,342,16530,400,-2060,-1229,-86,179,0.20470424194335937,9.894038360595703,0.239420166015625,30.471176470588237,-33774.04580152672,-2363.3587786259545,4919.083969465649
492934,0,0,0,4931843218,4913.645624,0.010005,392,16568,478,-2064,-1230,-83,186,0.2346317626953125,9.916783276367187,0.2861070983886719,30.459411764705884,-33801.52671755725,-2280.916030534351,5111.4503816793895
492935,0,0,0,4931853223,4913.655629,0.010005,358,16524,440,-2069,-1229,-88,189,0.21428104858398436,9.890447058105469,0.26336218261718747,30.44470588235294,-33774.04580152672,-2418.320610687023,5193.893129770992
492936,0,0,0,4931863228,4913.665634,0.010005,374,16556,468,-2067,-1226,-92,176,0.22385785522460935,9.909600671386718,0.28012159423828126,30.45058823529412,-33691.603053435116,-2528.2442748091603,4836.641221374046
492937,0,0,0,4931873234,4913.67564,0.010006,364,16524,466,-2065,-1231,-87,185,0.21787235107421873,9.890447058105469,0.27892449340820313,30.456470588235295,-33829.00763358779,-2390.8396946564885,5083.9694656488555
492938,0,0,0,4931883239,4913.685645,0.010005,354,16554,464,-2062,-1231,-89,187,0.21188684692382811,9.90840357055664,0.277727392578125,30.465294117647062,-33829.00763358779,-2445.8015267175574,5138.931297709924
492939,0,0,0,4931893244,4913.69565,0.010005,370,16564,446,-2061,-1227,-92,193,0.2214636535644531,9.91438907470703,0.26695348510742184,30.468235294117648,-33719.08396946565,-2528.2442748091603,5303.81679389313
492940,0,0,0,4931903249,4913.705655,0.010005,404,16544,446,-2063,-1237,-87,190,0.24181436767578124,9.90241806640625,0.26695348510742184,30.462352941176473,-33993.89312977099,-2390.8396946564885,5221.374045801527
492941,0,0,0,4931913254,4913.71566,0.010005,388,16554,422,-2063,-1233,-83,182,0.23223756103515625,9.90840357055664,0.25258827514648435,30.462352941176473,-33883.96946564886,-2280.916030534351,5001.526717557253
492942,0,0,0,4931923260,4913.725666,0.010006,348,16502,464,-2058,-1234,-82,187,0.20829554443359374,9.87727894897461,0.277727392578125,30.47705882352941,-33911.45038167939,-2253.4351145038167,5138.931297709924
492943,0,0,0,4931933265,4913.735671,0.010005,400,16544,456,-2056,-1234,-80,188,0.239420166015625,9.90241806640625,0.27293898925781246,30.48294117647059,-33911.45038167939,-2198.4732824427483,5166.412213740458
492944,0,0,0,4931943270,4913.745676,0.010005,390,16596,516,-2055,-1235,-80,182,0.23343466186523437,9.93354268798828,0.30885201416015623,30.48588235294118,-33938.931297709925,-2198.4732824427483,5001.526717557253
492945,0,0,0,4931953275,4913.755681,0.010005,338,16526,476,-2058,-1230,-87,179,0.20231004028320312,9.891644158935547,0.28490999755859375,30.47705882352941,-33801.52671755725,-2390.8396946564885,4919.083969465649
492946,0,0,0,4931963281,4913.765687,0.010006,340,16586,442,-2061,-1224,-92,185,0.20350714111328125,9.92755718383789,0.2645592834472656,30.468235294117648,-33636.64122137405,-2528.2442748091603,5083.9694656488555
492947,0,0,0,4931973286,4913.775692,0.010005,378,16538,508,-2060,-1226,-98,188,0.2262520568847656,9.898826763916015,0.30406361083984373,30.471176470588237,-33691.603053435116,-2693.1297709923665,5166.412213740458
492948,0,0,0,4931983291,4913.785697,0.010005,352,16566,466,-2065,-1228,-92,190,0.21068974609375,9.91558617553711,0.27892449340820313,30.456470588235295,-33746.564885496184,-2528.2442748091603,5221.374045801527
492949,0,0,0,4931993296,4913.795702,0.010005,352,16548,482,-2055,-1229,-90,185,0.21068974609375,9.904812268066406,0.2885013000488281,30.48588235294118,-33774.04580152672,-2473.282442748092,5083.9694656488555
492950,0,0,0,4932003301,4913.805707,0.010005,392,16544,464,-2056,-1231,-81,183,0.2346317626953125,9.90241806640625,0.277727392578125,30.48294117647059,-33829.00763358779,-2225.9541984732828,5029.007633587787
492951,0,0,0,4932013307,4913.815713,0.010006,396,16584,494,-2064,-1237,-85,185,0.23702596435546874,9.926360083007811,0.29568390502929687,30.459411764705884,-33993.89312977099,-2335.87786259542,5083.9694656488555
492952,0,0,0,4932023312,4913.825718,0.010005,378,16506,450,-2056,-1233,-82,181,0.2262520568847656,9.879673150634765,0.2693476867675781,30.48294117647059,-33883.96946564886,-2253.4351145038167,4974.045801526718
492953,0,0,0,4932033317,4913.835723,0.010005,364,16512,456,-2056,-1234,-83,186,0.21787235107421873,9.883264453125,0.27293898925781246,30.48294117647059,-33911.45038167939,-2280.916030534351,5111.4503816793895
492954,0,0,0,4932043322,4913.845728,0.010005,358,16540,486,-2056,-1228,-86,184,0.21428104858398436,9.900023864746093,0.29089550170898437,30.48294117647059,-33746.564885496184,-2363.3587786259545,5056.488549618321
492955,0,0,0,4932053327,4913.855733,0.010005,396,16532,442,-2056,-1236,-92,186,0.23702596435546874,9.89523546142578,0.2645592834472656,30.48294117647059,-33966.41221374046,-2528.2442748091603,5111.4503816793895
492956,0,0,0,4932063333,4913.865739,0.010006,366,16536,516,-2054,-1236,-82,185,0.21906945190429686,9.897629663085937,0.30885201416015623,30.488823529411768,-33966.41221374046,-2253.4351145038167,5083.9694656488555
492957,0,0,0,4932073338,4913.875744,0.010005,344,16572,480,-2058,-1231,-87,185,0.2059013427734375,9.919177478027343,0.28730419921875,30.47705882352941,-33829.00763358779,-2390.8396946564885,5083.9694656488555
492958,0,0,0,4932083343,4913.885749,0.010005,392,16512,500,-2063,-1228,-77,183,0.2346317626953125,9.883264453125,0.29927520751953124,30.462352941176473,-33746.564885496184,-2116.030534351145,5029.007633587787
492959,0,0,0,4932093348,4913.895754,0.010005,374,16560,430,-2063,-1226,-79,192,0.22385785522460935,9.911994873046874,0.25737667846679685,30.462352941176473,-33691.603053435116,-2170.992366412214,5276.335877862595
492960,0,0,0,4932103353,4913.905759,0.010005,334,16532,490,-2059,-1225,-79,179,0.19991583862304688,9.89523546142578,0.2932897033691406,30.474117647058826,-33664.122137404585,-2170.992366412214,4919.083969465649
492961,0,0,0,4932113359,4913.915765,0.010006,376,16520,466,-2058,-1227,-82,186,0.22505495605468748,9.888052856445311,0.27892449340820313,30.47705882352941,-33719.08396946565,-2253.4351145038167,5111.4503816793895
492962,0,0,0,4932123364,4913.92577,0.010005,328,16550,532,-2058,-1226,-84,192,0.19632453613281248,9.906009368896484,0.3184288208007812,30.47705882352941,-33691.603053435116,-2308.3969465648856,5276.335877862595
492963,0,0,0,4932133369,4913.935775,0.010005,410,16550,490,-2055,-1232,-85,197,0.2454056701660156,9.906009368896484,0.2932897033691406,30.48588235294118,-33856.48854961832,-2335.87786259542,5413.740458015267
492964,0,0,0,4932143374,4913.94578,0.010005,376,16606,512,-2064,-1231,-92,193,0.22505495605468748,9.93952819213867,0.3064578125,30.459411764705884,-33829.00763358779,-2528.2442748091603,5303.81679389313
492965,0,0,0,4932153380,4913.955786,0.010006,414,16530,470,-2063,-1228,-92,179,0.24779987182617186,9.894038360595703,0.2813186950683594,30.462352941176473,-33746.564885496184,-2528.2442748091603,4919.083969465649
492966,0,0,0,4932163385,4913.965791,0.010005,374,16570,462,-2059,-1226,-89,185,0.22385785522460935,9.917980377197265,0.2765302917480469,30.474117647058826,-33691.603053435116,-2445.8015267175574,5083.9694656488555
492967,0,0,0,4932173390,4913.975796,0.010005,376,16578,488,-2062,-1228,-83,182,0.22505495605468748,9.922768780517577,0.2920926025390625,30.465294117647062,-33746.564885496184,-2280.916030534351,5001.526717557253
492968,0,0,0,4932183395,4913.985801,0.010005,380,16552,466,-2062,-1228,-80,185,0.22744915771484372,9.907206469726562,0.27892449340820313,30.465294117647062,-33746.564885496184,-2198.4732824427483,5083.9694656488555
492969,0,0,0,4932193400,4913.995806,0.010005,350,16518,426,-2059,-1229,-87,190,0.20949264526367187,9.886855755615233,0.2549824768066406,30.474117647058826,-33774.04580152672,-2390.8396946564885,5221.374045801527
492970,0,0,0,4932203406,4914.005812,0.010006,352,16572,456,-2057,-1229,-86,196,0.21068974609375,9.919177478027343,0.27293898925781246,30.48,-33774.04580152672,-2363.3587786259545,5386.259541984733
492971,0,0,0,4932213411,4914.015817,0.010005,392,16542,448,-2064,-1230,-85,189,0.2346317626953125,9.90122096557617,0.26815058593749996,30.459411764705884,-33801.52671755725,-2335.87786259542,5193.893129770992
492972,0,0,0,4932223416,4914.025822,0.010005,374,16542,510,-2060,-1236,-86,184,0.22385785522460935,9.90122096557617,0.30526071166992186,30.471176470588237,-33966.41221374046,-2363.3587786259545,5056.488549618321
492973,0,0,0,4932233421,4914.035827,0.010005,372,16552,504,-2060,-1229,-91,192,0.22266075439453123,9.907206469726562,0.3016694091796875,30.471176470588237,-33774.04580152672,-2500.7633587786263,5276.335877862595
492974,0,0,0,4932243426,4914.045832,0.010005,356,16538,454,-2061,-1234,-89,191,0.21308394775390624,9.898826763916015,0.27174188842773433,30.468235294117648,-33911.45038167939,-2445.8015267175574,5248.854961832061
492975,0,0,0,4932253432,4914.055838,0.010006,374,16552,440,-2062,-1238,-77,188,0.22385785522460935,9.907206469726562,0.26336218261718747,30.465294117647062,-34021.37404580153,-2116.030534351145,5166.412213740458
492976,0,0,0,4932263437,4914.065843,0.010005,384,16518,470,-2060,-1235,-82,184,0.229843359375,9.886855755615233,0.2813186950683594,30.471176470588237,-33938.931297709925,-2253.4351145038167,5056.488549618321
492977,0,0,0,4932273442,4914.075848,0.010005,406,16556,478,-2055,-1231,-89,189,0.24301146850585936,9.909600671386718,0.2861070983886719,30.48588235294118,-33829.00763358779,-2445.8015267175574,5193.893129770992
492978,0,0,0,4932283447,4914.085853,0.010005,390,16548,508,-2058,-1228,-86,189,0.23343466186523437,9.904812268066406,0.30406361083984373,30.47705882352941,-33746.564885496184,-2363.3587786259545,5193.893129770992
492979,0,0,0,4932293452,4914.095858,0.010005,338,16504,436,-2058,-1235,-87,190,0.20231004028320312,9.878476049804688,0.2609679809570312,30.47705882352941,-33938.931297709925,-2390.8396946564885,5221.374045801527
492980,0,0,0,4932303458,4914.105864,0.010006,376,16542,472,-2053,-1228,-83,188,0.22505495605468748,9.90122096557617,0.2825157958984375,30.491764705882353,-33746.564885496184,-2280.916030534351,5166.412213740458
492981,0,0,0,4932313463,4914.115869,0.010005,380,16538,496,-2054,-1225,-86,182,0.22744915771484372,9.898826763916015,0.296881005859375,30.488823529411768,-33664.122137404585,-2363.3587786259545,5001.526717557253
492982,0,0,0,4932323468,4914.125874,0.010005,366,16576,476,-2056,-1228,-91,184,0.21906945190429686,9.9215716796875,0.28490999755859375,30.48294117647059,-33746.564885496184,-2500.7633587786263,5056.488549618321
492983,0,0,0,4932333473,4914.135879,0.010005,368,16588,462,-2056,-1230,-87,187,0.22026655273437498,9.928754284667969,0.2765302917480469,30.48294117647059,-33801.52671755725,-2390.8396946564885,5138.931297709924
492984,0,0,0,4932343479,4914.145885,0.010006,356,16580,458,-2060,-1229,-83,190,0.21308394775390624,9.923965881347655,0.2741360900878906,30.471176470588237,-33774.04580152672,-2280.916030534351,5221.374045801527
492985,0,0,0,4932353484,4914.15589,0.010005,340,16552,474,-2059,-1228,-81,184,0.20350714111328125,9.907206469726562,0.28371289672851563,30.474117647058826,-33746.564885496184,-2225.9541984732828,5056.488549618321
492986,0,0,0,4932363489,4914.165895,0.010005,374,16562,456,-2056,-1229,-88,188,0.22385785522460935,9.913191973876952,0.27293898925781246,30.48294117647059,-33774.04580152672,-2418.320610687023,5166.412213740458
492987,0,0,0,4932373494,4914.1759,0.010005,354,16550,452,-2058,-1234,-88,192,0.21188684692382811,9.906009368896484,0.2705447875976562,30.47705882352941,-33911.45038167939,-2418.320610687023,5276.335877862595
492988,0,0,0,4932383499,4914.185905,0.010005,354,16562,464,-2060,-1230,-80,181,0.21188684692382811,9.913191973876952,0.277727392578125,30.471176470588237,-33801.52671755725,-2198.4732824427483,4974.045801526718
492989,0,0,0,4932393505,4914.195911,0.010006,334,16542,480,-2062,-1227,-87,187,0.19991583862304688,9.90122096557617,0.28730419921875,30.465294117647062,-33719.08396946565,-2390.8396946564885,5138.931297709924
492990,0,0,0,4932403510,4914.205916,0.010005,366,16530,484,-2064,-1224,-90,187,0.21906945190429686,9.894038360595703,0.28969840087890625,30.459411764705884,-33636.64122137405,-2473.282442748092,5138.931297709924
492991,0,0,0,4932413515,4914.215921,0.010005,348,16536,430,-2066,-1223,-84,189,0.20829554443359374,9.897629663085937,0.25737667846679685,30.453529411764706,-33609.16030534351,-2308.3969465648856,5193.893129770992
492992,0,0,0,4932423520,4914.225926,0.010005,358,16580,510,-2063,-1228,-83,184,0.21428104858398436,9.923965881347655,0.30526071166992186,30.462352941176473,-33746.564885496184,-2280.916030534351,5056.488549618321
492993,0,0,0,4932433525,4914.235931,0.010005,376,16580,440,-2061,-1231,-88,187,0.22505495605468748,9.923965881347655,0.26336218261718747,30.468235294117648,-33829.00763358779,-2418.320610687023,5138.931297709924
492994,0,0,0,4932443531,4914.245937,0.010006,368,16548,430,-2061,-1229,-80,185,0.22026655273437498,9.904812268066406,0.25737667846679685,30.468235294117648,-33774.04580152672,-2198.4732824427483,5083.9694656488555
492995,0,0,0,4932453536,4914.255942,0.010005,382,16554,416,-2057,-1226,-87,187,0.22864625854492185,9.90840357055664,0.24899697265624998,30.48,-33691.603053435116,-2390.8396946564885,5138.931297709924
492996,0,0,0,4932463541,4914.265947,0.010005,362,16524,490,-2055,-1228,-102,184,0.2166752502441406,9.890447058105469,0.2932897033691406,30.48588235294118,-33746.564885496184,-2803.053435114504,5056.488549618321
492997,0,0,0,4932473546,4914.275952,0.010005,378,16558,462,-2057,-1224,-88,184,0.2262520568847656,9.910797772216796,0.2765302917480469,30.48,-33636.64122137405,-2418.320610687023,5056.488549618321
492998,0,0,0,4932483551,4914.285957,0.010005,360,16556,460,-2048,-1232,-81,179,0.2154781494140625,9.909600671386718,0.2753331909179687,30.506470588235295,-33856.48854961832,-2225.9541984732828,4919.083969465649
492999,0,0,0,4932493557,4914.295963,0.010006,376,16560,470,-2054,-1232,-83,189,0.22505495605468748,9.911994873046874,0.2813186950683594,30.488823529411768,-33856.48854961832,-2280.916030534351,5193.893129770992
493000,0,0,0,4932503562,4914.305968,0.010005,382,16546,476,-2056,-1233,-82,191,0.22864625854492185,9.903615167236328,0.28490999755859375,30.48294117647059,-33883.96946564886,-2253.4351145038167,5248.854961832061
493001,0,0,0,4932513567,4914.315973,0.010005,376,16522,436,-2057,-1236,-85,187,0.22505495605468748,9.889249957275391,0.2609679809570312,30.48,-33966.41221374046,-2335.87786259542,5138.931297709924
493002,0,0,0,4932523572,4914.325978,0.010005,382,16550,470,-2065,-1229,-85,183,0.22864625854492185,9.906009368896484,0.2813186950683594,30.456470588235295,-33774.04580152672,-2335.87786259542,5029.007633587787
493003,0,0,0,4932533578,4914.335984,0.010006,386,16552,440,-2055,-1230,-85,184,0.23104046020507812,9.907206469726562,0.26336218261718747,30.48588235294118,-33801.52671755725,-2335.87786259542,5056.488549618321
493004,0,0,0,4932543583,4914.345989,0.010005,388,16562,426,-2053,-1233,-85,180,0.23223756103515625,9.913191973876952,0.2549824768066406,30.491764705882353,-33883.96946564886,-2335.87786259542,4946.564885496184
493005,0,0,0,4932553588,4914.355994,0.010005,376,16522,510,-2052,-1236,-88,191,0.22505495605468748,9.889249957275391,0.30526071166992186,30.494705882352942,-33966.41221374046,-2418.320610687023,5248.854961832061
493006,0,0,0,4932563593,4914.365999,0.010005,412,16560,446,-2053,-1227,-87,193,0.24660277099609373,9.911994873046874,0.26695348510742184,30.491764705882353,-33719.08396946565,-2390.8396946564885,5303.81679389313
493007,0,0,0,4932573598,4914.376004,0.010005,356,16560,438,-2059,-1230,-88,191,0.21308394775390624,9.911994873046874,0.26216508178710934,30.474117647058826,-33801.52671755725,-2418.320610687023,5248.854961832061
493008,0,0,0,4932583604,4914.38601,0.010006,380,16534,472,-2063,-1228,-87,190,0.22744915771484372,9.896432562255859,0.2825157958984375,30.462352941176473,-33746.564885496184,-2390.8396946564885,5221.374045801527
493009,0,0,0,4932593609,4914.396015,0.010005,374,16530,434,-2059,-1227,-87,181,0.22385785522460935,9.894038360595703,0.2597708801269531,30.474117647058826,-33719.08396946565,-2390.8396946564885,4974.045801526718
493010,0,0,0,4932603614,4914.40602,0.010005,350,16536,496,-2061,-1226,-84,180,0.20949264526367187,9.897629663085937,0.296881005859375,30.468235294117648,-33691.603053435116,-2308.3969465648856,4946.564885496184
493011,0,0,0,4932613619,4914.416025,0.010005,344,16530,424,-2062,-1225,-91,182,0.2059013427734375,9.894038360595703,0.2537853759765625,30.465294117647062,-33664.122137404585,-2500.7633587786263,5001.526717557253
493012,0,0,0,4932623624,4914.42603,0.010005,410,16544,444,-2063,-1227,-89,190,0.2454056701660156,9.90241806640625,0.2657563842773437,30.462352941176473,-33719.08396946565,-2445.8015267175574,5221.374045801527
493013,0,0,0,4932633630,4914.436036,0.010006,390,16586,424,-2058,-1227,-85,196,0.23343466186523437,9.92755718383789,0.2537853759765625,30.47705882352941,-33719.08396946565,-2335.87786259542,5386.259541984733
493014,0,0,0,4932643635,4914.446041,0.010005,358,16540,444,-2060,-1231,-83,187,0.21428104858398436,9.900023864746093,0.2657563842773437,30.471176470588237,-33829.00763358779,-2280.916030534351,5138.931297709924
493015,0,0,0,4932653640,4914.456046,0.010005,442,16576,498,-2071,-1231,-90,185,0.2645592834472656,9.9215716796875,0.2980781066894531,30.438823529411767,-33829.00763358779,-2473.282442748092,5083.9694656488555
493016,0,0,0,4932663645,4914.466051,0.010005,350,16494,460,-2061,-1228,-81,178,0.20949264526367187,9.872490545654296,0.2753331909179687,30.468235294117648,-33746.564885496184,-2225.9541984732828,4891.603053435115
493017,0,0,0,4932673650,4914.476056,0.010005,390,16564,452,-2055,-1233,-89,184,0.23343466186523437,9.91438907470703,0.2705447875976562,30.48588235294118,-33883.96946564886,-2445.8015267175574,5056.488549618321
493018,0,0,0,4932683656,4914.486062,0.010006,372,16548,504,-2060,-1228,-86,187,0.22266075439453123,9.904812268066406,0.3016694091796875,30.471176470588237,-33746.564885496184,-2363.3587786259545,5138.931297709924
493019,0,0,0,4932693661,4914.496067,0.010005,406,16598,454,-2058,-1230,-81,187,0.24301146850585936,9.934739788818359,0.27174188842773433,30.47705882352941,-33801.52671755725,-2225.9541984732828,5138.931297709924
493020,0,0,0,4932703666,4914.506072,0.010005,358,16564,484,-2061,-1234,-82,184,0.21428104858398436,9.91438907470703,0.28969840087890625,30.468235294117648,-33911.45038167939,-2253.4351145038167,5056.488549618321
493021,0,0,0,4932713671,4914.516077,0.010005,356,16548,510,-2059,-1232,-75,179,0.21308394775390624,9.904812268066406,0.30526071166992186,30.474117647058826,-33856.48854961832,-2061.0687022900765,4919.083969465649
493022,0,0,0,4932723677,4914.526083,0.010006,368,16556,490,-2056,-1228,-83,183,0.22026655273437498,9.909600671386718,0.2932897033691406,30.48294117647059,-33746.564885496184,-2280.916030534351,5029.007633587787
493023,0,0,0,4932733682,4914.536088,0.010005,340,16528,482,-2062,-1228,-86,188,0.20350714111328125,9.892841259765625,0.2885013000488281,30.465294117647062,-33746.564885496184,-2363.3587786259545,5166.412213740458
493024,0,0,0,4932743687,4914.546093,0.010005,360,16522,450,-2062,-1235,-86,186,0.2154781494140625,9.889249957275391,0.2693476867675781,30.465294117647062,-33938.931297709925,-2363.3587786259545,5111.4503816793895
493025,0,0,0,4932753692,4914.556098,0.010005,340,16520,498,-2057,-1237,-86,178,0.20350714111328125,9.888052856445311,0.2980781066894531,30.48,-33993.89312977099,-2363.3587786259545,4891.603053435115
493026,0,0,0,4932763697,4914.566103,0.010005,358,16524,476,-2058,-1230,-83,191,0.21428104858398436,9.890447058105469,0.28490999755859375,30.47705882352941,-33801.52671755725,-2280.916030534351,5248.854961832061
493027,0,0,0,4932773703,4914.576109,0.010006,372,16568,458,-2060,-1231,-84,189,0.22266075439453123,9.916783276367187,0.2741360900878906,30.471176470588237,-33829.00763358779,-2308.3969465648856,5193.893129770992
493028,0,0,0,4932783708,4914.586114,0.010005,382,16600,428,-2057,-1231,-81,184,0.22864625854492185,9.935936889648437,0.2561795776367187,30.48,-33829.00763358779,-2225.9541984732828,5056.488549618321
493029,0,0,0,4932793713,4914.596119,0.010005,350,16556,490,-2055,-1219,-83,187,0.20949264526367187,9.909600671386718,0.2932897033691406,30.48588235294118,-33499.236641221374,-2280.916030534351,5138.931297709924
493030,0,0,0,4932803718,4914.606124,0.010005,362,16516,430,-2055,-1231,-91,188,0.2166752502441406,9.885658654785155,0.25737667846679685,30.48588235294118,-33829.00763358779,-2500.7633587786263,5166.412213740458
493031,0,0,0,4932813723,4914.616129,0.010005,364,16590,444,-2065,-1228,-92,180,0.21787235107421873,9.929951385498047,0.2657563842773437,30.456470588235295,-33746.564885496184,-2528.2442748091603,4946.564885496184
493032,0,0,0,4932823729,4914.626135,0.010006,384,16540,414,-2063,-1232,-95,180,0.229843359375,9.900023864746093,0.24779987182617186,30.462352941176473,-33856.48854961832,-2610.6870229007636,4946.564885496184
493033,0,0,0,4932833734,4914.63614,0.010005,334,16536,478,-2056,-1234,-83,179,0.19991583862304688,9.897629663085937,0.2861070983886719,30.48294117647059,-33911.45038167939,-2280.916030534351,4919.083969465649
493034,0,0,0,4932843739,4914.646145,0.010005,386,16558,472,-2058,-1229,-88,184,0.23104046020507812,9.910797772216796,0.2825157958984375,30.47705882352941,-33774.04580152672,-2418.320610687023,5056.488549618321
493035,0,0,0,4932853744,4914.65615,0.010005,384,16524,460,-2056,-1228,-89,187,0.229843359375,9.890447058105469,0.2753331909179687,30.48294117647059,-33746.564885496184,-2445.8015267175574,5138.931297709924
493036,0,0,0,4932863749,4914.666155,0.010005,352,16550,494,-2054,-1232,-84,191,0.21068974609375,9.906009368896484,0.29568390502929687,30.488823529411768,-33856.48854961832,-2308.3969465648856,5248.854961832061
493037,0,0,0,4932873755,4914.676161,0.010006,370,16528,460,-2062,-1232,-77,186,0.2214636535644531,9.892841259765625,0.2753331909179687,30.465294117647062,-33856.48854961832,-2116.030534351145,5111.4503816793895
493038,0,0,0,4932883760,4914.686166,0.010005,362,16544,484,-2061,-1234,-84,183,0.2166752502441406,9.90241806640625,0.28969840087890625,30.468235294117648,-33911.45038167939,-2308.3969465648856,5029.007633587787
493039,0,0,0,4932893765,4914.696171,0.010005,360,16548,476,-2062,-1228,-84,182,0.2154781494140625,9.904812268066406,0.28490999755859375,30.465294117647062,-33746.564885496184,-2308.3969465648856,5001.526717557253
493040,0,0,0,4932903770,4914.706176,0.010005,360,16536,464,-2056,-1229,-89,182,0.2154781494140625,9.897629663085937,0.277727392578125,30.48294117647059,-33774.04580152672,-2445.8015267175574,5001.526717557253
493041,0,0,0,4932913776,4914.716182,0.010006,384,16518,450,-2055,-1234,-89,183,0.229843359375,9.886855755615233,0.2693476867675781,30.48588235294118,-33911.45038167939,-2445.8015267175574,5029.007633587787
493042,0,0,0,4932923781,4914.726187,0.010005,412,16576,476,-2061,-1227,-83,184,0.24660277099609373,9.9215716796875,0.28490999755859375,30.468235294117648,-33719.08396946565,-2280.916030534351,5056.488549618321
493043,0,0,0,4932933786,4914.736192,0.010005,388,16560,476,-2059,-1230,-84,185,0.23223756103515625,9.911994873046874,0.28490999755859375,30.474117647058826,-33801.52671755725,-2308.3969465648856,5083.9694656488555
493044,0,0,0,4932943791,4914.746197,0.010005,358,16576,424,-2060,-1228,-81,189,0.21428104858398436,9.9215716796875,0.2537853759765625,30.471176470588237,-33746.564885496184,-2225.9541984732828,5193.893129770992
493045,0,0,0,4932953796,4914.756202,0.010005,348,16532,498,-2057,-1231,-86,189,0.20829554443359374,9.89523546142578,0.2980781066894531,30.48,-33829.00763358779,-2363.3587786259545,5193.893129770992
493046,0,0,0,4932963802,4914.766208,0.010006,350,16510,472,-2056,-1230,-79,184,0.20949264526367187,9.882067352294921,0.2825157958984375,30.48294117647059,-33801.52671755725,-2170.992366412214,5056.488549618321
493047,0,0,0,4932973807,4914.776213,0.010005,418,16516,456,-2064,-1225,-87,186,0.2501940734863281,9.885658654785155,0.27293898925781246,30.459411764705884,-33664.122137404585,-2390.8396946564885,5111.4503816793895
493048,0,0,0,4932983812,4914.786218,0.010005,358,16554,452,-2057,-1228,-91,182,0.21428104858398436,9.90840357055664,0.2705447875976562,30.48,-33746.564885496184,-2500.7633587786263,5001.526717557253
493049,0,0,0,4932993817,4914.796223,0.010005,382,16502,464,-2064,-1237,-80,181,0.22864625854492185,9.87727894897461,0.277727392578125,30.459411764705884,-33993.89312977099,-2198.4732824427483,4974.045801526718
493050,0,0,0,4933003822,4914.806228,0.010005,368,16532,452,-2058,-1228,-80,191,0.22026655273437498,9.89523546142578,0.2705447875976562,30.47705882352941,-33746.564885496184,-2198.4732824427483,5248.854961832061
493051,0,0,0,4933013828,4914.816234,0.010006,402,16526,438,-2063,-1232,-85,190,0.24061726684570311,9.891644158935547,0.26216508178710934,30.462352941176473,-33856.48854961832,-2335.87786259542,5221.374045801527
493052,0,0,0,4933023833,4914.826239,0.010005,342,16542,462,-2056,-1239,-84,188,0.20470424194335937,9.90122096557617,0.2765302917480469,30.48294117647059,-34048.85496183206,-2308.3969465648856,5166.412213740458
493053,0,0,0,4933033838,4914.836244,0.010005,328,16546,384,-2053,-1231,-88,184,0.19632453613281248,9.903615167236328,0.229843359375,30.491764705882353,-33829.00763358779,-2418.320610687023,5056.488549618321
493054,0,0,0,4933043843,4914.846249,0.010005,342,16514,446,-2057,-1228,-89,184,0.20470424194335937,9.884461553955077,0.26695348510742184,30.48,-33746.564885496184,-2445.8015267175574,5056.488549618321
493055,0,0,0,4933053849,4914.856255,0.010006,344,16560,456,-2051,-1226,-83,185,0.2059013427734375,9.911994873046874,0.27293898925781246,30.49764705882353,-33691.603053435116,-2280.916030534351,5083.9694656488555
493056,0,0,0,4933063854,4914.86626,0.010005,308,16538,476,-2048,-1227,-80,187,0.18435352783203124,9.898826763916015,0.28490999755859375,30.506470588235295,-33719.08396946565,-2198.4732824427483,5138.931297709924
493057,0,0,0,4933073859,4914.876265,0.010005,398,16562,420,-2054,-1232,-92,186,0.23822306518554687,9.913191973876952,0.25139117431640623,30.488823529411768,-33856.48854961832,-2528.2442748091603,5111.4503816793895
493058,0,0,0,4933083864,4914.88627,0.010005,342,16548,458,-2052,-1228,-87,187,0.20470424194335937,9.904812268066406,0.2741360900878906,30.494705882352942,-33746.564885496184,-2390.8396946564885,5138.931297709924
493059,0,0,0,4933093869,4914.896275,0.010005,388,16560,442,-2059,-1227,-92,195,0.23223756103515625,9.911994873046874,0.2645592834472656,30.474117647058826,-33719.08396946565,-2528.2442748091603,5358.778625954199
493060,0,0,0,4933103875,4914.906281,0.010006,360,16568,466,-2058,-1226,-83,190,0.2154781494140625,9.916783276367187,0.27892449340820313,30.47705882352941,-33691.603053435116,-2280.916030534351,5221.374045801527
493061,0,0,0,4933113880,4914.916286,0.010005,378,16520,456,-2053,-1228,-90,193,0.2262520568847656,9.888052856445311,0.27293898925781246,30.491764705882353,-33746.564885496184,-2473.282442748092,5303.81679389313
493062,0,0,0,4933123885,4914.926291,0.010005,358,16524,516,-2053,-1224,-83,187,0.21428104858398436,9.890447058105469,0.30885201416015623,30.491764705882353,-33636.64122137405,-2280.916030534351,5138.931297709924
493063,0,0,0,4933133890,4914.936296,0.010005,412,16584,504,-2056,-1236,-81,190,0.24660277099609373,9.926360083007811,0.3016694091796875,30.48294117647059,-33966.41221374046,-2225.9541984732828,5221.374045801527
493064,0,0,0,4933143895,4914.946301,0.010005,360,16536,398,-2059,-1225,-92,182,0.2154781494140625,9.897629663085937,0.23822306518554687,30.474117647058826,-33664.122137404585,-2528.2442748091603,5001.526717557253
493065,0,0,0,4933153901,4914.956307,0.010006,414,16586,480,-2059,-1230,-88,182,0.24779987182617186,9.92755718383789,0.28730419921875,30.474117647058826,-33801.52671755725,-2418.320610687023,5001.526717557253
493066,0,0,0,4933163906,4914.966312,0.010005,422,16542,466,-2061,-1225,-87,192,0.25258827514648435,9.90122096557617,0.27892449340820313,30.468235294117648,-33664.122137404585,-2390.8396946564885,5276.335877862595
493067,0,0,0,4933173911,4914.976317,0.010005,368,16538,448,-2062,-1225,-82,186,0.22026655273437498,9.898826763916015,0.26815058593749996,30.465294117647062,-33664.122137404585,-2253.4351145038167,5111.4503816793895
493068,0,0,0,4933183916,4914.986322,0.010005,380,16506,490,-2061,-1230,-90,185,0.22744915771484372,9.879673150634765,0.2932897033691406,30.468235294117648,-33801.52671755725,-2473.282442748092,5083.9694656488555
493069,0,0,0,4933193921,4914.996327,0.010005,336,16546,448,-2055,-1233,-85,181,0.201112939453125,9.903615167236328,0.26815058593749996,30.48588235294118,-33883.96946564886,-2335.87786259542,4974.045801526718
493070,0,0,0,4933203927,4915.006333,0.010006,346,16572,514,-2059,-1234,-86,187,0.20709844360351562,9.919177478027343,0.3076549133300781,30.474117647058826,-33911.45038167939,-2363.3587786259545,5138.931297709924
493071,0,0,0,4933213932,4915.016338,0.010005,416,16554,506,-2057,-1232,-89,180,0.24899697265624998,9.90840357055664,0.3028665100097656,30.48,-33856.48854961832,-2445.8015267175574,4946.564885496184
493072,0,0,0,4933223937,4915.026343,0.010005,372,16554,480,-2060,-1226,-88,187,0.22266075439453123,9.90840357055664,0.28730419921875,30.471176470588237,-33691.603053435116,-2418.320610687023,5138.931297709924
493073,0,0,0,4933233942,4915.036348,0.010005,380,16536,456,-2057,-1236,-86,189,0.22744915771484372,9.897629663085937,0.27293898925781246,30.48,-33966.41221374046,-2363.3587786259545,5193.893129770992
493074,0,0,0,4933243948,4915.046354,0.010006,378,16532,520,-2055,-1227,-84,185,0.2262520568847656,9.89523546142578,0.3112462158203125,30.48588235294118,-33719.08396946565,-2308.3969465648856,5083.9694656488555
493075,0,0,0,4933253953,4915.056359,0.010005,398,16518,514,-2058,-1231,-90,180,0.23822306518554687,9.886855755615233,0.3076549133300781,30.47705882352941,-33829.00763358779,-2473.282442748092,4946.564885496184
493076,0,0,0,4933263958,4915.066364,0.010005,398,16532,448,-2059,-1230,-87,183,0.23822306518554687,9.89523546142578,0.26815058593749996,30.474117647058826,-33801.52671755725,-2390.8396946564885,5029.007633587787
493077,0,0,0,4933273963,4915.076369,0.010005,352,16542,534,-2058,-1230,-83,187,0.21068974609375,9.90122096557617,0.31962592163085934,30.47705882352941,-33801.52671755725,-2280.916030534351,5138.931297709924
493078,0,0,0,4933283968,4915.086374,0.010005,404,16552,458,-2060,-1222,-86,181,0.24181436767578124,9.907206469726562,0.2741360900878906,30.471176470588237,-33581.67938931298,-2363.3587786259545,4974.045801526718
493079,0,0,0,4933293974,4915.09638,0.010006,350,16534,446,-2054,-1219,-81,190,0.20949264526367187,9.896432562255859,0.26695348510742184,30.488823529411768,-33499.236641221374,-2225.9541984732828,5221.374045801527
493080,0,0,0,4933303979,4915.106385,0.010005,344,16586,502,-2060,-1223,-88,179,0.2059013427734375,9.92755718383789,0.30047230834960936,30.471176470588237,-33609.16030534351,-2418.320610687023,4919.083969465649
493081,0,0,0,4933313984,4915.11639,0.010005,342,16566,484,-2060,-1229,-82,192,0.20470424194335937,9.91558617553711,0.28969840087890625,30.471176470588237,-33774.04580152672,-2253.4351145038167,5276.335877862595
493082,0,0,0,4933323989,4915.126395,0.010005,368,16538,492,-2054,-1229,-84,196,0.22026655273437498,9.898826763916015,0.29448680419921874,30.488823529411768,-33774.04580152672,-2308.3969465648856,5386.259541984733
493083,0,0,0,4933333994,4915.1364,0.010005,334,16550,442,-2054,-1231,-87,187,0.19991583862304688,9.906009368896484,0.2645592834472656,30.488823529411768,-33829.00763358779,-2390.8396946564885,5138.931297709924
493084,0,0,0,4933344000,4915.146406,0.010006,358,16548,494,-2060,-1232,-87,189,0.21428104858398436,9.904812268066406,0.29568390502929687,30.471176470588237,-33856.48854961832,-2390.8396946564885,5193.893129770992
493085,0,0,0,4933354005,4915.156411,0.010005,410,16544,508,-2057,-1230,-80,179,0.2454056701660156,9.90241806640625,0.30406361083984373,30.48,-33801.52671755725,-2198.4732824427483,4919.083969465649
493086,0,0,0,4933364010,4915.166416,0.010005,356,16556,510,-2057,-1230,-90,178,0.21308394775390624,9.909600671386718,0.30526071166992186,30.48,-33801.52671755725,-2473.282442748092,4891.603053435115
493087,0,0,0,4933374015,4915.176421,0.010005,366,16578,460,-2057,-1232,-88,183,0.21906945190429686,9.922768780517577,0.2753331909179687,30.48,-33856.48854961832,-2418.320610687023,5029.007633587787
493088,0,0,0,4933384021,4915.186427,0.010006,394,16542,490,-2058,-1228,-90,182,0.23582886352539062,9.90122096557617,0.2932897033691406,30.47705882352941,-33746.564885496184,-2473.282442748092,5001.526717557253
493089,0,0,0,4933394026,4915.196432,0.010005,372,16550,474,-2057,-1231,-89,185,0.22266075439453123,9.906009368896484,0.28371289672851563,30.48,-33829.00763358779,-2445.8015267175574,5083.9694656488555
493090,0,0,0,4933404031,4915.206437,0.010005,398,16534,498,-2057,-1232,-89,188,0.23822306518554687,9.896432562255859,0.2980781066894531,30.48,-33856.48854961832,-2445.8015267175574,5166.412213740458
493091,0,0,0,4933414036,4915.216442,0.010005,368,16546,420,-2056,-1234,-92,184,0.22026655273437498,9.903615167236328,0.25139117431640623,30.48294117647059,-33911.45038167939,-2528.2442748091603,5056.488549618321
493092,0,0,0,4933424041,4915.226447,0.010005,374,16552,450,-2056,-1225,-89,177,0.22385785522460935,9.907206469726562,0.2693476867675781,30.48294117647059,-33664.122137404585,-2445.8015267175574,4864.122137404581
493093,0,0,0,4933434047,4915.236453,0.010006,364,16546,422,-2059,-1230,-86,184,0.21787235107421873,9.903615167236328,0.25258827514648435,30.474117647058826,-33801.52671755725,-2363.3587786259545,5056.488549618321
493094,0,0,0,4933444052,4915.246458,0.010005,390,16528,478,-2062,-1231,-80,185,0.23343466186523437,9.892841259765625,0.2861070983886719,30.465294117647062,-33829.00763358779,-2198.4732824427483,5083.9694656488555
493095,0,0,0,4933454057,4915.256463,0.010005,396,16596,426,-2062,-1229,-81,188,0.23702596435546874,9.93354268798828,0.2549824768066406,30.465294117647062,-33774.04580152672,-2225.9541984732828,5166.412213740458
493096,0,0,0,4933464062,4915.266468,0.010005,370,16552,498,-2061,-1227,-81,187,0.2214636535644531,9.907206469726562,0.2980781066894531,30.468235294117648,-33719.08396946565,-2225.9541984732828,5138.931297709924
493097,0,0,0,4933474067,4915.276473,0.010005,360,16562,488,-2060,-1228,-87,186,0.2154781494140625,9.913191973876952,0.2920926025390625,30.471176470588237,-33746.564885496184,-2390.8396946564885,5111.4503816793895
493098,0,0,0,4933484073,4915.286479,0.010006,360,16526,508,-2059,-1223,-84,185,0.2154781494140625,9.891644158935547,0.30406361083984373,30.474117647058826,-33609.16030534351,-2308.3969465648856,5083.9694656488555
493099,0,0,0,4933494078,4915.296484,0.010005,398,16534,474,-2061,-1229,-84,189,0.23822306518554687,9.896432562255859,0.28371289672851563,30.468235294117648,-33774.04580152672,-2308.3969465648856,5193.893129770992
493100,0,0,0,4933504083,4915.306489,0.010005,374,16508,476,-2054,-1235,-87,183,0.22385785522460935,9.880870251464843,0.28490999755859375,30.488823529411768,-33938.931297709925,-2390.8396946564885,5029.007633587787
493101,0,0,0,4933514088,4915.316494,0.010005,362,16520,518,-2061,-1228,-87,182,0.2166752502441406,9.888052856445311,0.31004911499023435,30.468235294117648,-33746.564885496184,-2390.8396946564885,5001.526717557253
493102,0,0,0,4933524093,4915.326499,0.010005,406,16592,476,-2063,-1227,-87,190,0.24301146850585936,9.931148486328125,0.28490999755859375,30.462352941176473,-33719.08396946565,-2390.8396946564885,5221.374045801527
493103,0,0,0,4933534099,4915.336505,0.010006,350,16556,444,-2060,-1236,-80,188,0.20949264526367187,9.909600671386718,0.2657563842773437,30.471176470588237,-33966.41221374046,-2198.4732824427483,5166.412213740458
493104,0,0,0,4933544104,4915.34651,0.010005,370,16538,468,-2054,-1231,-86,185,0.2214636535644531,9.898826763916015,0.28012159423828126,30.488823529411768,-33829.00763358779,-2363.3587786259545,5083.9694656488555
493105,0,0,0,4933554109,4915.356515,0.010005,396,16544,444,-2059,-1229,-85,186,0.23702596435546874,9.90241806640625,0.2657563842773437,30.474117647058826,-33774.04580152672,-2335.87786259542,5111.4503816793895
493106,0,0,0,4933564114,4915.36652,0.010005,342,16552,454,-2056,-1228,-93,187,0.20470424194335937,9.907206469726562,0.27174188842773433,30.48294117647059,-33746.564885496184,-2555.7251908396947,5138.931297709924
493107,0,0,0,4933574120,4915.376526,0.010006,350,16546,476,-2060,-1226,-84,187,0.20949264526367187,9.903615167236328,0.28490999755859375,30.471176470588237,-33691.603053435116,-2308.3969465648856,5138.931297709924
493108,0,0,0,4933584125,4915.386531,0.010005,348,16552,526,-2063,-1229,-83,187,0.20829554443359374,9.907206469726562,0.31483751831054685,30.462352941176473,-33774.04580152672,-2280.916030534351,5138.931297709924
493109,0,0,0,4933594130,4915.396536,0.010005,390,16548,450,-2061,-1236,-90,186,0.23343466186523437,9.904812268066406,0.2693476867675781,30.468235294117648,-33966.41221374046,-2473.282442748092,5111.4503816793895
493110,0,0,0,4933604135,4915.406541,0.010005,370,16602,412,-2058,-1234,-87,180,0.2214636535644531,9.937133990478515,0.24660277099609373,30.47705882352941,-33911.45038167939,-2390.8396946564885,4946.564885496184
493111,0,0,0,4933614140,4915.416546,0.010005,368,16562,474,-2057,-1231,-85,181,0.22026655273437498,9.913191973876952,0.28371289672851563,30.48,-33829.00763358779,-2335.87786259542,4974.045801526718
493112,0,0,0,4933624146,4915.426552,0.010006,340,16574,454,-2055,-1231,-78,187,0.20350714111328125,9.920374578857421,0.27174188842773433,30.48588235294118,-33829.00763358779,-2143.5114503816794,5138.931297709924
493113,0,0,0,4933634151,4915.436557,0.010005,394,16510,520,-2058,-1226,-87,196,0.23582886352539062,9.882067352294921,0.3112462158203125,30.47705882352941,-33691.603053435116,-2390.8396946564885,5386.259541984733
493114,0,0,0,4933644156,4915.446562,0.010005,362,16578,468,-2061,-1231,-91,193,0.2166752502441406,9.922768780517577,0.28012159423828126,30.468235294117648,-33829.00763358779,-2500.7633587786263,5303.81679389313
493115,0,0,0,4933654161,4915.456567,0.010005,376,16542,476,-2062,-1230,-91,186,0.22505495605468748,9.90122096557617,0.28490999755859375,30.465294117647062,-33801.52671755725,-2500.7633587786263,5111.4503816793895
493116,0,0,0,4933664166,4915.466572,0.010005,384,16564,466,-2057,-1227,-86,183,0.229843359375,9.91438907470703,0.27892449340820313,30.48,-33719.08396946565,-2363.3587786259545,5029.007633587787
493117,0,0,0,4933674172,4915.476578,0.010006,396,16554,498,-2068,-1230,-88,191,0.23702596435546874,9.90840357055664,0.2980781066894531,30.44764705882353,-33801.52671755725,-2418.320610687023,5248.854961832061
493118,0,0,0,4933684177,4915.486583,0.010005,372,16574,512,-2061,-1229,-90,186,0.22266075439453123,9.920374578857421,0.3064578125,30.468235294117648,-33774.04580152672,-2473.282442748092,5111.4503816793895
493119,0,0,0,4933694182,4915.496588,0.010005,376,16556,458,-2060,-1223,-88,186,0.22505495605468748,9.909600671386718,0.2741360900878906,30.471176470588237,-33609.16030534351,-2418.320610687023,5111.4503816793895
493120,0,0,0,4933704187,4915.506593,0.010005,368,16544,476,-2054,-1225,-85,188,0.22026655273437498,9.90241806640625,0.28490999755859375,30.488823529411768,-33664.122137404585,-2335.87786259542,5166.412213740458
493121,0,0,0,4933714193,4915.516599,0.010006,360,16540,512,-2054,-1234,-80,190,0.2154781494140625,9.900023864746093,0.3064578125,30.488823529411768,-33911.45038167939,-2198.4732824427483,5221.374045801527
493122,0,0,0,4933724198,4915.526604,0.010005,392,16534,524,-2055,-1232,-86,186,0.2346317626953125,9.896432562255859,0.3136404174804687,30.48588235294118,-33856.48854961832,-2363.3587786259545,5111.4503816793895
493123,0,0,0,4933734203,4915.536609,0.010005,368,16536,462,-2054,-1238,-85,185,0.22026655273437498,9.897629663085937,0.2765302917480469,30.488823529411768,-34021.37404580153,-2335.87786259542,5083.9694656488555
493124,0,0,0,4933744208,4915.546614,0.010005,396,16530,482,-2055,-1234,-89,187,0.23702596435546874,9.894038360595703,0.2885013000488281,30.48588235294118,-33911.45038167939,-2445.8015267175574,5138.931297709924
493125,0,0,0,4933754213,4915.556619,0.010005,368,16524,466,-2057,-1228,-84,190,0.22026655273437498,9.890447058105469,0.27892449340820313,30.48,-33746.564885496184,-2308.3969465648856,5221.374045801527
493126,0,0,0,4933764219,4915.566625,0.010006,380,16556,482,-2057,-1232,-82,185,0.22744915771484372,9.909600671386718,0.2885013000488281,30.48,-33856.48854961832,-2253.4351145038167,5083.9694656488555
493127,0,0,0,4933774224,4915.57663,0.010005,412,16546,528,-2056,-1231,-93,175,0.24660277099609373,9.903615167236328,0.316034619140625,30.48294117647059,-33829.00763358779,-2555.7251908396947,4809.160305343512
493128,0,0,0,4933784229,4915.586635,0.010005,370,16588,502,-2055,-1231,-90,185,0.2214636535644531,9.928754284667969,0.30047230834960936,30.48588235294118,-33829.00763358779,-2473.282442748092,5083.9694656488555
493129,0,0,0,4933794234,4915.59664,0.010005,386,16486,472,-2060,-1224,-90,187,0.23104046020507812,9.867702142333984,0.2825157958984375,30.471176470588237,-33636.64122137405,-2473.282442748092,5138.931297709924
493130,0,0,0,4933804239,4915.606645,0.010005,380,16564,492,-2056,-1229,-86,191,0.22744915771484372,9.91438907470703,0.29448680419921874,30.48294117647059,-33774.04580152672,-2363.3587786259545,5248.854961832061
493131,0,0,0,4933814245,4915.616651,0.010006,342,16528,510,-2061,-1233,-81,187,0.20470424194335937,9.892841259765625,0.30526071166992186,30.468235294117648,-33883.96946564886,-2225.9541984732828,5138.931297709924
493132,0,0,0,4933824250,4915.626656,0.010005,348,16580,464,-2057,-1228,-91,176,0.20829554443359374,9.923965881347655,0.277727392578125,30.48,-33746.564885496184,-2500.7633587786263,4836.641221374046
493133,0,0,0,4933834255,4915.636661,0.010005,378,16574,458,-2056,-1226,-81,187,0.2262520568847656,9.920374578857421,0.2741360900878906,30.48294117647059,-33691.603053435116,-2225.9541984732828,5138.931297709924
493134,0,0,0,4933844260,4915.646666,0.010005,356,16506,502,-2054,-1226,-79,184,0.21308394775390624,9.879673150634765,0.30047230834960936,30.488823529411768,-33691.603053435116,-2170.992366412214,5056.488549618321
493135,0,0,0,4933854265,4915.656671,0.010005,360,16550,426,-2056,-1226,-79,183,0.2154781494140625,9.906009368896484,0.2549824768066406,30.48294117647059,-33691.603053435116,-2170.992366412214,5029.007633587787
493136,0,0,0,4933864271,4915.666677,0.010006,390,16534,444,-2056,-1226,-82,184,0.23343466186523437,9.896432562255859,0.2657563842773437,30.48294117647059,-33691.603053435116,-2253.4351145038167,5056.488549618321
493137,0,0,0,4933874276,4915.676682,0.010005,416,16594,498,-2053,-1230,-84,187,0.24899697265624998,9.932345587158203,0.2980781066894531,30.491764705882353,-33801.52671755725,-2308.3969465648856,5138.931297709924
493138,0,0,0,4933884281,4915.686687,0.010005,372,16544,440,-2062,-1229,-89,188,0.22266075439453123,9.90241806640625,0.26336218261718747,30.465294117647062,-33774.04580152672,-2445.8015267175574,5166.412213740458
493139,0,0,0,4933894286,4915.696692,0.010005,378,16552,528,-2060,-1233,-75,186,0.2262520568847656,9.907206469726562,0.316034619140625,30.471176470588237,-33883.96946564886,-2061.0687022900765,5111.4503816793895
493140,0,0,0,4933904292,4915.706698,0.010006,388,16544,480,-2061,-1228,-84,191,0.23223756103515625,9.90241806640625,0.28730419921875,30.468235294117648,-33746.564885496184,-2308.3969465648856,5248.854961832061
493141,0,0,0,4933914297,4915.716703,0.010005,374,16536,490,-2058,-1227,-83,191,0.22385785522460935,9.897629663085937,0.2932897033691406,30.47705882352941,-33719.08396946565,-2280.916030534351,5248.854961832061
493142,0,0,0,4933924302,4915.726708,0.010005,398,16554,434,-2060,-1234,-86,195,0.23822306518554687,9.90840357055664,0.2597708801269531,30.471176470588237,-33911.45038167939,-2363.3587786259545,5358.778625954199
493143,0,0,0,4933934307,4915.736713,0.010005,360,16578,458,-2059,-1227,-91,194,0.2154781494140625,9.922768780517577,0.2741360900878906,30.474117647058826,-33719.08396946565,-2500.7633587786263,5331.297709923664
493144,0,0,0,4933944312,4915.746718,0.010005,428,16546,420,-2054,-1230,-83,188,0.2561795776367187,9.903615167236328,0.25139117431640623,30.488823529411768,-33801.52671755725,-2280.916030534351,5166.412213740458
493145,0,0,0,4933954318,4915.756724,0.010006,358,16548,458,-2057,-1232,-84,182,0.21428104858398436,9.904812268066406,0.2741360900878906,30.48,-33856.48854961832,-2308.3969465648856,5001.526717557253
493146,0,0,0,4933964323,4915.766729,0.010005,366,16558,492,-2054,-1232,-80,184,0.21906945190429686,9.910797772216796,0.29448680419921874,30.488823529411768,-33856.48854961832,-2198.4732824427483,5056.488549618321
493147,0,0,0,4933974328,4915.776734,0.010005,396,16560,478,-2055,-1230,-83,171,0.23702596435546874,9.911994873046874,0.2861070983886719,30.48588235294118,-33801.52671755725,-2280.916030534351,4699.236641221374
493148,0,0,0,4933984333,4915.786739,0.010005,400,16534,466,-2065,-1232,-82,184,0.239420166015625,9.896432562255859,0.27892449340820313,30.456470588235295,-33856.48854961832,-2253.4351145038167,5056.488549618321
493149,0,0,0,4933994338,4915.796744,0.010005,352,16504,484,-2065,-1236,-91,179,0.21068974609375,9.878476049804688,0.28969840087890625,30.456470588235295,-33966.41221374046,-2500.7633587786263,4919.083969465649
493150,0,0,0,4934004344,4915.80675,0.010006,384,16572,400,-2061,-1233,-84,188,0.229843359375,9.919177478027343,0.239420166015625,30.468235294117648,-33883.96946564886,-2308.3969465648856,5166.412213740458
493151,0,0,0,4934014349,4915.816755,0.010005,368,16542,440,-2053,-1226,-88,188,0.22026655273437498,9.90122096557617,0.26336218261718747,30.491764705882353,-33691.603053435116,-2418.320610687023,5166.412213740458
493152,0,0,0,4934024354,4915.82676,0.010005,374,16526,404,-2049,-1232,-84,194,0.22385785522460935,9.891644158935547,0.24181436767578124,30.503529411764706,-33856.48854961832,-2308.3969465648856,5331.297709923664
493153,0,0,0,4934034359,4915.836765,0.010005,386,16538,450,-2050,-1229,-77,186,0.23104046020507812,9.898826763916015,0.2693476867675781,30.500588235294117,-33774.04580152672,-2116.030534351145,5111.4503816793895
493154,0,0,0,4934044364,4915.84677,0.010005,380,16554,468,-2059,-1227,-79,189,0.22744915771484372,9.90840357055664,0.28012159423828126,30.474117647058826,-33719.08396946565,-2170.992366412214,5193.893129770992
493155,0,0,0,4934054370,4915.856776,0.010006,384,16534,400,-2054,-1236,-89,189,0.229843359375,9.896432562255859,0.239420166015625,30.488823529411768,-33966.41221374046,-2445.8015267175574,5193.893129770992
493156,0,0,0,4934064375,4915.866781,0.010005,382,16596,462,-2056,-1226,-92,189,0.22864625854492185,9.93354268798828,0.2765302917480469,30.48294117647059,-33691.603053435116,-2528.2442748091603,5193.893129770992
493157,0,0,0,4934074380,4915.876786,0.010005,352,16554,454,-2060,-1231,-89,182,0.21068974609375,9.90840357055664,0.27174188842773433,30.471176470588237,-33829.00763358779,-2445.8015267175574,5001.526717557253
493158,0,0,0,4934084385,4915.886791,0.010005,398,16516,516,-2057,-1234,-83,183,0.23822306518554687,9.885658654785155,0.30885201416015623,30.48,-33911.45038167939,-2280.916030534351,5029.007633587787
493159,0,0,0,4934094391,4915.896797,0.010006,394,16548,462,-2062,-1229,-84,180,0.23582886352539062,9.904812268066406,0.2765302917480469,30.465294117647062,-33774.04580152672,-2308.3969465648856,4946.564885496184
493160,0,0,0,4934104396,4915.906802,0.010005,374,16530,438,-2060,-1231,-87,185,0.22385785522460935,9.894038360595703,0.26216508178710934,30.471176470588237,-33829.00763358779,-2390.8396946564885,5083.9694656488555
493161,0,0,0,4934114401,4915.916807,0.010005,352,16612,454,-2060,-1232,-86,182,0.21068974609375,9.943119494628906,0.27174188842773433,30.471176470588237,-33856.48854961832,-2363.3587786259545,5001.526717557253
493162,0,0,0,4934124406,4915.926812,0.010005,354,16574,464,-2063,-1231,-91,184,0.21188684692382811,9.920374578857421,0.277727392578125,30.462352941176473,-33829.00763358779,-2500.7633587786263,5056.488549618321
493163,0,0,0,4934134411,4915.936817,0.010005,366,16566,526,-2061,-1230,-89,187,0.21906945190429686,9.91558617553711,0.31483751831054685,30.468235294117648,-33801.52671755725,-2445.8015267175574,5138.931297709924
493164,0,0,0,4934144417,4915.946823,0.010006,352,16560,542,-2061,-1226,-90,183,0.21068974609375,9.911994873046874,0.32441432495117184,30.468235294117648,-33691.603053435116,-2473.282442748092,5029.007633587787
493165,0,0,0,4934154422,4915.956828,0.010005,338,16580,400,-2057,-1232,-80,183,0.20231004028320312,9.923965881347655,0.239420166015625,30.48,-33856.48854961832,-2198.4732824427483,5029.007633587787
493166,0,0,0,4934164427,4915.966833,0.010005,380,16558,456,-2060,-1229,-85,185,0.22744915771484372,9.910797772216796,0.27293898925781246,30.471176470588237,-33774.04580152672,-2335.87786259542,5083.9694656488555
493167,0,0,0,4934174432,4915.976838,0.010005,384,16570,412,-2060,-1233,-89,189,0.229843359375,9.917980377197265,0.24660277099609373,30.471176470588237,-33883.96946564886,-2445.8015267175574,5193.893129770992
493168,0,0,0,4934184437,4915.986843,0.010005,348,16534,478,-2057,-1229,-87,184,0.20829554443359374,9.896432562255859,0.2861070983886719,30.48,-33774.04580152672,-2390.8396946564885,5056.488549618321
493169,0,0,0,4934194443,4915.996849,0.010006,350,16568,446,-2058,-1233,-78,182,0.20949264526367187,9.916783276367187,0.26695348510742184,30.47705882352941,-33883.96946564886,-2143.5114503816794,5001.526717557253
493170,0,0,0,4934204448,4916.006854,0.010005,318,16552,436,-2053,-1236,-87,181,0.19033903198242186,9.907206469726562,0.2609679809570312,30.491764705882353,-33966.41221374046,-2390.8396946564885,4974.045801526718
493171,0,0,0,4934214453,4916.016859,0.010005,372,16588,436,-2053,-1228,-86,192,0.22266075439453123,9.928754284667969,0.2609679809570312,30.491764705882353,-33746.564885496184,-2363.3587786259545,5276.335877862595
493172,0,0,0,4934224458,4916.026864,0.010005,386,16580,468,-2053,-1229,-88,199,0.23104046020507812,9.923965881347655,0.28012159423828126,30.491764705882353,-33774.04580152672,-2418.320610687023,5468.702290076336
493173,0,0,0,4934234464,4916.03687,0.010006,364,16560,418,-2055,-1223,-91,191,0.21787235107421873,9.911994873046874,0.2501940734863281,30.48588235294118,-33609.16030534351,-2500.7633587786263,5248.854961832061
493174,0,0,0,4934244469,4916.046875,0.010005,360,16526,454,-2050,-1233,-77,181,0.2154781494140625,9.891644158935547,0.27174188842773433,30.500588235294117,-33883.96946564886,-2116.030534351145,4974.045801526718
493175,0,0,0,4934254474,4916.05688,0.010005,396,16542,444,-2056,-1235,-80,181,0.23702596435546874,9.90122096557617,0.2657563842773437,30.48294117647059,-33938.931297709925,-2198.4732824427483,4974.045801526718
493176,0,0,0,4934264479,4916.066885,0.010005,362,16620,504,-2056,-1229,-82,187,0.2166752502441406,9.947907897949218,0.3016694091796875,30.48294117647059,-33774.04580152672,-2253.4351145038167,5138.931297709924
493177,0,0,0,4934274484,4916.07689,0.010005,384,16530,504,-2058,-1230,-80,187,0.229843359375,9.894038360595703,0.3016694091796875,30.47705882352941,-33801.52671755725,-2198.4732824427483,5138.931297709924
493178,0,0,0,4934284490,4916.086896,0.010006,380,16544,488,-2059,-1231,-84,188,0.22744915771484372,9.90241806640625,0.2920926025390625,30.474117647058826,-33829.00763358779,-2308.3969465648856,5166.412213740458
493179,0,0,0,4934294495,4916.096901,0.010005,344,16564,428,-2054,-1233,-83,191,0.2059013427734375,9.91438907470703,0.2561795776367187,30.488823529411768,-33883.96946564886,-2280.916030534351,5248.854961832061
493180,0,0,0,4934304500,4916.106906,0.010005,374,16516,510,-2061,-1233,-86,185,0.22385785522460935,9.885658654785155,0.30526071166992186,30.468235294117648,-33883.96946564886,-2363.3587786259545,5083.9694656488555
493181,0,0,0,4934314505,4916.116911,0.010005,390,16540,464,-2061,-1236,-87,181,0.23343466186523437,9.900023864746093,0.277727392578125,30.468235294117648,-33966.41221374046,-2390.8396946564885,4974.045801526718
493182,0,0,0,4934324510,4916.126916,0.010005,380,16526,482,-2052,-1231,-79,184,0.22744915771484372,9.891644158935547,0.2885013000488281,30.494705882352942,-33829.00763358779,-2170.992366412214,5056.488549618321
493183,0,0,0,4934334516,4916.136922,0.010006,348,16546,486,-2061,-1238,-83,193,0.20829554443359374,9.903615167236328,0.29089550170898437,30.468235294117648,-34021.37404580153,-2280.916030534351,5303.81679389313
493184,0,0,0,4934344521,4916.146927,0.010005,388,16552,538,-2059,-1236,-87,190,0.23223756103515625,9.907206469726562,0.3220201232910156,30.474117647058826,-33966.41221374046,-2390.8396946564885,5221.374045801527
493185,0,0,0,4934354526,4916.156932,0.010005,374,16576,436,-2056,-1234,-82,183,0.22385785522460935,9.9215716796875,0.2609679809570312,30.48294117647059,-33911.45038167939,-2253.4351145038167,5029.007633587787
493186,0,0,0,4934364531,4916.166937,0.010005,344,16564,462,-2053,-1232,-86,189,0.2059013427734375,9.91438907470703,0.2765302917480469,30.491764705882353,-33856.48854961832,-2363.3587786259545,5193.893129770992
493187,0,0,0,4934374536,4916.176942,0.010005,372,16570,448,-2052,-1232,-86,182,0.22266075439453123,9.917980377197265,0.26815058593749996,30.494705882352942,-33856.48854961832,-2363.3587786259545,5001.526717557253
493188,0,0,0,4934384542,4916.186948,0.010006,362,16576,502,-2060,-1231,-91,190,0.2166752502441406,9.9215716796875,0.30047230834960936,30.471176470588237,-33829.00763358779,-2500.7633587786263,5221.374045801527
493189,0,0,0,4934394547,4916.196953,0.010005,410,16586,450,-2053,-1234,-87,200,0.2454056701660156,9.92755718383789,0.2693476867675781,30.491764705882353,-33911.45038167939,-2390.8396946564885,5496.183206106871
493190,0,0,0,4934404552,4916.206958,0.010005,380,16554,424,-2050,-1234,-87,188,0.22744915771484372,9.90840357055664,0.2537853759765625,30.500588235294117,-33911.45038167939,-2390.8396946564885,5166.412213740458
493191,0,0,0,4934414557,4916.216963,0.010005,382,16546,462,-2053,-1232,-86,181,0.22864625854492185,9.903615167236328,0.2765302917480469,30.491764705882353,-33856.48854961832,-2363.3587786259545,4974.045801526718
493192,0,0,0,4934424563,4916.226969,0.010006,406,16520,482,-2058,-1225,-86,179,0.24301146850585936,9.888052856445311,0.2885013000488281,30.47705882352941,-33664.122137404585,-2363.3587786259545,4919.083969465649
493193,0,0,0,4934434568,4916.236974,0.010005,378,16564,446,-2059,-1227,-87,180,0.2262520568847656,9.91438907470703,0.26695348510742184,30.474117647058826,-33719.08396946565,-2390.8396946564885,4946.564885496184
493194,0,0,0,4934444573,4916.246979,0.010005,396,16564,472,-2059,-1229,-88,179,0.23702596435546874,9.91438907470703,0.2825157958984375,30.474117647058826,-33774.04580152672,-2418.320610687023,4919.083969465649
493195,0,0,0,4934454578,4916.256984,0.010005,368,16544,428,-2057,-1235,-76,186,0.22026655273437498,9.90241806640625,0.2561795776367187,30.48,-33938.931297709925,-2088.549618320611,5111.4503816793895
493196,0,0,0,4934464583,4916.266989,0.010005,410,16554,424,-2058,-1227,-93,181,0.2454056701660156,9.90840357055664,0.2537853759765625,30.47705882352941,-33719.08396946565,-2555.7251908396947,4974.045801526718
493197,0,0,0,4934474589,4916.276995,0.010006,370,16510,496,-2064,-1228,-93,197,0.2214636535644531,9.882067352294921,0.296881005859375,30.459411764705884,-33746.564885496184,-2555.7251908396947,5413.740458015267
493198,0,0,0,4934484594,4916.287,0.010005,388,16548,500,-2054,-1231,-88,194,0.23223756103515625,9.904812268066406,0.29927520751953124,30.488823529411768,-33829.00763358779,-2418.320610687023,5331.297709923664
493199,0,0,0,4934494599,4916.297005,0.010005,360,16520,498,-2059,-1228,-88,187,0.2154781494140625,9.888052856445311,0.2980781066894531,30.474117647058826,-33746.564885496184,-2418.320610687023,5138.931297709924
493200,0,0,0,4934504604,4916.30701,0.010005,346,16548,484,-2054,-1231,-87,183,0.20709844360351562,9.904812268066406,0.28969840087890625,30.488823529411768,-33829.00763358779,-2390.8396946564885,5029.007633587787
493201,0,0,0,4934514609,4916.317015,0.010005,330,16548,508,-2054,-1229,-82,186,0.1975216369628906,9.904812268066406,0.30406361083984373,30.488823529411768,-33774.04580152672,-2253.4351145038167,5111.4503816793895
493202,0,0,0,4934524615,4916.327021,0.010006,336,16554,428,-2057,-1231,-85,182,0.201112939453125,9.90840357055664,0.2561795776367187,30.48,-33829.00763358779,-2335.87786259542,5001.526717557253
493203,0,0,0,4934534620,4916.337026,0.010005,400,16548,494,-2058,-1227,-91,181,0.239420166015625,9.904812268066406,0.29568390502929687,30.47705882352941,-33719.08396946565,-2500.7633587786263,4974.045801526718
493204,0,0,0,4934544625,4916.347031,0.010005,358,16560,428,-2055,-1227,-87,187,0.21428104858398436,9.911994873046874,0.2561795776367187,30.48588235294118,-33719.08396946565,-2390.8396946564885,5138.931297709924
493205,0,0,0,4934554630,4916.357036,0.010005,362,16552,506,-2057,-1234,-83,188,0.2166752502441406,9.907206469726562,0.3028665100097656,30.48,-33911.45038167939,-2280.916030534351,5166.412213740458
493206,0,0,0,4934564636,4916.367042,0.010006,348,16554,468,-2056,-1233,-81,184,0.20829554443359374,9.90840357055664,0.28012159423828126,30.48294117647059,-33883.96946564886,-2225.9541984732828,5056.488549618321
493207,0,0,0,4934574641,4916.377047,0.010005,354,16500,444,-2058,-1231,-87,190,0.21188684692382811,9.87608184814453,0.2657563842773437,30.47705882352941,-33829.00763358779,-2390.8396946564885,5221.374045801527
493208,0,0,0,4934584646,4916.387052,0.010005,364,16552,466,-2055,-1236,-90,175,0.21787235107421873,9.907206469726562,0.27892449340820313,30.48588235294118,-33966.41221374046,-2473.282442748092,4809.160305343512
493209,0,0,0,4934594651,4916.397057,0.010005,364,16534,382,-2053,-1237,-93,178,0.21787235107421873,9.896432562255859,0.22864625854492185,30.491764705882353,-33993.89312977099,-2555.7251908396947,4891.603053435115
493210,0,0,0,4934604656,4916.407062,0.010005,370,16582,408,-2054,-1231,-94,183,0.2214636535644531,9.925162982177733,0.2442085693359375,30.488823529411768,-33829.00763358779,-2583.206106870229,5029.007633587787
493211,0,0,0,4934614662,4916.417068,0.010006,392,16562,490,-2059,-1233,-84,185,0.2346317626953125,9.913191973876952,0.2932897033691406,30.474117647058826,-33883.96946564886,-2308.3969465648856,5083.9694656488555
493212,0,0,0,4934624667,4916.427073,0.010005,374,16522,470,-2057,-1230,-90,179,0.22385785522460935,9.889249957275391,0.2813186950683594,30.48,-33801.52671755725,-2473.282442748092,4919.083969465649
493213,0,0,0,4934634672,4916.437078,0.010005,366,16568,464,-2061,-1234,-90,189,0.21906945190429686,9.916783276367187,0.277727392578125,30.468235294117648,-33911.45038167939,-2473.282442748092,5193.893129770992
493214,0,0,0,4934644677,4916.447083,0.010005,356,16518,474,-2059,-1234,-89,189,0.21308394775390624,9.886855755615233,0.28371289672851563,30.474117647058826,-33911.45038167939,-2445.8015267175574,5193.893129770992
493215,0,0,0,4934654682,4916.457088,0.010005,394,16534,474,-2058,-1230,-86,185,0.23582886352539062,9.896432562255859,0.28371289672851563,30.47705882352941,-33801.52671755725,-2363.3587786259545,5083.9694656488555
493216,0,0,0,4934664688,4916.467094,0.010006,388,16516,486,-2062,-1231,-83,189,0.23223756103515625,9.885658654785155,0.29089550170898437,30.465294117647062,-33829.00763358779,-2280.916030534351,5193.893129770992
493217,0,0,0,4934674693,4916.477099,0.010005,370,16560,536,-2059,-1234,-84,189,0.2214636535644531,9.911994873046874,0.32082302246093747,30.474117647058826,-33911.45038167939,-2308.3969465648856,5193.893129770992
493218,0,0,0,4934684698,4916.487104,0.010005,400,16528,472,-2059,-1235,-85,183,0.239420166015625,9.892841259765625,0.2825157958984375,30.474117647058826,-33938.931297709925,-2335.87786259542,5029.007633587787
493219,0,0,0,4934694703,4916.497109,0.010005,374,16590,440,-2057,-1230,-87,190,0.22385785522460935,9.929951385498047,0.26336218261718747,30.48,-33801.52671755725,-2390.8396946564885,5221.374045801527
493220,0,0,0,4934704708,4916.507114,0.010005,382,16552,430,-2052,-1233,-91,194,0.22864625854492185,9.907206469726562,0.25737667846679685,30.494705882352942,-33883.96946564886,-2500.7633587786263,5331.297709923664
493221,0,0,0,4934714714,4916.51712,0.010006,386,16580,536,-2051,-1233,-92,190,0.23104046020507812,9.923965881347655,0.32082302246093747,30.49764705882353,-33883.96946564886,-2528.2442748091603,5221.374045801527
493222,0,0,0,4934724719,4916.527125,0.010005,400,16568,482,-2059,-1229,-87,188,0.239420166015625,9.916783276367187,0.2885013000488281,30.474117647058826,-33774.04580152672,-2390.8396946564885,5166.412213740458
493223,0,0,0,4934734724,4916.53713,0.010005,388,16588,468,-2057,-1233,-82,187,0.23223756103515625,9.928754284667969,0.28012159423828126,30.48,-33883.96946564886,-2253.4351145038167,5138.931297709924
493224,0,0,0,4934744729,4916.547135,0.010005,366,16528,464,-2051,-1230,-80,182,0.21906945190429686,9.892841259765625,0.277727392578125,30.49764705882353,-33801.52671755725,-2198.4732824427483,5001.526717557253
493225,0,0,0,4934754735,4916.557141,0.010006,374,16534,370,-2053,-1229,-77,192,0.22385785522460935,9.896432562255859,0.2214636535644531,30.491764705882353,-33774.04580152672,-2116.030534351145,5276.335877862595
493226,0,0,0,4934764740,4916.567146,0.010005,352,16544,450,-2058,-1230,-78,189,0.21068974609375,9.90241806640625,0.2693476867675781,30.47705882352941,-33801.52671755725,-2143.5114503816794,5193.893129770992
493227,0,0,0,4934774745,4916.577151,0.010005,356,16550,452,-2060,-1235,-87,186,0.21308394775390624,9.906009368896484,0.2705447875976562,30.471176470588237,-33938.931297709925,-2390.8396946564885,5111.4503816793895
493228,0,0,0,4934784750,4916.587156,0.010005,354,16540,434,-2058,-1226,-82,184,0.21188684692382811,9.900023864746093,0.2597708801269531,30.47705882352941,-33691.603053435116,-2253.4351145038167,5056.488549618321
493229,0,0,0,4934794755,4916.597161,0.010005,380,16530,424,-2058,-1232,-80,182,0.22744915771484372,9.894038360595703,0.2537853759765625,30.47705882352941,-33856.48854961832,-2198.4732824427483,5001.526717557253
493230,0,0,0,4934804761,4916.607167,0.010006,346,16532,394,-2060,-1230,-86,182,0.20709844360351562,9.89523546142578,0.23582886352539062,30.471176470588237,-33801.52671755725,-2363.3587786259545,5001.526717557253
493231,0,0,0,4934814766,4916.617172,0.010005,374,16548,462,-2057,-1226,-87,185,0.22385785522460935,9.904812268066406,0.2765302917480469,30.48,-33691.603053435116,-2390.8396946564885,5083.9694656488555
493232,0,0,0,4934824771,4916.627177,0.010005,366,16558,480,-2054,-1227,-84,181,0.21906945190429686,9.910797772216796,0.28730419921875,30.488823529411768,-33719.08396946565,-2308.3969465648856,4974.045801526718
493233,0,0,0,4934834776,4916.637182,0.010005,376,16548,458,-2061,-1227,-87,189,0.22505495605468748,9.904812268066406,0.2741360900878906,30.468235294117648,-33719.08396946565,-2390.8396946564885,5193.893129770992
493234,0,0,0,4934844781,4916.647187,0.010005,354,16548,496,-2059,-1228,-91,189,0.21188684692382811,9.904812268066406,0.296881005859375,30.474117647058826,-33746.564885496184,-2500.7633587786263,5193.893129770992
493235,0,0,0,4934854787,4916.657193,0.010006,388,16580,484,-2057,-1228,-84,193,0.23223756103515625,9.923965881347655,0.28969840087890625,30.48,-33746.564885496184,-2308.3969465648856,5303.81679389313
493236,0,0,0,4934864792,4916.667198,0.010005,370,16552,456,-2056,-1235,-83,193,0.2214636535644531,9.907206469726562,0.27293898925781246,30.48294117647059,-33938.931297709925,-2280.916030534351,5303.81679389313
493237,0,0,0,4934874797,4916.677203,0.010005,390,16568,508,-2062,-1231,-82,198,0.23343466186523437,9.916783276367187,0.30406361083984373,30.465294117647062,-33829.00763358779,-2253.4351145038167,5441.221374045802
493238,0,0,0,4934884802,4916.687208,0.010005,368,16580,492,-2058,-1228,-90,193,0.22026655273437498,9.923965881347655,0.29448680419921874,30.47705882352941,-33746.564885496184,-2473.282442748092,5303.81679389313
493239,0,0,0,4934894808,4916.697214,0.010006,340,16502,502,-2062,-1234,-85,186,0.20350714111328125,9.87727894897461,0.30047230834960936,30.465294117647062,-33911.45038167939,-2335.87786259542,5111.4503816793895
493240,0,0,0,4934904813,4916.707219,0.010005,362,16518,470,-2060,-1239,-85,185,0.2166752502441406,9.886855755615233,0.2813186950683594,30.471176470588237,-34048.85496183206,-2335.87786259542,5083.9694656488555
493241,0,0,0,4934914818,4916.717224,0.010005,352,16548,458,-2060,-1233,-82,188,0.21068974609375,9.904812268066406,0.2741360900878906,30.471176470588237,-33883.96946564886,-2253.4351145038167,5166.412213740458
493242,0,0,0,4934924823,4916.727229,0.010005,350,16572,434,-2054,-1226,-94,192,0.20949264526367187,9.919177478027343,0.2597708801269531,30.488823529411768,-33691.603053435116,-2583.206106870229,5276.335877862595
493243,0,0,0,4934934828,4916.737234,0.010005,342,16576,492,-2058,-1230,-91,190,0.20470424194335937,9.9215716796875,0.29448680419921874,30.47705882352941,-33801.52671755725,-2500.7633587786263,5221.374045801527
493244,0,0,0,4934944834,4916.74724,0.010006,378,16506,430,-2051,-1226,-92,182,0.2262520568847656,9.879673150634765,0.25737667846679685,30.49764705882353,-33691.603053435116,-2528.2442748091603,5001.526717557253
493245,0,0,0,4934954839,4916.757245,0.010005,378,16546,424,-2052,-1232,-86,184,0.2262520568847656,9.903615167236328,0.2537853759765625,30.494705882352942,-33856.48854961832,-2363.3587786259545,5056.488549618321
493246,0,0,0,4934964844,4916.76725,0.010005,368,16554,544,-2059,-1224,-86,183,0.22026655273437498,9.90840357055664,0.32561142578124996,30.474117647058826,-33636.64122137405,-2363.3587786259545,5029.007633587787
493247,0,0,0,4934974849,4916.777255,0.010005,342,16536,526,-2059,-1230,-83,183,0.20470424194335937,9.897629663085937,0.31483751831054685,30.474117647058826,-33801.52671755725,-2280.916030534351,5029.007633587787
493248,0,0,0,4934984854,4916.78726,0.010005,388,16562,476,-2057,-1228,-90,178,0.23223756103515625,9.913191973876952,0.28490999755859375,30.48,-33746.564885496184,-2473.282442748092,4891.603053435115
493249,0,0,0,4934994860,4916.797266,0.010006,362,16534,486,-2058,-1225,-86,182,0.2166752502441406,9.896432562255859,0.29089550170898437,30.47705882352941,-33664.122137404585,-2363.3587786259545,5001.526717557253
493250,0,0,0,4935004865,4916.807271,0.010005,384,16488,460,-2061,-1226,-91,194,0.229843359375,9.868899243164062,0.2753331909179687,30.468235294117648,-33691.603053435116,-2500.7633587786263,5331.297709923664
493251,0,0,0,4935014870,4916.817276,0.010005,380,16520,464,-2055,-1226,-81,185,0.22744915771484372,9.888052856445311,0.277727392578125,30.48588235294118,-33691.603053435116,-2225.9541984732828,5083.9694656488555
493252,0,0,0,4935024875,4916.827281,0.010005,352,16570,474,-2055,-1225,-84,189,0.21068974609375,9.917980377197265,0.28371289672851563,30.48588235294118,-33664.122137404585,-2308.3969465648856,5193.893129770992
493253,0,0,0,4935034881,4916.837287,0.010006,340,16554,462,-2054,-1226,-82,192,0.20350714111328125,9.90840357055664,0.2765302917480469,30.488823529411768,-33691.603053435116,-2253.4351145038167,5276.335877862595
493254,0,0,0,4935044886,4916.847292,0.010005,394,16550,424,-2060,-1224,-90,194,0.23582886352539062,9.906009368896484,0.2537853759765625,30.471176470588237,-33636.64122137405,-2473.282442748092,5331.297709923664
493255,0,0,0,4935054891,4916.857297,0.010005,344,16536,482,-2056,-1230,-85,184,0.2059013427734375,9.897629663085937,0.2885013000488281,30.48294117647059,-33801.52671755725,-2335.87786259542,5056.488549618321
493256,0,0,0,4935064896,4916.867302,0.010005,362,16558,496,-2057,-1235,-78,186,0.2166752502441406,9.910797772216796,0.296881005859375,30.48,-33938.931297709925,-2143.5114503816794,5111.4503816793895
493257,0,0,0,4935074901,4916.877307,0.010005,360,16516,472,-2059,-1234,-90,184,0.2154781494140625,9.885658654785155,0.2825157958984375,30.474117647058826,-33911.45038167939,-2473.282442748092,5056.488549618321
493258,0,0,0,4935084907,4916.887313,0.010006,358,16496,450,-2057,-1229,-79,191,0.21428104858398436,9.873687646484374,0.2693476867675781,30.48,-33774.04580152672,-2170.992366412214,5248.854961832061
493259,0,0,0,4935094912,4916.897318,0.010005,356,16522,482,-2055,-1231,-87,186,0.21308394775390624,9.889249957275391,0.2885013000488281,30.48588235294118,-33829.00763358779,-2390.8396946564885,5111.4503816793895
493260,0,0,0,4935104917,4916.907323,0.010005,348,16532,492,-2059,-1229,-83,192,0.20829554443359374,9.89523546142578,0.29448680419921874,30.474117647058826,-33774.04580152672,-2280.916030534351,5276.335877862595
493261,0,0,0,4935114922,4916.917328,0.010005,356,16528,498,-2059,-1231,-89,184,0.21308394775390624,9.892841259765625,0.2980781066894531,30.474117647058826,-33829.00763358779,-2445.8015267175574,5056.488549618321
493262,0,0,0,4935124927,4916.927333,0.010005,406,16542,520,-2060,-1230,-83,179,0.24301146850585936,9.90122096557617,0.3112462158203125,30.471176470588237,-33801.52671755725,-2280.916030534351,4919.083969465649
493263,0,0,0,4935134933,4916.937339,0.010006,402,16568,472,-2060,-1232,-80,183,0.24061726684570311,9.916783276367187,0.2825157958984375,30.471176470588237,-33856.48854961832,-2198.4732824427483,5029.007633587787
493264,0,0,0,4935144938,4916.947344,0.010005,364,16540,454,-2061,-1230,-84,187,0.21787235107421873,9.900023864746093,0.27174188842773433,30.468235294117648,-33801.52671755725,-2308.3969465648856,5138.931297709924
493265,0,0,0,4935154943,4916.957349,0.010005,390,16554,452,-2060,-1230,-84,182,0.23343466186523437,9.90840357055664,0.2705447875976562,30.471176470588237,-33801.52671755725,-2308.3969465648856,5001.526717557253
493266,0,0,0,4935164948,4916.967354,0.010005,392,16576,498,-2055,-1237,-83,183,0.2346317626953125,9.9215716796875,0.2980781066894531,30.48588235294118,-33993.89312977099,-2280.916030534351,5029.007633587787
493267,0,0,0,4935174953,4916.977359,0.010005,338,16566,428,-2063,-1229,-83,186,0.20231004028320312,9.91558617553711,0.2561795776367187,30.462352941176473,-33774.04580152672,-2280.916030534351,5111.4503816793895
493268,0,0,0,4935184959,4916.987365,0.010006,350,16544,478,-2055,-1229,-90,185,0.20949264526367187,9.90241806640625,0.2861070983886719,30.48588235294118,-33774.04580152672,-2473.282442748092,5083.9694656488555
493269,0,0,0,4935194964,4916.99737,0.010005,384,16560,446,-2050,-1234,-85,192,0.229843359375,9.911994873046874,0.26695348510742184,30.500588235294117,-33911.45038167939,-2335.87786259542,5276.335877862595
493270,0,0,0,4935204969,4917.007375,0.010005,376,16544,504,-2052,-1234,-84,186,0.22505495605468748,9.90241806640625,0.3016694091796875,30.494705882352942,-33911.45038167939,-2308.3969465648856,5111.4503816793895
493271,0,0,0,4935214974,4917.01738,0.010005,366,16552,490,-2062,-1232,-85,185,0.21906945190429686,9.907206469726562,0.2932897033691406,30.465294117647062,-33856.48854961832,-2335.87786259542,5083.9694656488555
493272,0,0,0,4935224980,4917.027386,0.010006,372,16534,436,-2054,-1237,-78,190,0.22266075439453123,9.896432562255859,0.2609679809570312,30.488823529411768,-33993.89312977099,-2143.5114503816794,5221.374045801527
493273,0,0,0,4935234985,4917.037391,0.010005,342,16530,448,-2058,-1233,-79,176,0.20470424194335937,9.894038360595703,0.26815058593749996,30.47705882352941,-33883.96946564886,-2170.992366412214,4836.641221374046
493274,0,0,0,4935244990,4917.047396,0.010005,386,16546,450,-2058,-1229,-86,176,0.23104046020507812,9.903615167236328,0.2693476867675781,30.47705882352941,-33774.04580152672,-2363.3587786259545,4836.641221374046
493275,0,0,0,4935254995,4917.057401,0.010005,382,16534,516,-2057,-1227,-83,181,0.22864625854492185,9.896432562255859,0.30885201416015623,30.48,-33719.08396946565,-2280.916030534351,4974.045801526718
493276,0,0,0,4935265000,4917.067406,0.010005,362,16506,454,-2061,-1228,-78,184,0.2166752502441406,9.879673150634765,0.27174188842773433,30.468235294117648,-33746.564885496184,-2143.5114503816794,5056.488549618321
493277,0,0,0,4935275006,4917.077412,0.010006,386,16520,482,-2056,-1227,-88,190,0.23104046020507812,9.888052856445311,0.2885013000488281,30.48294117647059,-33719.08396946565,-2418.320610687023,5221.374045801527
493278,0,0,0,4935285011,4917.087417,0.010005,320,16524,482,-2056,-1230,-84,190,0.19153613281249998,9.890447058105469,0.2885013000488281,30.48294117647059,-33801.52671755725,-2308.3969465648856,5221.374045801527
493279,0,0,0,4935295016,4917.097422,0.010005,384,16554,476,-2059,-1230,-93,189,0.229843359375,9.90840357055664,0.28490999755859375,30.474117647058826,-33801.52671755725,-2555.7251908396947,5193.893129770992
493280,0,0,0,4935305021,4917.107427,0.010005,372,16540,504,-2058,-1228,-85,184,0.22266075439453123,9.900023864746093,0.3016694091796875,30.47705882352941,-33746.564885496184,-2335.87786259542,5056.488549618321
493281,0,0,0,4935315026,4917.117432,0.010005,390,16556,484,-2065,-1226,-85,181,0.23343466186523437,9.909600671386718,0.28969840087890625,30.456470588235295,-33691.603053435116,-2335.87786259542,4974.045801526718
493282,0,0,0,4935325032,4917.127438,0.010006,386,16548,418,-2062,-1229,-86,181,0.23104046020507812,9.904812268066406,0.2501940734863281,30.465294117647062,-33774.04580152672,-2363.3587786259545,4974.045801526718
493283,0,0,0,4935335037,4917.137443,0.010005,340,16542,512,-2061,-1231,-95,179,0.20350714111328125,9.90122096557617,0.3064578125,30.468235294117648,-33829.00763358779,-2610.6870229007636,4919.083969465649
493284,0,0,0,4935345042,4917.147448,0.010005,372,16558,492,-2055,-1232,-85,189,0.22266075439453123,9.910797772216796,0.29448680419921874,30.48588235294118,-33856.48854961832,-2335.87786259542,5193.893129770992
493285,0,0,0,4935355047,4917.157453,0.010005,376,16508,498,-2062,-1233,-88,190,0.22505495605468748,9.880870251464843,0.2980781066894531,30.465294117647062,-33883.96946564886,-2418.320610687023,5221.374045801527
493286,0,0,0,4935365053,4917.167459,0.010006,392,16540,444,-2061,-1228,-85,191,0.2346317626953125,9.900023864746093,0.2657563842773437,30.468235294117648,-33746.564885496184,-2335.87786259542,5248.854961832061
493287,0,0,0,4935375058,4917.177464,0.010005,348,16546,470,-2059,-1228,-90,186,0.20829554443359374,9.903615167236328,0.2813186950683594,30.474117647058826,-33746.564885496184,-2473.282442748092,5111.4503816793895
493288,0,0,0,4935385063,4917.187469,0.010005,332,16540,454,-2057,-1238,-87,191,0.19871873779296872,9.900023864746093,0.27174188842773433,30.48,-34021.37404580153,-2390.8396946564885,5248.854961832061
493289,0,0,0,4935395068,4917.197474,0.010005,384,16524,468,-2056,-1234,-86,184,0.229843359375,9.890447058105469,0.28012159423828126,30.48294117647059,-33911.45038167939,-2363.3587786259545,5056.488549618321
493290,0,0,0,4935405073,4917.207479,0.010005,372,16518,526,-2061,-1233,-87,190,0.22266075439453123,9.886855755615233,0.31483751831054685,30.468235294117648,-33883.96946564886,-2390.8396946564885,5221.374045801527
493291,0,0,0,4935415079,4917.217485,0.010006,372,16586,454,-2059,-1230,-82,187,0.22266075439453123,9.92755718383789,0.27174188842773433,30.474117647058826,-33801.52671755725,-2253.4351145038167,5138.931297709924
493292,0,0,0,4935425084,4917.22749,0.010005,382,16592,458,-2058,-1228,-80,184,0.22864625854492185,9.931148486328125,0.2741360900878906,30.47705882352941,-33746.564885496184,-2198.4732824427483,5056.488549618321
493293,0,0,0,4935435089,4917.237495,0.010005,322,16586,430,-2054,-1232,-87,180,0.1927332336425781,9.92755718383789,0.25737667846679685,30.488823529411768,-33856.48854961832,-2390.8396946564885,4946.564885496184
493294,0,0,0,4935445094,4917.2475,0.010005,412,16526,424,-2052,-1229,-86,177,0.24660277099609373,9.891644158935547,0.2537853759765625,30.494705882352942,-33774.04580152672,-2363.3587786259545,4864.122137404581
493295,0,0,0,4935455099,4917.257505,0.010005,362,16518,458,-2056,-1228,-83,176,0.2166752502441406,9.886855755615233,0.2741360900878906,30.48294117647059,-33746.564885496184,-2280.916030534351,4836.641221374046
493296,0,0,0,4935465105,4917.267511,0.010006,352,16570,474,-2054,-1234,-77,192,0.21068974609375,9.917980377197265,0.28371289672851563,30.488823529411768,-33911.45038167939,-2116.030534351145,5276.335877862595
493297,0,0,0,4935475110,4917.277516,0.010005,340,16542,478,-2060,-1235,-87,184,0.20350714111328125,9.90122096557617,0.2861070983886719,30.471176470588237,-33938.931297709925,-2390.8396946564885,5056.488549618321
493298,0,0,0,4935485115,4917.287521,0.010005,402,16530,452,-2054,-1237,-85,183,0.24061726684570311,9.894038360595703,0.2705447875976562,30.488823529411768,-33993.89312977099,-2335.87786259542,5029.007633587787
493299,0,0,0,4935495120,4917.297526,0.010005,358,16484,524,-2055,-1227,-85,186,0.21428104858398436,9.866505041503906,0.3136404174804687,30.48588235294118,-33719.08396946565,-2335.87786259542,5111.4503816793895
493300,0,0,0,4935505125,4917.307531,0.010005,380,16578,420,-2056,-1234,-87,187,0.22744915771484372,9.922768780517577,0.25139117431640623,30.48294117647059,-33911.45038167939,-2390.8396946564885,5138.931297709924
493301,0,0,0,4935515131,4917.317537,0.010006,350,16562,418,-2052,-1226,-88,184,0.20949264526367187,9.913191973876952,0.2501940734863281,30.494705882352942,-33691.603053435116,-2418.320610687023,5056.488549618321
493302,0,0,0,4935525136,4917.327542,0.010005,374,16556,468,-2052,-1229,-93,184,0.22385785522460935,9.909600671386718,0.28012159423828126,30.494705882352942,-33774.04580152672,-2555.7251908396947,5056.488549618321
493303,0,0,0,4935535141,4917.337547,0.010005,352,16532,482,-2057,-1232,-88,189,0.21068974609375,9.89523546142578,0.2885013000488281,30.48,-33856.48854961832,-2418.320610687023,5193.893129770992
493304,0,0,0,4935545146,4917.347552,0.010005,338,16534,500,-2059,-1231,-90,185,0.20231004028320312,9.896432562255859,0.29927520751953124,30.474117647058826,-33829.00763358779,-2473.282442748092,5083.9694656488555
493305,0,0,0,4935555152,4917.357558,0.010006,380,16564,506,-2054,-1226,-94,178,0.22744915771484372,9.91438907470703,0.3028665100097656,30.488823529411768,-33691.603053435116,-2583.206106870229,4891.603053435115
493306,0,0,0,4935565157,4917.367563,0.010005,354,16544,446,-2056,-1229,-86,185,0.21188684692382811,9.90241806640625,0.26695348510742184,30.48294117647059,-33774.04580152672,-2363.3587786259545,5083.9694656488555
493307,0,0,0,4935575162,4917.377568,0.010005,378,16548,458,-2057,-1232,-87,185,0.2262520568847656,9.904812268066406,0.2741360900878906,30.48,-33856.48854961832,-2390.8396946564885,5083.9694656488555
493308,0,0,0,4935585167,4917.387573,0.010005,358,16592,440,-2054,-1238,-86,186,0.21428104858398436,9.931148486328125,0.26336218261718747,30.488823529411768,-34021.37404580153,-2363.3587786259545,5111.4503816793895
493309,0,0,0,4935595172,4917.397578,0.010005,418,16562,426,-2049,-1233,-85,186,0.2501940734863281,9.913191973876952,0.2549824768066406,30.503529411764706,-33883.96946564886,-2335.87786259542,5111.4503816793895
493310,0,0,0,4935605178,4917.407584,0.010006,348,16550,490,-2055,-1229,-93,184,0.20829554443359374,9.906009368896484,0.2932897033691406,30.48588235294118,-33774.04580152672,-2555.7251908396947,5056.488549618321
493311,0,0,0,4935615183,4917.417589,0.010005,326,16542,456,-2052,-1226,-82,187,0.19512743530273435,9.90122096557617,0.27293898925781246,30.494705882352942,-33691.603053435116,-2253.4351145038167,5138.931297709924
493312,0,0,0,4935625188,4917.427594,0.010005,394,16552,434,-2058,-1229,-84,180,0.23582886352539062,9.907206469726562,0.2597708801269531,30.47705882352941,-33774.04580152672,-2308.3969465648856,4946.564885496184
493313,0,0,0,4935635193,4917.437599,0.010005,390,16536,450,-2058,-1228,-83,184,0.23343466186523437,9.897629663085937,0.2693476867675781,30.47705882352941,-33746.564885496184,-2280.916030534351,5056.488549618321
493314,0,0,0,4935645198,4917.447604,0.010005,400,16536,462,-2053,-1232,-89,184,0.239420166015625,9.897629663085937,0.2765302917480469,30.491764705882353,-33856.48854961832,-2445.8015267175574,5056.488549618321
493315,0,0,0,4935655204,4917.45761,0.010006,378,16552,462,-2055,-1230,-88,194,0.2262520568847656,9.907206469726562,0.2765302917480469,30.48588235294118,-33801.52671755725,-2418.320610687023,5331.297709923664
493316,0,0,0,4935665209,4917.467615,0.010005,362,16526,504,-2056,-1227,-78,185,0.2166752502441406,9.891644158935547,0.3016694091796875,30.48294117647059,-33719.08396946565,-2143.5114503816794,5083.9694656488555
493317,0,0,0,4935675214,4917.47762,0.010005,370,16522,470,-2055,-1230,-80,183,0.2214636535644531,9.889249957275391,0.2813186950683594,30.48588235294118,-33801.52671755725,-2198.4732824427483,5029.007633587787
493318,0,0,0,4935685219,4917.487625,0.010005,418,16574,458,-2053,-1230,-89,185,0.2501940734863281,9.920374578857421,0.2741360900878906,30.491764705882353,-33801.52671755725,-2445.8015267175574,5083.9694656488555
493319,0,0,0,4935695225,4917.497631,0.010006,396,16542,496,-2054,-1229,-90,193,0.23702596435546874,9.90122096557617,0.296881005859375,30.488823529411768,-33774.04580152672,-2473.282442748092,5303.81679389313
493320,0,0,0,4935705230,4917.507636,0.010005,368,16496,420,-2059,-1231,-79,192,0.22026655273437498,9.873687646484374,0.25139117431640623,30.474117647058826,-33829.00763358779,-2170.992366412214,5276.335877862595
493321,0,0,0,4935715235,4917.517641,0.010005,372,16536,436,-2056,-1228,-85,195,0.22266075439453123,9.897629663085937,0.2609679809570312,30.48294117647059,-33746.564885496184,-2335.87786259542,5358.778625954199
493322,0,0,0,4935725240,4917.527646,0.010005,414,16552,388,-2058,-1226,-84,187,0.24779987182617186,9.907206469726562,0.23223756103515625,30.47705882352941,-33691.603053435116,-2308.3969465648856,5138.931297709924
493323,0,0,0,4935735245,4917.537651,0.010005,372,16584,498,-2060,-1229,-86,184,0.22266075439453123,9.926360083007811,0.2980781066894531,30.471176470588237,-33774.04580152672,-2363.3587786259545,5056.488549618321
493324,0,0,0,4935745251,4917.547657,0.010006,392,16542,446,-2059,-1230,-86,188,0.2346317626953125,9.90122096557617,0.26695348510742184,30.474117647058826,-33801.52671755725,-2363.3587786259545,5166.412213740458
493325,0,0,0,4935755256,4917.557662,0.010005,364,16546,446,-2062,-1227,-85,191,0.21787235107421873,9.903615167236328,0.26695348510742184,30.465294117647062,-33719.08396946565,-2335.87786259542,5248.854961832061
493326,0,0,0,4935765261,4917.567667,0.010005,374,16544,526,-2064,-1233,-84,176,0.22385785522460935,9.90241806640625,0.31483751831054685,30.459411764705884,-33883.96946564886,-2308.3969465648856,4836.641221374046
493327,0,0,0,4935775266,4917.577672,0.010005,316,16580,472,-2060,-1226,-83,187,0.18914193115234373,9.923965881347655,0.2825157958984375,30.471176470588237,-33691.603053435116,-2280.916030534351,5138.931297709924
493328,0,0,0,4935785271,4917.587677,0.010005,390,16546,430,-2054,-1222,-83,188,0.23343466186523437,9.903615167236328,0.25737667846679685,30.488823529411768,-33581.67938931298,-2280.916030534351,5166.412213740458
493329,0,0,0,4935795277,4917.597683,0.010006,322,16552,466,-2055,-1229,-85,186,0.1927332336425781,9.907206469726562,0.27892449340820313,30.48588235294118,-33774.04580152672,-2335.87786259542,5111.4503816793895
493330,0,0,0,4935805282,4917.607688,0.010005,378,16512,474,-2057,-1235,-82,186,0.2262520568847656,9.883264453125,0.28371289672851563,30.48,-33938.931297709925,-2253.4351145038167,5111.4503816793895
493331,0,0,0,4935815287,4917.617693,0.010005,366,16512,552,-2056,-1230,-87,189,0.21906945190429686,9.883264453125,0.33039982910156246,30.48294117647059,-33801.52671755725,-2390.8396946564885,5193.893129770992
493332,0,0,0,4935825292,4917.627698,0.010005,366,16514,468,-2059,-1234,-90,191,0.21906945190429686,9.884461553955077,0.28012159423828126,30.474117647058826,-33911.45038167939,-2473.282442748092,5248.854961832061
493333,0,0,0,4935835298,4917.637704,0.010006,352,16520,488,-2056,-1227,-93,188,0.21068974609375,9.888052856445311,0.2920926025390625,30.48294117647059,-33719.08396946565,-2555.7251908396947,5166.412213740458
493334,0,0,0,4935845303,4917.647709,0.010005,400,16542,440,-2058,-1229,-86,188,0.239420166015625,9.90122096557617,0.26336218261718747,30.47705882352941,-33774.04580152672,-2363.3587786259545,5166.412213740458
493335,0,0,0,4935855308,4917.657714,0.010005,376,16556,506,-2062,-1231,-87,190,0.22505495605468748,9.909600671386718,0.3028665100097656,30.465294117647062,-33829.00763358779,-2390.8396946564885,5221.374045801527
493336,0,0,0,4935865313,4917.667719,0.010005,362,16592,472,-2055,-1225,-85,182,0.2166752502441406,9.931148486328125,0.2825157958984375,30.48588235294118,-33664.122137404585,-2335.87786259542,5001.526717557253
493337,0,0,0,4935875318,4917.677724,0.010005,350,16526,486,-2060,-1228,-85,176,0.20949264526367187,9.891644158935547,0.29089550170898437,30.471176470588237,-33746.564885496184,-2335.87786259542,4836.641221374046
493338,0,0,0,4935885324,4917.68773,0.010006,368,16556,514,-2059,-1236,-87,192,0.22026655273437498,9.909600671386718,0.3076549133300781,30.474117647058826,-33966.41221374046,-2390.8396946564885,5276.335877862595
493339,0,0,0,4935895329,4917.697735,0.010005,356,16532,476,-2057,-1234,-88,184,0.21308394775390624,9.89523546142578,0.28490999755859375,30.48,-33911.45038167939,-2418.320610687023,5056.488549618321
493340,0,0,0,4935905334,4917.70774,0.010005,372,16582,548,-2047,-1229,-83,191,0.22266075439453123,9.925162982177733,0.3280056274414062,30.509411764705884,-33774.04580152672,-2280.916030534351,5248.854961832061
493341,0,0,0,4935915339,4917.717745,0.010005,368,16562,478,-2053,-1233,-88,186,0.22026655273437498,9.913191973876952,0.2861070983886719,30.491764705882353,-33883.96946564886,-2418.320610687023,5111.4503816793895
493342,0,0,0,4935925344,4917.72775,0.010005,338,16560,550,-2056,-1233,-94,179,0.20231004028320312,9.911994873046874,0.32920272827148434,30.48294117647059,-33883.96946564886,-2583.206106870229,4919.083969465649
493343,0,0,0,4935935350,4917.737756,0.010006,394,16572,514,-2059,-1231,-90,189,0.23582886352539062,9.919177478027343,0.3076549133300781,30.474117647058826,-33829.00763358779,-2473.282442748092,5193.893129770992
493344,0,0,0,4935945355,4917.747761,0.010005,396,16526,498,-2060,-1226,-86,186,0.23702596435546874,9.891644158935547,0.2980781066894531,30.471176470588237,-33691.603053435116,-2363.3587786259545,5111.4503816793895
493345,0,0,0,4935955360,4917.757766,0.010005,406,16558,436,-2056,-1233,-85,185,0.24301146850585936,9.910797772216796,0.2609679809570312,30.48294117647059,-33883.96946564886,-2335.87786259542,5083.9694656488555
493346,0,0,0,4935965365,4917.767771,0.010005,366,16536,464,-2056,-1229,-89,182,0.21906945190429686,9.897629663085937,0.277727392578125,30.48294117647059,-33774.04580152672,-2445.8015267175574,5001.526717557253
493347,0,0,0,4935975371,4917.777777,0.010006,326,16562,488,-2050,-1232,-90,186,0.19512743530273435,9.913191973876952,0.2920926025390625,30.500588235294117,-33856.48854961832,-2473.282442748092,5111.4503816793895
493348,0,0,0,4935985376,4917.787782,0.010005,374,16534,442,-2054,-1222,-83,184,0.22385785522460935,9.896432562255859,0.2645592834472656,30.488823529411768,-33581.67938931298,-2280.916030534351,5056.488549618321
493349,0,0,0,4935995381,4917.797787,0.010005,368,16550,502,-2057,-1224,-89,185,0.22026655273437498,9.906009368896484,0.30047230834960936,30.48,-33636.64122137405,-2445.8015267175574,5083.9694656488555
493350,0,0,0,4936005386,4917.807792,0.010005,360,16590,460,-2056,-1230,-81,180,0.2154781494140625,9.929951385498047,0.2753331909179687,30.48294117647059,-33801.52671755725,-2225.9541984732828,4946.564885496184
493351,0,0,0,4936015391,4917.817797,0.010005,354,16542,456,-2057,-1230,-87,185,0.21188684692382811,9.90122096557617,0.27293898925781246,30.48,-33801.52671755725,-2390.8396946564885,5083.9694656488555
493352,0,0,0,4936025397,4917.827803,0.010006,326,16582,448,-2058,-1230,-85,187,0.19512743530273435,9.925162982177733,0.26815058593749996,30.47705882352941,-33801.52671755725,-2335.87786259542,5138.931297709924
493353,0,0,0,4936035402,4917.837808,0.010005,392,16570,462,-2050,-1233,-81,186,0.2346317626953125,9.917980377197265,0.2765302917480469,30.500588235294117,-33883.96946564886,-2225.9541984732828,5111.4503816793895
493354,0,0,0,4936045407,4917.847813,0.010005,370,16572,462,-2058,-1226,-82,193,0.2214636535644531,9.919177478027343,0.2765302917480469,30.47705882352941,-33691.603053435116,-2253.4351145038167,5303.81679389313
493355,0,0,0,4936055412,4917.857818,0.010005,404,16542,482,-2057,-1230,-79,191,0.24181436767578124,9.90122096557617,0.2885013000488281,30.48,-33801.52671755725,-2170.992366412214,5248.854961832061
493356,0,0,0,4936065417,4917.867823,0.010005,334,16544,482,-2056,-1233,-85,181,0.19991583862304688,9.90241806640625,0.2885013000488281,30.48294117647059,-33883.96946564886,-2335.87786259542,4974.045801526718
493357,0,0,0,4936075423,4917.877829,0.010006,396,16562,436,-2061,-1228,-88,178,0.23702596435546874,9.913191973876952,0.2609679809570312,30.468235294117648,-33746.564885496184,-2418.320610687023,4891.603053435115
493358,0,0,0,4936085428,4917.887834,0.010005,374,16566,460,-2054,-1228,-88,180,0.22385785522460935,9.91558617553711,0.2753331909179687,30.488823529411768,-33746.564885496184,-2418.320610687023,4946.564885496184
493359,0,0,0,4936095433,4917.897839,0.010005,366,16558,514,-2053,-1230,-92,186,0.21906945190429686,9.910797772216796,0.3076549133300781,30.491764705882353,-33801.52671755725,-2528.2442748091603,5111.4503816793895
493360,0,0,0,4936105438,4917.907844,0.010005,368,16526,476,-2055,-1233,-86,182,0.22026655273437498,9.891644158935547,0.28490999755859375,30.48588235294118,-33883.96946564886,-2363.3587786259545,5001.526717557253
493361,0,0,0,4936115443,4917.917849,0.010005,390,16594,454,-2063,-1237,-80,185,0.23343466186523437,9.932345587158203,0.27174188842773433,30.462352941176473,-33993.89312977099,-2198.4732824427483,5083.9694656488555
493362,0,0,0,4936125449,4917.927855,0.010006,374,16516,414,-2058,-1234,-90,180,0.22385785522460935,9.885658654785155,0.24779987182617186,30.47705882352941,-33911.45038167939,-2473.282442748092,4946.564885496184
493363,0,0,0,4936135454,4917.93786,0.010005,388,16568,470,-2058,-1235,-85,178,0.23223756103515625,9.916783276367187,0.2813186950683594,30.47705882352941,-33938.931297709925,-2335.87786259542,4891.603053435115
493364,0,0,0,4936145459,4917.947865,0.010005,390,16566,458,-2057,-1234,-90,189,0.23343466186523437,9.91558617553711,0.2741360900878906,30.48,-33911.45038167939,-2473.282442748092,5193.893129770992
493365,0,0,0,4936155464,4917.95787,0.010005,312,16524,464,-2057,-1231,-91,174,0.1867477294921875,9.890447058105469,0.277727392578125,30.48,-33829.00763358779,-2500.7633587786263,4781.679389312977
493366,0,0,0,4936165470,4917.967876,0.010006,358,16522,482,-2060,-1230,-84,187,0.21428104858398436,9.889249957275391,0.2885013000488281,30.471176470588237,-33801.52671755725,-2308.3969465648856,5138.931297709924
493367,0,0,0,4936175475,4917.977881,0.010005,366,16502,458,-2059,-1223,-82,185,0.21906945190429686,9.87727894897461,0.2741360900878906,30.474117647058826,-33609.16030534351,-2253.4351145038167,5083.9694656488555
493368,0,0,0,4936185480,4917.987886,0.010005,374,16524,450,-2060,-1224,-89,185,0.22385785522460935,9.890447058105469,0.2693476867675781,30.471176470588237,-33636.64122137405,-2445.8015267175574,5083.9694656488555
493369,0,0,0,4936195485,4917.997891,0.010005,360,16566,430,-2056,-1234,-92,183,0.2154781494140625,9.91558617553711,0.25737667846679685,30.48294117647059,-33911.45038167939,-2528.2442748091603,5029.007633587787
493370,0,0,0,4936205490,4918.007896,0.010005,376,16530,440,-2060,-1233,-88,184,0.22505495605468748,9.894038360595703,0.26336218261718747,30.471176470588237,-33883.96946564886,-2418.320610687023,5056.488549618321
493371,0,0,0,4936215496,4918.017902,0.010006,348,16550,434,-2055,-1229,-83,188,0.20829554443359374,9.906009368896484,0.2597708801269531,30.48588235294118,-33774.04580152672,-2280.916030534351,5166.412213740458
493372,0,0,0,4936225501,4918.027907,0.010005,408,16562,448,-2052,-1229,-88,182,0.2442085693359375,9.913191973876952,0.26815058593749996,30.494705882352942,-33774.04580152672,-2418.320610687023,5001.526717557253
493373,0,0,0,4936235506,4918.037912,0.010005,386,16560,454,-2061,-1230,-79,190,0.23104046020507812,9.911994873046874,0.27174188842773433,30.468235294117648,-33801.52671755725,-2170.992366412214,5221.374045801527
493374,0,0,0,4936245511,4918.047917,0.010005,396,16572,452,-2058,-1227,-82,194,0.23702596435546874,9.919177478027343,0.2705447875976562,30.47705882352941,-33719.08396946565,-2253.4351145038167,5331.297709923664
493375,0,0,0,4936255516,4918.057922,0.010005,420,16544,486,-2057,-1223,-84,181,0.25139117431640623,9.90241806640625,0.29089550170898437,30.48,-33609.16030534351,-2308.3969465648856,4974.045801526718
493376,0,0,0,4936265522,4918.067928,0.010006,402,16512,450,-2056,-1227,-91,187,0.24061726684570311,9.883264453125,0.2693476867675781,30.48294117647059,-33719.08396946565,-2500.7633587786263,5138.931297709924
493377,0,0,0,4936275527,4918.077933,0.010005,382,16558,478,-2054,-1236,-83,185,0.22864625854492185,9.910797772216796,0.2861070983886719,30.488823529411768,-33966.41221374046,-2280.916030534351,5083.9694656488555
493378,0,0,0,4936285532,4918.087938,0.010005,352,16594,470,-2059,-1231,-81,183,0.21068974609375,9.932345587158203,0.2813186950683594,30.474117647058826,-33829.00763358779,-2225.9541984732828,5029.007633587787
493379,0,0,0,4936295537,4918.097943,0.010005,362,16576,498,-2059,-1230,-87,184,0.2166752502441406,9.9215716796875,0.2980781066894531,30.474117647058826,-33801.52671755725,-2390.8396946564885,5056.488549618321
493380,0,0,0,4936305543,4918.107949,0.010006,384,16528,520,-2062,-1227,-80,187,0.229843359375,9.892841259765625,0.3112462158203125,30.465294117647062,-33719.08396946565,-2198.4732824427483,5138.931297709924
493381,0,0,0,4936315548,4918.117954,0.010005,354,16540,388,-2062,-1230,-92,187,0.21188684692382811,9.900023864746093,0.23223756103515625,30.465294117647062,-33801.52671755725,-2528.2442748091603,5138.931297709924
493382,0,0,0,4936325553,4918.127959,0.010005,396,16538,402,-2060,-1233,-86,187,0.23702596435546874,9.898826763916015,0.24061726684570311,30.471176470588237,-33883.96946564886,-2363.3587786259545,5138.931297709924
493383,0,0,0,4936335558,4918.137964,0.010005,358,16534,452,-2058,-1229,-87,179,0.21428104858398436,9.896432562255859,0.2705447875976562,30.47705882352941,-33774.04580152672,-2390.8396946564885,4919.083969465649
493384,0,0,0,4936345563,4918.147969,0.010005,390,16522,468,-2053,-1230,-90,187,0.23343466186523437,9.889249957275391,0.28012159423828126,30.491764705882353,-33801.52671755725,-2473.282442748092,5138.931297709924
493385,0,0,0,4936355569,4918.157975,0.010006,396,16538,484,-2050,-1228,-85,192,0.23702596435546874,9.898826763916015,0.28969840087890625,30.500588235294117,-33746.564885496184,-2335.87786259542,5276.335877862595
493386,0,0,0,4936365574,4918.16798,0.010005,368,16530,540,-2052,-1229,-79,186,0.22026655273437498,9.894038360595703,0.3232172241210937,30.494705882352942,-33774.04580152672,-2170.992366412214,5111.4503816793895
493387,0,0,0,4936375579,4918.177985,0.010005,372,16532,416,-2052,-1226,-81,176,0.22266075439453123,9.89523546142578,0.24899697265624998,30.494705882352942,-33691.603053435116,-2225.9541984732828,4836.641221374046
493388,0,0,0,4936385584,4918.18799,0.010005,450,16568,446,-2053,-1228,-86,188,0.2693476867675781,9.916783276367187,0.26695348510742184,30.491764705882353,-33746.564885496184,-2363.3587786259545,5166.412213740458
493389,0,0,0,4936395589,4918.197995,0.010005,384,16512,538,-2058,-1233,-84,193,0.229843359375,9.883264453125,0.3220201232910156,30.47705882352941,-33883.96946564886,-2308.3969465648856,5303.81679389313
493390,0,0,0,4936405595,4918.208001,0.010006,378,16556,460,-2058,-1238,-86,185,0.2262520568847656,9.909600671386718,0.2753331909179687,30.47705882352941,-34021.37404580153,-2363.3587786259545,5083.9694656488555
493391,0,0,0,4936415600,4918.218006,0.010005,356,16560,498,-2052,-1230,-90,187,0.21308394775390624,9.911994873046874,0.2980781066894531,30.494705882352942,-33801.52671755725,-2473.282442748092,5138.931297709924
493392,0,0,0,4936425605,4918.228011,0.010005,364,16552,516,-2056,-1229,-91,191,0.21787235107421873,9.907206469726562,0.30885201416015623,30.48294117647059,-33774.04580152672,-2500.7633587786263,5248.854961832061
493393,0,0,0,4936435610,4918.238016,0.010005,364,16532,464,-2053,-1234,-86,188,0.21787235107421873,9.89523546142578,0.277727392578125,30.491764705882353,-33911.45038167939,-2363.3587786259545,5166.412213740458
493394,0,0,0,4936445616,4918.248022,0.010006,332,16546,468,-2060,-1229,-86,184,0.19871873779296872,9.903615167236328,0.28012159423828126,30.471176470588237,-33774.04580152672,-2363.3587786259545,5056.488549618321
493395,0,0,0,4936455621,4918.258027,0.010005,346,16570,486,-2062,-1231,-86,181,0.20709844360351562,9.917980377197265,0.29089550170898437,30.465294117647062,-33829.00763358779,-2363.3587786259545,4974.045801526718
493396,0,0,0,4936465626,4918.268032,0.010005,294,16544,408,-2058,-1233,-86,184,0.17597382202148437,9.90241806640625,0.2442085693359375,30.47705882352941,-33883.96946564886,-2363.3587786259545,5056.488549618321
493397,0,0,0,4936475631,4918.278037,0.010005,390,16552,450,-2057,-1232,-94,186,0.23343466186523437,9.907206469726562,0.2693476867675781,30.48,-33856.48854961832,-2583.206106870229,5111.4503816793895
493398,0,0,0,4936485636,4918.288042,0.010005,348,16588,460,-2059,-1233,-91,189,0.20829554443359374,9.928754284667969,0.2753331909179687,30.474117647058826,-33883.96946564886,-2500.7633587786263,5193.893129770992
493399,0,0,0,4936495642,4918.298048,0.010006,382,16496,472,-2057,-1235,-84,188,0.22864625854492185,9.873687646484374,0.2825157958984375,30.48,-33938.931297709925,-2308.3969465648856,5166.412213740458
493400,0,0,0,4936505647,4918.308053,0.010005,384,16494,478,-2052,-1234,-88,188,0.229843359375,9.872490545654296,0.2861070983886719,30.494705882352942,-33911.45038167939,-2418.320610687023,5166.412213740458
493401,0,0,0,4936515652,4918.318058,0.010005,406,16508,498,-2059,-1233,-83,188,0.24301146850585936,9.880870251464843,0.2980781066894531,30.474117647058826,-33883.96946564886,-2280.916030534351,5166.412213740458
493402,0,0,0,4936525657,4918.328063,0.010005,378,16528,528,-2058,-1233,-83,184,0.2262520568847656,9.892841259765625,0.316034619140625,30.47705882352941,-33883.96946564886,-2280.916030534351,5056.488549618321
493403,0,0,0,4936535662,4918.338068,0.010005,350,16474,510,-2058,-1231,-82,193,0.20949264526367187,9.860519537353515,0.30526071166992186,30.47705882352941,-33829.00763358779,-2253.4351145038167,5303.81679389313
493404,0,0,0,4936545668,4918.348074,0.010006,404,16540,488,-2056,-1230,-79,186,0.24181436767578124,9.900023864746093,0.2920926025390625,30.48294117647059,-33801.52671755725,-2170.992366412214,5111.4503816793895
493405,0,0,0,4936555673,4918.358079,0.010005,382,16568,502,-2051,-1224,-81,183,0.22864625854492185,9.916783276367187,0.30047230834960936,30.49764705882353,-33636.64122137405,-2225.9541984732828,5029.007633587787
493406,0,0,0,4936565678,4918.368084,0.010005,378,16594,552,-2053,-1228,-82,191,0.2262520568847656,9.932345587158203,0.33039982910156246,30.491764705882353,-33746.564885496184,-2253.4351145038167,5248.854961832061
493407,0,0,0,4936575683,4918.378089,0.010005,366,16552,476,-2053,-1226,-83,187,0.21906945190429686,9.907206469726562,0.28490999755859375,30.491764705882353,-33691.603053435116,-2280.916030534351,5138.931297709924
493408,0,0,0,4936585689,4918.388095,0.010006,376,16554,460,-2052,-1239,-84,185,0.22505495605468748,9.90840357055664,0.2753331909179687,30.494705882352942,-34048.85496183206,-2308.3969465648856,5083.9694656488555
493409,0,0,0,4936595694,4918.3981,0.010005,360,16556,486,-2054,-1231,-87,181,0.2154781494140625,9.909600671386718,0.29089550170898437,30.488823529411768,-33829.00763358779,-2390.8396946564885,4974.045801526718
493410,0,0,0,4936605699,4918.408105,0.010005,366,16586,470,-2053,-1231,-85,185,0.21906945190429686,9.92755718383789,0.2813186950683594,30.491764705882353,-33829.00763358779,-2335.87786259542,5083.9694656488555
493411,0,0,0,4936615704,4918.41811,0.010005,430,16538,488,-2049,-1230,-81,187,0.25737667846679685,9.898826763916015,0.2920926025390625,30.503529411764706,-33801.52671755725,-2225.9541984732828,5138.931297709924
493412,0,0,0,4936625709,4918.428115,0.010005,350,16540,498,-2053,-1230,-82,181,0.20949264526367187,9.900023864746093,0.2980781066894531,30.491764705882353,-33801.52671755725,-2253.4351145038167,4974.045801526718
493413,0,0,0,4936635715,4918.438121,0.010006,346,16520,458,-2059,-1231,-86,184,0.20709844360351562,9.888052856445311,0.2741360900878906,30.474117647058826,-33829.00763358779,-2363.3587786259545,5056.488549618321
493414,0,0,0,4936645720,4918.448126,0.010005,340,16550,390,-2053,-1232,-86,192,0.20350714111328125,9.906009368896484,0.23343466186523437,30.491764705882353,-33856.48854961832,-2363.3587786259545,5276.335877862595
493415,0,0,0,4936655725,4918.458131,0.010005,358,16538,500,-2044,-1223,-86,178,0.21428104858398436,9.898826763916015,0.29927520751953124,30.51823529411765,-33609.16030534351,-2363.3587786259545,4891.603053435115
493416,0,0,0,4936665730,4918.468136,0.010005,338,16556,454,-2049,-1229,-86,193,0.20231004028320312,9.909600671386718,0.27174188842773433,30.503529411764706,-33774.04580152672,-2363.3587786259545,5303.81679389313
493417,0,0,0,4936675735,4918.478141,0.010005,378,16530,524,-2053,-1232,-82,184,0.2262520568847656,9.894038360595703,0.3136404174804687,30.491764705882353,-33856.48854961832,-2253.4351145038167,5056.488549618321
493418,0,0,0,4936685741,4918.488147,0.010006,342,16552,408,-2054,-1230,-86,184,0.20470424194335937,9.907206469726562,0.2442085693359375,30.488823529411768,-33801.52671755725,-2363.3587786259545,5056.488549618321
493419,0,0,0,4936695746,4918.498152,0.010005,394,16528,466,-2052,-1231,-77,186,0.23582886352539062,9.892841259765625,0.27892449340820313,30.494705882352942,-33829.00763358779,-2116.030534351145,5111.4503816793895
493420,0,0,0,4936705751,4918.508157,0.010005,336,16546,536,-2059,-1227,-87,189,0.201112939453125,9.903615167236328,0.32082302246093747,30.474117647058826,-33719.08396946565,-2390.8396946564885,5193.893129770992
493421,0,0,0,4936715756,4918.518162,0.010005,362,16536,518,-2060,-1233,-89,192,0.2166752502441406,9.897629663085937,0.31004911499023435,30.471176470588237,-33883.96946564886,-2445.8015267175574,5276.335877862595
493422,0,0,0,4936725762,4918.528168,0.010006,336,16508,468,-2055,-1229,-85,191,0.201112939453125,9.880870251464843,0.28012159423828126,30.48588235294118,-33774.04580152672,-2335.87786259542,5248.854961832061
493423,0,0,0,4936735767,4918.538173,0.010005,360,16518,442,-2061,-1233,-90,188,0.2154781494140625,9.886855755615233,0.2645592834472656,30.468235294117648,-33883.96946564886,-2473.282442748092,5166.412213740458
493424,0,0,0,4936745772,4918.548178,0.010005,398,16528,430,-2056,-1236,-84,184,0.23822306518554687,9.892841259765625,0.25737667846679685,30.48294117647059,-33966.41221374046,-2308.3969465648856,5056.488549618321
493425,0,0,0,4936755777,4918.558183,0.010005,374,16568,492,-2053,-1239,-85,195,0.22385785522460935,9.916783276367187,0.29448680419921874,30.491764705882353,-34048.85496183206,-2335.87786259542,5358.778625954199
493426,0,0,0,4936765782,4918.568188,0.010005,328,16556,416,-2054,-1234,-82,186,0.19632453613281248,9.909600671386718,0.24899697265624998,30.488823529411768,-33911.45038167939,-2253.4351145038167,5111.4503816793895
493427,0,0,0,4936775788,4918.578194,0.010006,404,16570,390,-2058,-1230,-81,190,0.24181436767578124,9.917980377197265,0.23343466186523437,30.47705882352941,-33801.52671755725,-2225.9541984732828,5221.374045801527
493428,0,0,0,4936785793,4918.588199,0.010005,366,16558,402,-2058,-1233,-86,190,0.21906945190429686,9.910797772216796,0.24061726684570311,30.47705882352941,-33883.96946564886,-2363.3587786259545,5221.374045801527
493429,0,0,0,4936795798,4918.598204,0.010005,348,16566,492,-2057,-1234,-87,192,0.20829554443359374,9.91558617553711,0.29448680419921874,30.48,-33911.45038167939,-2390.8396946564885,5276.335877862595
493430,0,0,0,4936805803,4918.608209,0.010005,350,16532,484,-2053,-1234,-86,182,0.20949264526367187,9.89523546142578,0.28969840087890625,30.491764705882353,-33911.45038167939,-2363.3587786259545,5001.526717557253
493431,0,0,0,4936815808,4918.618214,0.010005,374,16516,516,-2053,-1231,-86,186,0.22385785522460935,9.885658654785155,0.30885201416015623,30.491764705882353,-33829.00763358779,-2363.3587786259545,5111.4503816793895
493432,0,0,0,4936825814,4918.62822,0.010006,378,16524,444,-2049,-1229,-89,189,0.2262520568847656,9.890447058105469,0.2657563842773437,30.503529411764706,-33774.04580152672,-2445.8015267175574,5193.893129770992
493433,0,0,0,4936835819,4918.638225,0.010005,380,16530,446,-2056,-1228,-91,184,0.22744915771484372,9.894038360595703,0.26695348510742184,30.48294117647059,-33746.564885496184,-2500.7633587786263,5056.488549618321
493434,0,0,0,4936845824,4918.64823,0.010005,362,16576,512,-2052,-1238,-84,185,0.2166752502441406,9.9215716796875,0.3064578125,30.494705882352942,-34021.37404580153,-2308.3969465648856,5083.9694656488555
493435,0,0,0,4936855829,4918.658235,0.010005,386,16544,554,-2059,-1229,-91,186,0.23104046020507812,9.90241806640625,0.3315969299316406,30.474117647058826,-33774.04580152672,-2500.7633587786263,5111.4503816793895
493436,0,0,0,4936865835,4918.668241,0.010006,354,16506,574,-2054,-1231,-86,185,0.21188684692382811,9.879673150634765,0.3435679382324219,30.488823529411768,-33829.00763358779,-2363.3587786259545,5083.9694656488555
493437,0,0,0,4936875840,4918.678246,0.010005,348,16590,512,-2056,-1231,-85,193,0.20829554443359374,9.929951385498047,0.3064578125,30.48294117647059,-33829.00763358779,-2335.87786259542,5303.81679389313
493438,0,0,0,4936885845,4918.688251,0.010005,380,16540,502,-2053,-1232,-84,192,0.22744915771484372,9.900023864746093,0.30047230834960936,30.491764705882353,-33856.48854961832,-2308.3969465648856,5276.335877862595
493439,0,0,0,4936895850,4918.698256,0.010005,360,16544,464,-2055,-1231,-87,183,0.2154781494140625,9.90241806640625,0.277727392578125,30.48588235294118,-33829.00763358779,-2390.8396946564885,5029.007633587787
493440,0,0,0,4936905855,4918.708261,0.010005,396,16546,510,-2052,-1226,-91,177,0.23702596435546874,9.903615167236328,0.30526071166992186,30.494705882352942,-33691.603053435116,-2500.7633587786263,4864.122137404581
493441,0,0,0,4936915861,4918.718267,0.010006,370,16574,454,-2053,-1230,-91,187,0.2214636535644531,9.920374578857421,0.27174188842773433,30.491764705882353,-33801.52671755725,-2500.7633587786263,5138.931297709924
493442,0,0,0,4936925866,4918.728272,0.010005,362,16564,496,-2051,-1234,-91,188,0.2166752502441406,9.91438907470703,0.296881005859375,30.49764705882353,-33911.45038167939,-2500.7633587786263,5166.412213740458
493443,0,0,0,4936935871,4918.738277,0.010005,378,16542,424,-2052,-1231,-86,189,0.2262520568847656,9.90122096557617,0.2537853759765625,30.494705882352942,-33829.00763358779,-2363.3587786259545,5193.893129770992
493444,0,0,0,4936945876,4918.748282,0.010005,376,16538,548,-2053,-1228,-82,189,0.22505495605468748,9.898826763916015,0.3280056274414062,30.491764705882353,-33746.564885496184,-2253.4351145038167,5193.893129770992
493445,0,0,0,4936955881,4918.758287,0.010005,370,16570,438,-2051,-1227,-79,185,0.2214636535644531,9.917980377197265,0.26216508178710934,30.49764705882353,-33719.08396946565,-2170.992366412214,5083.9694656488555
493446,0,0,0,4936965887,4918.768293,0.010006,354,16536,426,-2053,-1229,-90,187,0.21188684692382811,9.897629663085937,0.2549824768066406,30.491764705882353,-33774.04580152672,-2473.282442748092,5138.931297709924
493447,0,0,0,4936975892,4918.778298,0.010005,370,16530,470,-2054,-1230,-92,187,0.2214636535644531,9.894038360595703,0.2813186950683594,30.488823529411768,-33801.52671755725,-2528.2442748091603,5138.931297709924
493448,0,0,0,4936985897,4918.788303,0.010005,382,16548,452,-2057,-1230,-83,193,0.22864625854492185,9.904812268066406,0.2705447875976562,30.48,-33801.52671755725,-2280.916030534351,5303.81679389313
493449,0,0,0,4936995902,4918.798308,0.010005,360,16572,526,-2056,-1235,-86,192,0.2154781494140625,9.919177478027343,0.31483751831054685,30.48294117647059,-33938.931297709925,-2363.3587786259545,5276.335877862595
493450,0,0,0,4937005907,4918.808313,0.010005,330,16552,514,-2049,-1231,-85,185,0.1975216369628906,9.907206469726562,0.3076549133300781,30.503529411764706,-33829.00763358779,-2335.87786259542,5083.9694656488555
493451,0,0,0,4937015913,4918.818319,0.010006,400,16564,446,-2050,-1228,-85,191,0.239420166015625,9.91438907470703,0.26695348510742184,30.500588235294117,-33746.564885496184,-2335.87786259542,5248.854961832061
493452,0,0,0,4937025918,4918.828324,0.010005,370,16560,488,-2050,-1231,-86,185,0.2214636535644531,9.911994873046874,0.2920926025390625,30.500588235294117,-33829.00763358779,-2363.3587786259545,5083.9694656488555
493453,0,0,0,4937035923,4918.838329,0.010005,372,16532,468,-2053,-1231,-84,180,0.22266075439453123,9.89523546142578,0.28012159423828126,30.491764705882353,-33829.00763358779,-2308.3969465648856,4946.564885496184
493454,0,0,0,4937045928,4918.848334,0.010005,362,16554,434,-2054,-1232,-83,190,0.2166752502441406,9.90840357055664,0.2597708801269531,30.488823529411768,-33856.48854961832,-2280.916030534351,5221.374045801527
493455,0,0,0,4937055934,4918.85834,0.010006,400,16564,416,-2060,-1227,-86,180,0.239420166015625,9.91438907470703,0.24899697265624998,30.471176470588237,-33719.08396946565,-2363.3587786259545,4946.564885496184
493456,0,0,0,4937065939,4918.868345,0.010005,386,16502,506,-2057,-1228,-82,180,0.23104046020507812,9.87727894897461,0.3028665100097656,30.48,-33746.564885496184,-2253.4351145038167,4946.564885496184
493457,0,0,0,4937075944,4918.87835,0.010005,376,16528,410,-2059,-1232,-82,182,0.22505495605468748,9.892841259765625,0.2454056701660156,30.474117647058826,-33856.48854961832,-2253.4351145038167,5001.526717557253
493458,0,0,0,4937085949,4918.888355,0.010005,404,16582,446,-2059,-1233,-87,185,0.24181436767578124,9.925162982177733,0.26695348510742184,30.474117647058826,-33883.96946564886,-2390.8396946564885,5083.9694656488555
493459,0,0,0,4937095954,4918.89836,0.010005,400,16548,496,-2059,-1229,-82,190,0.239420166015625,9.904812268066406,0.296881005859375,30.474117647058826,-33774.04580152672,-2253.4351145038167,5221.374045801527
493460,0,0,0,4937105960,4918.908366,0.010006,364,16562,474,-2060,-1230,-81,188,0.21787235107421873,9.913191973876952,0.28371289672851563,30.471176470588237,-33801.52671755725,-2225.9541984732828,5166.412213740458
493461,0,0,0,4937115965,4918.918371,0.010005,360,16528,426,-2053,-1233,-82,198,0.2154781494140625,9.892841259765625,0.2549824768066406,30.491764705882353,-33883.96946564886,-2253.4351145038167,5441.221374045802
493462,0,0,0,4937125970,4918.928376,0.010005,346,16514,438,-2059,-1229,-82,186,0.20709844360351562,9.884461553955077,0.26216508178710934,30.474117647058826,-33774.04580152672,-2253.4351145038167,5111.4503816793895
493463,0,0,0,4937135975,4918.938381,0.010005,342,16544,460,-2058,-1227,-85,184,0.20470424194335937,9.90241806640625,0.2753331909179687,30.47705882352941,-33719.08396946565,-2335.87786259542,5056.488549618321
493464,0,0,0,4937145980,4918.948386,0.010005,372,16502,472,-2053,-1228,-90,185,0.22266075439453123,9.87727894897461,0.2825157958984375,30.491764705882353,-33746.564885496184,-2473.282442748092,5083.9694656488555
493465,0,0,0,4937155986,4918.958392,0.010006,382,16522,500,-2056,-1229,-92,184,0.22864625854492185,9.889249957275391,0.29927520751953124,30.48294117647059,-33774.04580152672,-2528.2442748091603,5056.488549618321
493466,0,0,0,4937165991,4918.968397,0.010005,408,16522,434,-2060,-1228,-83,188,0.2442085693359375,9.889249957275391,0.2597708801269531,30.471176470588237,-33746.564885496184,-2280.916030534351,5166.412213740458
493467,0,0,0,4937175996,4918.978402,0.010005,372,16530,428,-2057,-1234,-81,182,0.22266075439453123,9.894038360595703,0.2561795776367187,30.48,-33911.45038167939,-2225.9541984732828,5001.526717557253
493468,0,0,0,4937186001,4918.988407,0.010005,320,16510,484,-2052,-1226,-81,184,0.19153613281249998,9.882067352294921,0.28969840087890625,30.494705882352942,-33691.603053435116,-2225.9541984732828,5056.488549618321
493469,0,0,0,4937196006,4918.998412,0.010005,390,16558,482,-2047,-1231,-85,194,0.23343466186523437,9.910797772216796,0.2885013000488281,30.509411764705884,-33829.00763358779,-2335.87786259542,5331.297709923664
493470,0,0,0,4937206012,4919.008418,0.010006,428,16522,512,-2056,-1228,-90,188,0.2561795776367187,9.889249957275391,0.3064578125,30.48294117647059,-33746.564885496184,-2473.282442748092,5166.412213740458
493471,0,0,0,4937216017,4919.018423,0.010005,360,16552,426,-2052,-1230,-83,185,0.2154781494140625,9.907206469726562,0.2549824768066406,30.494705882352942,-33801.52671755725,-2280.916030534351,5083.9694656488555
493472,0,0,0,4937226022,4919.028428,0.010005,418,16548,492,-2055,-1224,-85,189,0.2501940734863281,9.904812268066406,0.29448680419921874,30.48588235294118,-33636.64122137405,-2335.87786259542,5193.893129770992
493473,0,0,0,4937236027,4919.038433,0.010005,374,16522,468,-2054,-1230,-89,190,0.22385785522460935,9.889249957275391,0.28012159423828126,30.488823529411768,-33801.52671755725,-2445.8015267175574,5221.374045801527
493474,0,0,0,4937246033,4919.048439,0.010006,354,16586,438,-2058,-1219,-86,183,0.21188684692382811,9.92755718383789,0.26216508178710934,30.47705882352941,-33499.236641221374,-2363.3587786259545,5029.007633587787
493475,0,0,0,4937256038,4919.058444,0.010005,396,16514,444,-2060,-1231,-86,181,0.23702596435546874,9.884461553955077,0.2657563842773437,30.471176470588237,-33829.00763358779,-2363.3587786259545,4974.045801526718
493476,0,0,0,4937266043,4919.068449,0.010005,360,16518,454,-2056,-1232,-90,184,0.2154781494140625,9.886855755615233,0.27174188842773433,30.48294117647059,-33856.48854961832,-2473.282442748092,5056.488549618321
493477,0,0,0,4937276048,4919.078454,0.010005,380,16516,508,-2055,-1226,-95,181,0.22744915771484372,9.885658654785155,0.30406361083984373,30.48588235294118,-33691.603053435116,-2610.6870229007636,4974.045801526718
493478,0,0,0,4937286053,4919.088459,0.010005,368,16544,452,-2062,-1231,-89,181,0.22026655273437498,9.90241806640625,0.2705447875976562,30.465294117647062,-33829.00763358779,-2445.8015267175574,4974.045801526718
493479,0,0,0,4937296059,4919.098465,0.010006,354,16548,492,-2054,-1232,-79,183,0.21188684692382811,9.904812268066406,0.29448680419921874,30.488823529411768,-33856.48854961832,-2170.992366412214,5029.007633587787
493480,0,0,0,4937306064,4919.10847,0.010005,360,16558,486,-2053,-1232,-86,179,0.2154781494140625,9.910797772216796,0.29089550170898437,30.491764705882353,-33856.48854961832,-2363.3587786259545,4919.083969465649
493481,0,0,0,4937316069,4919.118475,0.010005,376,16514,430,-2056,-1235,-80,188,0.22505495605468748,9.884461553955077,0.25737667846679685,30.48294117647059,-33938.931297709925,-2198.4732824427483,5166.412213740458
493482,0,0,0,4937326074,4919.12848,0.010005,400,16550,450,-2049,-1239,-85,185,0.239420166015625,9.906009368896484,0.2693476867675781,30.503529411764706,-34048.85496183206,-2335.87786259542,5083.9694656488555
493483,0,0,0,4937336079,4919.138485,0.010005,372,16546,464,-2054,-1231,-90,186,0.22266075439453123,9.903615167236328,0.277727392578125,30.488823529411768,-33829.00763358779,-2473.282442748092,5111.4503816793895
493484,0,0,0,4937346085,4919.148491,0.010006,376,16532,438,-2055,-1223,-81,184,0.22505495605468748,9.89523546142578,0.26216508178710934,30.48588235294118,-33609.16030534351,-2225.9541984732828,5056.488549618321
493485,0,0,0,4937356090,4919.158496,0.010005,366,16552,516,-2055,-1231,-89,186,0.21906945190429686,9.907206469726562,0.30885201416015623,30.48588235294118,-33829.00763358779,-2445.8015267175574,5111.4503816793895
493486,0,0,0,4937366095,4919.168501,0.010005,340,16526,458,-2052,-1230,-87,188,0.20350714111328125,9.891644158935547,0.2741360900878906,30.494705882352942,-33801.52671755725,-2390.8396946564885,5166.412213740458
493487,0,0,0,4937376100,4919.178506,0.010005,352,16540,426,-2056,-1235,-88,189,0.21068974609375,9.900023864746093,0.2549824768066406,30.48294117647059,-33938.931297709925,-2418.320610687023,5193.893129770992
493488,0,0,0,4937386106,4919.188512,0.010006,318,16544,470,-2054,-1228,-88,194,0.19033903198242186,9.90241806640625,0.2813186950683594,30.488823529411768,-33746.564885496184,-2418.320610687023,5331.297709923664
493489,0,0,0,4937396111,4919.198517,0.010005,394,16566,436,-2057,-1231,-88,186,0.23582886352539062,9.91558617553711,0.2609679809570312,30.48,-33829.00763358779,-2418.320610687023,5111.4503816793895
493490,0,0,0,4937406116,4919.208522,0.010005,382,16518,484,-2053,-1229,-85,185,0.22864625854492185,9.886855755615233,0.28969840087890625,30.491764705882353,-33774.04580152672,-2335.87786259542,5083.9694656488555
493491,0,0,0,4937416121,4919.218527,0.010005,398,16550,460,-2046,-1235,-91,180,0.23822306518554687,9.906009368896484,0.2753331909179687,30.512352941176474,-33938.931297709925,-2500.7633587786263,4946.564885496184
493492,0,0,0,4937426126,4919.228532,0.010005,340,16546,480,-2047,-1230,-88,189,0.20350714111328125,9.903615167236328,0.28730419921875,30.509411764705884,-33801.52671755725,-2418.320610687023,5193.893129770992
493493,0,0,0,4937436132,4919.238538,0.010006,378,16552,526,-2053,-1227,-80,193,0.2262520568847656,9.907206469726562,0.31483751831054685,30.491764705882353,-33719.08396946565,-2198.4732824427483,5303.81679389313
493494,0,0,0,4937446137,4919.248543,0.010005,340,16538,470,-2056,-1230,-82,191,0.20350714111328125,9.898826763916015,0.2813186950683594,30.48294117647059,-33801.52671755725,-2253.4351145038167,5248.854961832061
493495,0,0,0,4937456142,4919.258548,0.010005,386,16518,452,-2054,-1229,-93,185,0.23104046020507812,9.886855755615233,0.2705447875976562,30.488823529411768,-33774.04580152672,-2555.7251908396947,5083.9694656488555
493496,0,0,0,4937466147,4919.268553,0.010005,362,16504,488,-2052,-1236,-89,193,0.2166752502441406,9.878476049804688,0.2920926025390625,30.494705882352942,-33966.41221374046,-2445.8015267175574,5303.81679389313
493497,0,0,0,4937476152,4919.278558,0.010005,368,16530,486,-2054,-1227,-92,196,0.22026655273437498,9.894038360595703,0.29089550170898437,30.488823529411768,-33719.08396946565,-2528.2442748091603,5386.259541984733
493498,0,0,0,4937486158,4919.288564,0.010006,336,16558,550,-2057,-1226,-87,189,0.201112939453125,9.910797772216796,0.32920272827148434,30.48,-33691.603053435116,-2390.8396946564885,5193.893129770992
493499,0,0,0,4937496163,4919.298569,0.010005,422,16540,500,-2058,-1234,-84,176,0.25258827514648435,9.900023864746093,0.29927520751953124,30.47705882352941,-33911.45038167939,-2308.3969465648856,4836.641221374046
493500,0,0,0,4937506168,4919.308574,0.010005,364,16564,422,-2054,-1229,-90,179,0.21787235107421873,9.91438907470703,0.25258827514648435,30.488823529411768,-33774.04580152672,-2473.282442748092,4919.083969465649
493501,0,0,0,4937516173,4919.318579,0.010005,362,16556,512,-2054,-1235,-82,191,0.2166752502441406,9.909600671386718,0.3064578125,30.488823529411768,-33938.931297709925,-2253.4351145038167,5248.854961832061
493502,0,0,0,4937526178,4919.328584,0.010005,308,16518,480,-2051,-1229,-87,189,0.18435352783203124,9.886855755615233,0.28730419921875,30.49764705882353,-33774.04580152672,-2390.8396946564885,5193.893129770992
493503,0,0,0,4937536184,4919.33859,0.010006,400,16580,516,-2057,-1226,-81,196,0.239420166015625,9.923965881347655,0.30885201416015623,30.48,-33691.603053435116,-2225.9541984732828,5386.259541984733
493504,0,0,0,4937546189,4919.348595,0.010005,374,16540,490,-2055,-1226,-84,192,0.22385785522460935,9.900023864746093,0.2932897033691406,30.48588235294118,-33691.603053435116,-2308.3969465648856,5276.335877862595
493505,0,0,0,4937556194,4919.3586,0.010005,386,16530,446,-2055,-1234,-80,189,0.23104046020507812,9.894038360595703,0.26695348510742184,30.48588235294118,-33911.45038167939,-2198.4732824427483,5193.893129770992
493506,0,0,0,4937566199,4919.368605,0.010005,366,16610,428,-2055,-1238,-77,184,0.21906945190429686,9.941922393798828,0.2561795776367187,30.48588235294118,-34021.37404580153,-2116.030534351145,5056.488549618321
493507,0,0,0,4937576205,4919.378611,0.010006,354,16526,426,-2052,-1231,-81,178,0.21188684692382811,9.891644158935547,0.2549824768066406,30.494705882352942,-33829.00763358779,-2225.9541984732828,4891.603053435115
493508,0,0,0,4937586210,4919.388616,0.010005,364,16562,454,-2054,-1229,-82,190,0.21787235107421873,9.913191973876952,0.27174188842773433,30.488823529411768,-33774.04580152672,-2253.4351145038167,5221.374045801527
493509,0,0,0,4937596215,4919.398621,0.010005,362,16544,404,-2054,-1232,-87,186,0.2166752502441406,9.90241806640625,0.24181436767578124,30.488823529411768,-33856.48854961832,-2390.8396946564885,5111.4503816793895
493510,0,0,0,4937606220,4919.408626,0.010005,366,16586,490,-2051,-1232,-77,183,0.21906945190429686,9.92755718383789,0.2932897033691406,30.49764705882353,-33856.48854961832,-2116.030534351145,5029.007633587787
493511,0,0,0,4937616225,4919.418631,0.010005,332,16574,454,-2055,-1232,-81,175,0.19871873779296872,9.920374578857421,0.27174188842773433,30.48588235294118,-33856.48854961832,-2225.9541984732828,4809.160305343512
493512,0,0,0,4937626231,4919.428637,0.010006,390,16520,486,-2055,-1238,-83,186,0.23343466186523437,9.888052856445311,0.29089550170898437,30.48588235294118,-34021.37404580153,-2280.916030534351,5111.4503816793895
493513,0,0,0,4937636236,4919.438642,0.010005,362,16550,456,-2056,-1229,-87,195,0.2166752502441406,9.906009368896484,0.27293898925781246,30.48294117647059,-33774.04580152672,-2390.8396946564885,5358.778625954199
493514,0,0,0,4937646241,4919.448647,0.010005,358,16558,452,-2059,-1230,-87,187,0.21428104858398436,9.910797772216796,0.2705447875976562,30.474117647058826,-33801.52671755725,-2390.8396946564885,5138.931297709924
493515,0,0,0,4937656246,4919.458652,0.010005,406,16558,458,-2059,-1230,-88,181,0.24301146850585936,9.910797772216796,0.2741360900878906,30.474117647058826,-33801.52671755725,-2418.320610687023,4974.045801526718
493516,0,0,0,4937666251,4919.468657,0.010005,390,16552,456,-2051,-1229,-87,177,0.23343466186523437,9.907206469726562,0.27293898925781246,30.49764705882353,-33774.04580152672,-2390.8396946564885,4864.122137404581
493517,0,0,0,4937676257,4919.478663,0.010006,374,16494,532,-2054,-1234,-87,187,0.22385785522460935,9.872490545654296,0.3184288208007812,30.488823529411768,-33911.45038167939,-2390.8396946564885,5138.931297709924
493518,0,0,0,4937686262,4919.488668,0.010005,376,16584,444,-2057,-1232,-90,180,0.22505495605468748,9.926360083007811,0.2657563842773437,30.48,-33856.48854961832,-2473.282442748092,4946.564885496184
493519,0,0,0,4937696267,4919.498673,0.010005,380,16556,496,-2055,-1231,-82,187,0.22744915771484372,9.909600671386718,0.296881005859375,30.48588235294118,-33829.00763358779,-2253.4351145038167,5138.931297709924
493520,0,0,0,4937706272,4919.508678,0.010005,402,16538,482,-2051,-1234,-83,178,0.24061726684570311,9.898826763916015,0.2885013000488281,30.49764705882353,-33911.45038167939,-2280.916030534351,4891.603053435115
493521,0,0,0,4937716278,4919.518684,0.010006,368,16534,442,-2050,-1230,-81,180,0.22026655273437498,9.896432562255859,0.2645592834472656,30.500588235294117,-33801.52671755725,-2225.9541984732828,4946.564885496184
493522,0,0,0,4937726283,4919.528689,0.010005,398,16550,476,-2053,-1222,-92,183,0.23822306518554687,9.906009368896484,0.28490999755859375,30.491764705882353,-33581.67938931298,-2528.2442748091603,5029.007633587787
493523,0,0,0,4937736288,4919.538694,0.010005,390,16562,452,-2051,-1233,-92,188,0.23343466186523437,9.913191973876952,0.2705447875976562,30.49764705882353,-33883.96946564886,-2528.2442748091603,5166.412213740458
493524,0,0,0,4937746293,4919.548699,0.010005,368,16522,426,-2054,-1231,-83,185,0.22026655273437498,9.889249957275391,0.2549824768066406,30.488823529411768,-33829.00763358779,-2280.916030534351,5083.9694656488555
493525,0,0,0,4937756298,4919.558704,0.010005,370,16542,490,-2055,-1232,-81,184,0.2214636535644531,9.90122096557617,0.2932897033691406,30.48588235294118,-33856.48854961832,-2225.9541984732828,5056.488549618321
493526,0,0,0,4937766304,4919.56871,0.010006,348,16564,474,-2059,-1234,-86,175,0.20829554443359374,9.91438907470703,0.28371289672851563,30.474117647058826,-33911.45038167939,-2363.3587786259545,4809.160305343512
493527,0,0,0,4937776309,4919.578715,0.010005,364,16524,428,-2058,-1234,-85,179,0.21787235107421873,9.890447058105469,0.2561795776367187,30.47705882352941,-33911.45038167939,-2335.87786259542,4919.083969465649
493528,0,0,0,4937786314,4919.58872,0.010005,402,16538,432,-2055,-1228,-81,183,0.24061726684570311,9.898826763916015,0.258573779296875,30.48588235294118,-33746.564885496184,-2225.9541984732828,5029.007633587787
493529,0,0,0,4937796319,4919.598725,0.010005,368,16584,456,-2053,-1232,-77,179,0.22026655273437498,9.926360083007811,0.27293898925781246,30.491764705882353,-33856.48854961832,-2116.030534351145,4919.083969465649
493530,0,0,0,4937806324,4919.60873,0.010005,362,16590,484,-2049,-1234,-84,179,0.2166752502441406,9.929951385498047,0.28969840087890625,30.503529411764706,-33911.45038167939,-2308.3969465648856,4919.083969465649
493531,0,0,0,4937816330,4919.618736,0.010006,400,16546,476,-2055,-1229,-92,176,0.239420166015625,9.903615167236328,0.28490999755859375,30.48588235294118,-33774.04580152672,-2528.2442748091603,4836.641221374046
493532,0,0,0,4937826335,4919.628741,0.010005,402,16540,506,-2053,-1227,-86,190,0.24061726684570311,9.900023864746093,0.3028665100097656,30.491764705882353,-33719.08396946565,-2363.3587786259545,5221.374045801527
493533,0,0,0,4937836340,4919.638746,0.010005,376,16608,448,-2051,-1234,-92,197,0.22505495605468748,9.94072529296875,0.26815058593749996,30.49764705882353,-33911.45038167939,-2528.2442748091603,5413.740458015267
493534,0,0,0,4937846345,4919.648751,0.010005,370,16538,482,-2056,-1226,-87,175,0.2214636535644531,9.898826763916015,0.2885013000488281,30.48294117647059,-33691.603053435116,-2390.8396946564885,4809.160305343512
493535,0,0,0,4937856350,4919.658756,0.010005,354,16546,476,-2062,-1222,-87,189,0.21188684692382811,9.903615167236328,0.28490999755859375,30.465294117647062,-33581.67938931298,-2390.8396946564885,5193.893129770992
493536,0,0,0,4937866356,4919.668762,0.010006,342,16612,436,-2060,-1229,-87,190,0.20470424194335937,9.943119494628906,0.2609679809570312,30.471176470588237,-33774.04580152672,-2390.8396946564885,5221.374045801527
493537,0,0,0,4937876361,4919.678767,0.010005,374,16564,514,-2055,-1232,-85,184,0.22385785522460935,9.91438907470703,0.3076549133300781,30.48588235294118,-33856.48854961832,-2335.87786259542,5056.488549618321
493538,0,0,0,4937886366,4919.688772,0.010005,366,16508,534,-2055,-1231,-85,190,0.21906945190429686,9.880870251464843,0.31962592163085934,30.48588235294118,-33829.00763358779,-2335.87786259542,5221.374045801527
493539,0,0,0,4937896371,4919.698777,0.010005,356,16546,448,-2048,-1232,-79,182,0.21308394775390624,9.903615167236328,0.26815058593749996,30.506470588235295,-33856.48854961832,-2170.992366412214,5001.526717557253
493540,0,0,0,4937906377,4919.708783,0.010006,386,16532,538,-2053,-1228,-83,181,0.23104046020507812,9.89523546142578,0.3220201232910156,30.491764705882353,-33746.564885496184,-2280.916030534351,4974.045801526718
493541,0,0,0,4937916382,4919.718788,0.010005,382,16526,498,-2057,-1227,-81,186,0.22864625854492185,9.891644158935547,0.2980781066894531,30.48,-33719.08396946565,-2225.9541984732828,5111.4503816793895
493542,0,0,0,4937926387,4919.728793,0.010005,354,16520,474,-2051,-1233,-85,181,0.21188684692382811,9.888052856445311,0.28371289672851563,30.49764705882353,-33883.96946564886,-2335.87786259542,4974.045801526718
493543,0,0,0,4937936392,4919.738798,0.010005,400,16500,456,-2056,-1236,-87,182,0.239420166015625,9.87608184814453,0.27293898925781246,30.48294117647059,-33966.41221374046,-2390.8396946564885,5001.526717557253
493544,0,0,0,4937946397,4919.748803,0.010005,354,16576,518,-2056,-1232,-85,182,0.21188684692382811,9.9215716796875,0.31004911499023435,30.48294117647059,-33856.48854961832,-2335.87786259542,5001.526717557253
493545,0,0,0,4937956403,4919.758809,0.010006,324,16554,448,-2059,-1233,-90,179,0.19393033447265623,9.90840357055664,0.26815058593749996,30.474117647058826,-33883.96946564886,-2473.282442748092,4919.083969465649
493546,0,0,0,4937966408,4919.768814,0.010005,374,16526,466,-2060,-1225,-87,187,0.22385785522460935,9.891644158935547,0.27892449340820313,30.471176470588237,-33664.122137404585,-2390.8396946564885,5138.931297709924
493547,0,0,0,4937976413,4919.778819,0.010005,376,16554,458,-2056,-1234,-87,184,0.22505495605468748,9.90840357055664,0.2741360900878906,30.48294117647059,-33911.45038167939,-2390.8396946564885,5056.488549618321
493548,0,0,0,4937986418,4919.788824,0.010005,358,16566,466,-2059,-1231,-86,186,0.21428104858398436,9.91558617553711,0.27892449340820313,30.474117647058826,-33829.00763358779,-2363.3587786259545,5111.4503816793895
493549,0,0,0,4937996424,4919.79883,0.010006,378,16544,496,-2056,-1226,-90,188,0.2262520568847656,9.90241806640625,0.296881005859375,30.48294117647059,-33691.603053435116,-2473.282442748092,5166.412213740458
493550,0,0,0,4938006429,4919.808835,0.010005,338,16552,542,-2059,-1225,-88,188,0.20231004028320312,9.907206469726562,0.32441432495117184,30.474117647058826,-33664.122137404585,-2418.320610687023,5166.412213740458
493551,0,0,0,4938016434,4919.81884,0.010005,438,16552,530,-2060,-1232,-82,183,0.26216508178710934,9.907206469726562,0.3172317199707031,30.471176470588237,-33856.48854961832,-2253.4351145038167,5029.007633587787
493552,0,0,0,4938026439,4919.828845,0.010005,384,16532,534,-2057,-1231,-87,186,0.229843359375,9.89523546142578,0.31962592163085934,30.48,-33829.00763358779,-2390.8396946564885,5111.4503816793895
493553,0,0,0,4938036444,4919.83885,0.010005,388,16564,430,-2057,-1230,-83,190,0.23223756103515625,9.91438907470703,0.25737667846679685,30.48,-33801.52671755725,-2280.916030534351,5221.374045801527
493554,0,0,0,4938046450,4919.848856,0.010006,398,16562,454,-2053,-1240,-81,178,0.23822306518554687,9.913191973876952,0.27174188842773433,30.491764705882353,-34076.3358778626,-2225.9541984732828,4891.603053435115
493555,0,0,0,4938056455,4919.858861,0.010005,412,16536,414,-2057,-1231,-86,182,0.24660277099609373,9.897629663085937,0.24779987182617186,30.48,-33829.00763358779,-2363.3587786259545,5001.526717557253
493556,0,0,0,4938066460,4919.868866,0.010005,360,16512,460,-2053,-1233,-86,183,0.2154781494140625,9.883264453125,0.2753331909179687,30.491764705882353,-33883.96946564886,-2363.3587786259545,5029.007633587787
493557,0,0,0,4938076465,4919.878871,0.010005,370,16522,510,-2057,-1226,-91,185,0.2214636535644531,9.889249957275391,0.30526071166992186,30.48,-33691.603053435116,-2500.7633587786263,5083.9694656488555
493558,0,0,0,4938086470,4919.888876,0.010005,396,16510,414,-2062,-1228,-83,195,0.23702596435546874,9.882067352294921,0.24779987182617186,30.465294117647062,-33746.564885496184,-2280.916030534351,5358.778625954199
493559,0,0,0,4938096476,4919.898882,0.010006,358,16566,498,-2054,-1226,-90,188,0.21428104858398436,9.91558617553711,0.2980781066894531,30.488823529411768,-33691.603053435116,-2473.282442748092,5166.412213740458
493560,0,0,0,4938106481,4919.908887,0.010005,356,16554,484,-2058,-1232,-88,187,0.21308394775390624,9.90840357055664,0.28969840087890625,30.47705882352941,-33856.48854961832,-2418.320610687023,5138.931297709924
493561,0,0,0,4938116486,4919.918892,0.010005,368,16524,432,-2057,-1227,-85,190,0.22026655273437498,9.890447058105469,0.258573779296875,30.48,-33719.08396946565,-2335.87786259542,5221.374045801527
493562,0,0,0,4938126491,4919.928897,0.010005,392,16544,446,-2050,-1232,-81,187,0.2346317626953125,9.90241806640625,0.26695348510742184,30.500588235294117,-33856.48854961832,-2225.9541984732828,5138.931297709924
493563,0,0,0,4938136496,4919.938902,0.010005,342,16602,528,-2057,-1234,-84,185,0.20470424194335937,9.937133990478515,0.316034619140625,30.48,-33911.45038167939,-2308.3969465648856,5083.9694656488555
493564,0,0,0,4938146502,4919.948908,0.010006,396,16562,366,-2057,-1231,-82,184,0.23702596435546874,9.913191973876952,0.21906945190429686,30.48,-33829.00763358779,-2253.4351145038167,5056.488549618321
493565,0,0,0,4938156507,4919.958913,0.010005,370,16542,476,-2055,-1230,-82,191,0.2214636535644531,9.90122096557617,0.28490999755859375,30.48588235294118,-33801.52671755725,-2253.4351145038167,5248.854961832061
493566,0,0,0,4938166512,4919.968918,0.010005,370,16534,474,-2054,-1226,-82,186,0.2214636535644531,9.896432562255859,0.28371289672851563,30.488823529411768,-33691.603053435116,-2253.4351145038167,5111.4503816793895
493567,0,0,0,4938176517,4919.978923,0.010005,356,16514,544,-2060,-1227,-78,183,0.21308394775390624,9.884461553955077,0.32561142578124996,30.471176470588237,-33719.08396946565,-2143.5114503816794,5029.007633587787
493568,0,0,0,4938186523,4919.988929,0.010006,334,16526,512,-2054,-1234,-84,185,0.19991583862304688,9.891644158935547,0.3064578125,30.488823529411768,-33911.45038167939,-2308.3969465648856,5083.9694656488555
493569,0,0,0,4938196528,4919.998934,0.010005,342,16542,446,-2054,-1232,-80,186,0.20470424194335937,9.90122096557617,0.26695348510742184,30.488823529411768,-33856.48854961832,-2198.4732824427483,5111.4503816793895
493570,0,0,0,4938206533,4920.008939,0.010005,356,16564,476,-2054,-1235,-79,185,0.21308394775390624,9.91438907470703,0.28490999755859375,30.488823529411768,-33938.931297709925,-2170.992366412214,5083.9694656488555
493571,0,0,0,4938216538,4920.018944,0.010005,378,16540,500,-2052,-1229,-83,184,0.2262520568847656,9.900023864746093,0.29927520751953124,30.494705882352942,-33774.04580152672,-2280.916030534351,5056.488549618321
493572,0,0,0,4938226543,4920.028949,0.010005,394,16572,442,-2056,-1228,-86,182,0.23582886352539062,9.919177478027343,0.2645592834472656,30.48294117647059,-33746.564885496184,-2363.3587786259545,5001.526717557253
493573,0,0,0,4938236549,4920.038955,0.010006,348,16564,490,-2053,-1230,-88,188,0.20829554443359374,9.91438907470703,0.2932897033691406,30.491764705882353,-33801.52671755725,-2418.320610687023,5166.412213740458
493574,0,0,0,4938246554,4920.04896,0.010005,394,16558,530,-2056,-1230,-77,179,0.23582886352539062,9.910797772216796,0.3172317199707031,30.48294117647059,-33801.52671755725,-2116.030534351145,4919.083969465649
493575,0,0,0,4938256559,4920.058965,0.010005,330,16536,436,-2053,-1231,-85,189,0.1975216369628906,9.897629663085937,0.2609679809570312,30.491764705882353,-33829.00763358779,-2335.87786259542,5193.893129770992
493576,0,0,0,4938266564,4920.06897,0.010005,364,16558,484,-2047,-1233,-85,186,0.21787235107421873,9.910797772216796,0.28969840087890625,30.509411764705884,-33883.96946564886,-2335.87786259542,5111.4503816793895
493577,0,0,0,4938276569,4920.078975,0.010005,378,16570,450,-2052,-1227,-76,183,0.2262520568847656,9.917980377197265,0.2693476867675781,30.494705882352942,-33719.08396946565,-2088.549618320611,5029.007633587787
493578,0,0,0,4938286575,4920.088981,0.010006,398,16592,460,-2055,-1234,-80,182,0.23822306518554687,9.931148486328125,0.2753331909179687,30.48588235294118,-33911.45038167939,-2198.4732824427483,5001.526717557253
493579,0,0,0,4938296580,4920.098986,0.010005,388,16554,480,-2056,-1234,-91,183,0.23223756103515625,9.90840357055664,0.28730419921875,30.48294117647059,-33911.45038167939,-2500.7633587786263,5029.007633587787
493580,0,0,0,4938306585,4920.108991,0.010005,388,16524,418,-2054,-1227,-92,182,0.23223756103515625,9.890447058105469,0.2501940734863281,30.488823529411768,-33719.08396946565,-2528.2442748091603,5001.526717557253
493581,0,0,0,4938316590,4920.118996,0.010005,370,16540,472,-2049,-1227,-85,191,0.2214636535644531,9.900023864746093,0.2825157958984375,30.503529411764706,-33719.08396946565,-2335.87786259542,5248.854961832061
493582,0,0,0,4938326596,4920.129002,0.010006,370,16528,462,-2051,-1232,-84,180,0.2214636535644531,9.892841259765625,0.2765302917480469,30.49764705882353,-33856.48854961832,-2308.3969465648856,4946.564885496184
493583,0,0,0,4938336601,4920.139007,0.010005,372,16542,496,-2054,-1227,-91,180,0.22266075439453123,9.90122096557617,0.296881005859375,30.488823529411768,-33719.08396946565,-2500.7633587786263,4946.564885496184
493584,0,0,0,4938346606,4920.149012,0.010005,358,16564,464,-2055,-1228,-85,180,0.21428104858398436,9.91438907470703,0.277727392578125,30.48588235294118,-33746.564885496184,-2335.87786259542,4946.564885496184
493585,0,0,0,4938356611,4920.159017,0.010005,356,16522,488,-2052,-1232,-81,189,0.21308394775390624,9.889249957275391,0.2920926025390625,30.494705882352942,-33856.48854961832,-2225.9541984732828,5193.893129770992
493586,0,0,0,4938366616,4920.169022,0.010005,356,16520,478,-2052,-1231,-82,186,0.21308394775390624,9.888052856445311,0.2861070983886719,30.494705882352942,-33829.00763358779,-2253.4351145038167,5111.4503816793895
493587,0,0,0,4938376622,4920.179028,0.010006,394,16538,408,-2053,-1228,-85,189,0.23582886352539062,9.898826763916015,0.2442085693359375,30.491764705882353,-33746.564885496184,-2335.87786259542,5193.893129770992
493588,0,0,0,4938386627,4920.189033,0.010005,380,16530,518,-2054,-1231,-87,182,0.22744915771484372,9.894038360595703,0.31004911499023435,30.488823529411768,-33829.00763358779,-2390.8396946564885,5001.526717557253
493589,0,0,0,4938396632,4920.199038,0.010005,364,16522,492,-2056,-1227,-84,194,0.21787235107421873,9.889249957275391,0.29448680419921874,30.48294117647059,-33719.08396946565,-2308.3969465648856,5331.297709923664
493590,0,0,0,4938406637,4920.209043,0.010005,382,16588,474,-2059,-1234,-79,178,0.22864625854492185,9.928754284667969,0.28371289672851563,30.474117647058826,-33911.45038167939,-2170.992366412214,4891.603053435115
493591,0,0,0,4938416642,4920.219048,0.010005,352,16562,476,-2057,-1231,-84,181,0.21068974609375,9.913191973876952,0.28490999755859375,30.48,-33829.00763358779,-2308.3969465648856,4974.045801526718
493592,0,0,0,4938426648,4920.229054,0.010006,384,16536,488,-2055,-1231,-88,190,0.229843359375,9.897629663085937,0.2920926025390625,30.48588235294118,-33829.00763358779,-2418.320610687023,5221.374045801527
493593,0,0,0,4938436653,4920.239059,0.010005,370,16544,456,-2051,-1234,-83,187,0.2214636535644531,9.90241806640625,0.27293898925781246,30.49764705882353,-33911.45038167939,-2280.916030534351,5138.931297709924
493594,0,0,0,4938446658,4920.249064,0.010005,380,16552,530,-2054,-1233,-89,193,0.22744915771484372,9.907206469726562,0.3172317199707031,30.488823529411768,-33883.96946564886,-2445.8015267175574,5303.81679389313
493595,0,0,0,4938456663,4920.259069,0.010005,376,16538,466,-2050,-1230,-86,182,0.22505495605468748,9.898826763916015,0.27892449340820313,30.500588235294117,-33801.52671755725,-2363.3587786259545,5001.526717557253
493596,0,0,0,4938466668,4920.269074,0.010005,346,16552,492,-2054,-1233,-86,181,0.20709844360351562,9.907206469726562,0.29448680419921874,30.488823529411768,-33883.96946564886,-2363.3587786259545,4974.045801526718
493597,0,0,0,4938476674,4920.27908,0.010006,402,16548,484,-2057,-1222,-79,184,0.24061726684570311,9.904812268066406,0.28969840087890625,30.48,-33581.67938931298,-2170.992366412214,5056.488549618321
493598,0,0,0,4938486679,4920.289085,0.010005,376,16584,496,-2058,-1225,-80,191,0.22505495605468748,9.926360083007811,0.296881005859375,30.47705882352941,-33664.122137404585,-2198.4732824427483,5248.854961832061
493599,0,0,0,4938496684,4920.29909,0.010005,406,16590,498,-2056,-1225,-83,183,0.24301146850585936,9.929951385498047,0.2980781066894531,30.48294117647059,-33664.122137404585,-2280.916030534351,5029.007633587787
493600,0,0,0,4938506689,4920.309095,0.010005,366,16542,490,-2054,-1227,-82,183,0.21906945190429686,9.90122096557617,0.2932897033691406,30.488823529411768,-33719.08396946565,-2253.4351145038167,5029.007633587787
493601,0,0,0,4938516695,4920.319101,0.010006,360,16566,456,-2050,-1230,-81,185,0.2154781494140625,9.91558617553711,0.27293898925781246,30.500588235294117,-33801.52671755725,-2225.9541984732828,5083.9694656488555
493602,0,0,0,4938526700,4920.329106,0.010005,370,16534,482,-2051,-1224,-89,186,0.2214636535644531,9.896432562255859,0.2885013000488281,30.49764705882353,-33636.64122137405,-2445.8015267175574,5111.4503816793895
493603,0,0,0,4938536705,4920.339111,0.010005,372,16554,498,-2057,-1229,-84,188,0.22266075439453123,9.90840357055664,0.2980781066894531,30.48,-33774.04580152672,-2308.3969465648856,5166.412213740458
493604,0,0,0,4938546710,4920.349116,0.010005,384,16536,460,-2056,-1226,-76,188,0.229843359375,9.897629663085937,0.2753331909179687,30.48294117647059,-33691.603053435116,-2088.549618320611,5166.412213740458
493605,0,0,0,4938556715,4920.359121,0.010005,342,16550,430,-2053,-1232,-80,186,0.20470424194335937,9.906009368896484,0.25737667846679685,30.491764705882353,-33856.48854961832,-2198.4732824427483,5111.4503816793895
493606,0,0,0,4938566721,4920.369127,0.010006,362,16530,454,-2052,-1234,-90,192,0.2166752502441406,9.894038360595703,0.27174188842773433,30.494705882352942,-33911.45038167939,-2473.282442748092,5276.335877862595
493607,0,0,0,4938576726,4920.379132,0.010005,386,16518,492,-2046,-1229,-88,184,0.23104046020507812,9.886855755615233,0.29448680419921874,30.512352941176474,-33774.04580152672,-2418.320610687023,5056.488549618321
493608,0,0,0,4938586731,4920.389137,0.010005,428,16552,398,-2049,-1229,-86,184,0.2561795776367187,9.907206469726562,0.23822306518554687,30.503529411764706,-33774.04580152672,-2363.3587786259545,5056.488549618321
493609,0,0,0,4938596736,4920.399142,0.010005,350,16568,460,-2053,-1233,-82,196,0.20949264526367187,9.916783276367187,0.2753331909179687,30.491764705882353,-33883.96946564886,-2253.4351145038167,5386.259541984733
493610,0,0,0,4938606741,4920.409147,0.010005,376,16580,496,-2049,-1226,-91,182,0.22505495605468748,9.923965881347655,0.296881005859375,30.503529411764706,-33691.603053435116,-2500.7633587786263,5001.526717557253
493611,0,0,0,4938616747,4920.419153,0.010006,330,16564,422,-2053,-1227,-86,186,0.1975216369628906,9.91438907470703,0.25258827514648435,30.491764705882353,-33719.08396946565,-2363.3587786259545,5111.4503816793895
493612,0,0,0,4938626752,4920.429158,0.010005,368,16506,456,-2058,-1227,-88,193,0.22026655273437498,9.879673150634765,0.27293898925781246,30.47705882352941,-33719.08396946565,-2418.320610687023,5303.81679389313
493613,0,0,0,4938636757,4920.439163,0.010005,342,16522,428,-2048,-1229,-83,185,0.20470424194335937,9.889249957275391,0.2561795776367187,30.506470588235295,-33774.04580152672,-2280.916030534351,5083.9694656488555
493614,0,0,0,4938646762,4920.449168,0.010005,342,16544,456,-2052,-1228,-80,179,0.20470424194335937,9.90241806640625,0.27293898925781246,30.494705882352942,-33746.564885496184,-2198.4732824427483,4919.083969465649
493615,0,0,0,4938656768,4920.459174,0.010006,386,16558,526,-2047,-1234,-84,189,0.23104046020507812,9.910797772216796,0.31483751831054685,30.509411764705884,-33911.45038167939,-2308.3969465648856,5193.893129770992
493616,0,0,0,4938666773,4920.469179,0.010005,364,16540,404,-2050,-1232,-90,183,0.21787235107421873,9.900023864746093,0.24181436767578124,30.500588235294117,-33856.48854961832,-2473.282442748092,5029.007633587787
493617,0,0,0,4938676778,4920.479184,0.010005,382,16546,490,-2052,-1228,-85,185,0.22864625854492185,9.903615167236328,0.2932897033691406,30.494705882352942,-33746.564885496184,-2335.87786259542,5083.9694656488555
493618,0,0,0,4938686783,4920.489189,0.010005,394,16536,452,-2051,-1229,-91,185,0.23582886352539062,9.897629663085937,0.2705447875976562,30.49764705882353,-33774.04580152672,-2500.7633587786263,5083.9694656488555
493619,0,0,0,4938696788,4920.499194,0.010005,430,16552,502,-2055,-1227,-87,182,0.25737667846679685,9.907206469726562,0.30047230834960936,30.48588235294118,-33719.08396946565,-2390.8396946564885,5001.526717557253
493620,0,0,0,4938706794,4920.5092,0.010006,358,16518,432,-2051,-1221,-86,183,0.21428104858398436,9.886855755615233,0.258573779296875,30.49764705882353,-33554.19847328244,-2363.3587786259545,5029.007633587787
493621,0,0,0,4938716799,4920.519205,0.010005,322,16592,422,-2047,-1226,-89,187,0.1927332336425781,9.931148486328125,0.25258827514648435,30.509411764705884,-33691.603053435116,-2445.8015267175574,5138.931297709924
493622,0,0,0,4938726804,4920.52921,0.010005,332,16534,520,-2050,-1234,-88,192,0.19871873779296872,9.896432562255859,0.3112462158203125,30.500588235294117,-33911.45038167939,-2418.320610687023,5276.335877862595
493623,0,0,0,4938736809,4920.539215,0.010005,354,16536,494,-2051,-1228,-82,183,0.21188684692382811,9.897629663085937,0.29568390502929687,30.49764705882353,-33746.564885496184,-2253.4351145038167,5029.007633587787
493624,0,0,0,4938746815,4920.549221,0.010006,388,16494,478,-2054,-1226,-88,187,0.23223756103515625,9.872490545654296,0.2861070983886719,30.488823529411768,-33691.603053435116,-2418.320610687023,5138.931297709924
493625,0,0,0,4938756820,4920.559226,0.010005,396,16516,462,-2054,-1233,-92,187,0.23702596435546874,9.885658654785155,0.2765302917480469,30.488823529411768,-33883.96946564886,-2528.2442748091603,5138.931297709924
493626,0,0,0,4938766825,4920.569231,0.010005,406,16548,490,-2059,-1228,-88,184,0.24301146850585936,9.904812268066406,0.2932897033691406,30.474117647058826,-33746.564885496184,-2418.320610687023,5056.488549618321
493627,0,0,0,4938776830,4920.579236,0.010005,352,16574,406,-2057,-1236,-82,195,0.21068974609375,9.920374578857421,0.24301146850585936,30.48,-33966.41221374046,-2253.4351145038167,5358.778625954199
493628,0,0,0,4938786835,4920.589241,0.010005,372,16486,484,-2057,-1228,-84,190,0.22266075439453123,9.867702142333984,0.28969840087890625,30.48,-33746.564885496184,-2308.3969465648856,5221.374045801527
493629,0,0,0,4938796841,4920.599247,0.010006,368,16540,504,-2057,-1231,-85,189,0.22026655273437498,9.900023864746093,0.3016694091796875,30.48,-33829.00763358779,-2335.87786259542,5193.893129770992
493630,0,0,0,4938806846,4920.609252,0.010005,390,16584,464,-2059,-1224,-89,196,0.23343466186523437,9.926360083007811,0.277727392578125,30.474117647058826,-33636.64122137405,-2445.8015267175574,5386.259541984733
493631,0,0,0,4938816851,4920.619257,0.010005,402,16568,452,-2055,-1229,-91,190,0.24061726684570311,9.916783276367187,0.2705447875976562,30.48588235294118,-33774.04580152672,-2500.7633587786263,5221.374045801527
493632,0,0,0,4938826856,4920.629262,0.010005,396,16552,390,-2047,-1227,-88,184,0.23702596435546874,9.907206469726562,0.23343466186523437,30.509411764705884,-33719.08396946565,-2418.320610687023,5056.488549618321
493633,0,0,0,4938836861,4920.639267,0.010005,388,16568,498,-2057,-1228,-89,185,0.23223756103515625,9.916783276367187,0.2980781066894531,30.48,-33746.564885496184,-2445.8015267175574,5083.9694656488555
493634,0,0,0,4938846867,4920.649273,0.010006,362,16528,488,-2058,-1224,-86,186,0.2166752502441406,9.892841259765625,0.2920926025390625,30.47705882352941,-33636.64122137405,-2363.3587786259545,5111.4503816793895
493635,0,0,0,4938856872,4920.659278,0.010005,340,16538,476,-2052,-1229,-80,190,0.20350714111328125,9.898826763916015,0.28490999755859375,30.494705882352942,-33774.04580152672,-2198.4732824427483,5221.374045801527
493636,0,0,0,4938866877,4920.669283,0.010005,424,16546,494,-2055,-1226,-82,190,0.2537853759765625,9.903615167236328,0.29568390502929687,30.48588235294118,-33691.603053435116,-2253.4351145038167,5221.374045801527
493637,0,0,0,4938876882,4920.679288,0.010005,380,16510,462,-2059,-1228,-88,188,0.22744915771484372,9.882067352294921,0.2765302917480469,30.474117647058826,-33746.564885496184,-2418.320610687023,5166.412213740458
493638,0,0,0,4938886887,4920.689293,0.010005,366,16562,454,-2056,-1230,-86,187,0.21906945190429686,9.913191973876952,0.27174188842773433,30.48294117647059,-33801.52671755725,-2363.3587786259545,5138.931297709924
493639,0,0,0,4938896893,4920.699299,0.010006,392,16566,434,-2055,-1225,-86,191,0.2346317626953125,9.91558617553711,0.2597708801269531,30.48588235294118,-33664.122137404585,-2363.3587786259545,5248.854961832061
493640,0,0,0,4938906898,4920.709304,0.010005,378,16522,460,-2051,-1228,-83,193,0.2262520568847656,9.889249957275391,0.2753331909179687,30.49764705882353,-33746.564885496184,-2280.916030534351,5303.81679389313
493641,0,0,0,4938916903,4920.719309,0.010005,384,16548,480,-2059,-1227,-87,190,0.229843359375,9.904812268066406,0.28730419921875,30.474117647058826,-33719.08396946565,-2390.8396946564885,5221.374045801527
493642,0,0,0,4938926908,4920.729314,0.010005,370,16562,476,-2058,-1229,-86,188,0.2214636535644531,9.913191973876952,0.28490999755859375,30.47705882352941,-33774.04580152672,-2363.3587786259545,5166.412213740458
493643,0,0,0,4938936914,4920.73932,0.010006,362,16546,502,-2050,-1229,-85,187,0.2166752502441406,9.903615167236328,0.30047230834960936,30.500588235294117,-33774.04580152672,-2335.87786259542,5138.931297709924
493644,0,0,0,4938946919,4920.749325,0.010005,408,16532,512,-2051,-1221,-83,186,0.2442085693359375,9.89523546142578,0.3064578125,30.49764705882353,-33554.19847328244,-2280.916030534351,5111.4503816793895
493645,0,0,0,4938956924,4920.75933,0.010005,394,16514,480,-2054,-1226,-87,185,0.23582886352539062,9.884461553955077,0.28730419921875,30.488823529411768,-33691.603053435116,-2390.8396946564885,5083.9694656488555
493646,0,0,0,4938966929,4920.769335,0.010005,378,16586,484,-2054,-1229,-83,188,0.2262520568847656,9.92755718383789,0.28969840087890625,30.488823529411768,-33774.04580152672,-2280.916030534351,5166.412213740458
493647,0,0,0,4938976934,4920.77934,0.010005,368,16548,468,-2054,-1229,-83,189,0.22026655273437498,9.904812268066406,0.28012159423828126,30.488823529411768,-33774.04580152672,-2280.916030534351,5193.893129770992
493648,0,0,0,4938986940,4920.789346,0.010006,394,16578,414,-2058,-1232,-89,188,0.23582886352539062,9.922768780517577,0.24779987182617186,30.47705882352941,-33856.48854961832,-2445.8015267175574,5166.412213740458
493649,0,0,0,4938996945,4920.799351,0.010005,320,16510,470,-2057,-1230,-85,181,0.19153613281249998,9.882067352294921,0.2813186950683594,30.48,-33801.52671755725,-2335.87786259542,4974.045801526718
493650,0,0,0,4939006950,4920.809356,0.010005,314,16540,478,-2057,-1227,-91,185,0.1879448303222656,9.900023864746093,0.2861070983886719,30.48,-33719.08396946565,-2500.7633587786263,5083.9694656488555
493651,0,0,0,4939016955,4920.819361,0.010005,374,16574,436,-2053,-1224,-86,187,0.22385785522460935,9.920374578857421,0.2609679809570312,30.491764705882353,-33636.64122137405,-2363.3587786259545,5138.931297709924
493652,0,0,0,4939026960,4920.829366,0.010005,352,16582,456,-2050,-1227,-89,191,0.21068974609375,9.925162982177733,0.27293898925781246,30.500588235294117,-33719.08396946565,-2445.8015267175574,5248.854961832061
493653,0,0,0,4939036966,4920.839372,0.010006,348,16554,478,-2055,-1229,-83,185,0.20829554443359374,9.90840357055664,0.2861070983886719,30.48588235294118,-33774.04580152672,-2280.916030534351,5083.9694656488555
493654,0,0,0,4939046971,4920.849377,0.010005,386,16554,444,-2048,-1229,-82,189,0.23104046020507812,9.90840357055664,0.2657563842773437,30.506470588235295,-33774.04580152672,-2253.4351145038167,5193.893129770992
493655,0,0,0,4939056976,4920.859382,0.010005,362,16576,512,-2053,-1232,-82,180,0.2166752502441406,9.9215716796875,0.3064578125,30.491764705882353,-33856.48854961832,-2253.4351145038167,4946.564885496184
493656,0,0,0,4939066981,4920.869387,0.010005,388,16566,460,-2058,-1228,-83,185,0.23223756103515625,9.91558617553711,0.2753331909179687,30.47705882352941,-33746.564885496184,-2280.916030534351,5083.9694656488555
493657,0,0,0,4939076987,4920.879393,0.010006,390,16526,478,-2059,-1229,-77,188,0.23343466186523437,9.891644158935547,0.2861070983886719,30.474117647058826,-33774.04580152672,-2116.030534351145,5166.412213740458
493658,0,0,0,4939086992,4920.889398,0.010005,416,16514,426,-2058,-1232,-80,187,0.24899697265624998,9.884461553955077,0.2549824768066406,30.47705882352941,-33856.48854961832,-2198.4732824427483,5138.931297709924
493659,0,0,0,4939096997,4920.899403,0.010005,402,16488,418,-2051,-1231,-79,185,0.24061726684570311,9.868899243164062,0.2501940734863281,30.49764705882353,-33829.00763358779,-2170.992366412214,5083.9694656488555
493660,0,0,0,4939107002,4920.909408,0.010005,410,16558,554,-2060,-1228,-86,190,0.2454056701660156,9.910797772216796,0.3315969299316406,30.471176470588237,-33746.564885496184,-2363.3587786259545,5221.374045801527
493661,0,0,0,4939117007,4920.919413,0.010005,418,16578,498,-2059,-1229,-87,184,0.2501940734863281,9.922768780517577,0.2980781066894531,30.474117647058826,-33774.04580152672,-2390.8396946564885,5056.488549618321
493662,0,0,0,4939127013,4920.929419,0.010006,406,16540,472,-2060,-1227,-87,189,0.24301146850585936,9.900023864746093,0.2825157958984375,30.471176470588237,-33719.08396946565,-2390.8396946564885,5193.893129770992
493663,0,0,0,4939137018,4920.939424,0.010005,326,16528,480,-2051,-1226,-93,195,0.19512743530273435,9.892841259765625,0.28730419921875,30.49764705882353,-33691.603053435116,-2555.7251908396947,5358.778625954199
493664,0,0,0,4939147023,4920.949429,0.010005,410,16534,498,-2056,-1229,-89,199,0.2454056701660156,9.896432562255859,0.2980781066894531,30.48294117647059,-33774.04580152672,-2445.8015267175574,5468.702290076336
493665,0,0,0,4939157028,4920.959434,0.010005,390,16552,458,-2057,-1227,-87,180,0.23343466186523437,9.907206469726562,0.2741360900878906,30.48,-33719.08396946565,-2390.8396946564885,4946.564885496184
493666,0,0,0,4939167033,4920.969439,0.010005,364,16510,500,-2056,-1226,-83,185,0.21787235107421873,9.882067352294921,0.29927520751953124,30.48294117647059,-33691.603053435116,-2280.916030534351,5083.9694656488555
493667,0,0,0,4939177039,4920.979445,0.010006,388,16580,470,-2058,-1220,-88,187,0.23223756103515625,9.923965881347655,0.2813186950683594,30.47705882352941,-33526.71755725191,-2418.320610687023,5138.931297709924
493668,0,0,0,4939187044,4920.98945,0.010005,398,16566,502,-2058,-1224,-83,175,0.23822306518554687,9.91558617553711,0.30047230834960936,30.47705882352941,-33636.64122137405,-2280.916030534351,4809.160305343512
493669,0,0,0,4939197049,4920.999455,0.010005,370,16578,470,-2060,-1233,-88,180,0.2214636535644531,9.922768780517577,0.2813186950683594,30.471176470588237,-33883.96946564886,-2418.320610687023,4946.564885496184
493670,0,0,0,4939207054,4921.00946,0.010005,338,16584,446,-2053,-1226,-79,181,0.20231004028320312,9.926360083007811,0.26695348510742184,30.491764705882353,-33691.603053435116,-2170.992366412214,4974.045801526718
493671,0,0,0,4939217060,4921.019466,0.010006,348,16562,508,-2056,-1221,-77,190,0.20829554443359374,9.913191973876952,0.30406361083984373,30.48294117647059,-33554.19847328244,-2116.030534351145,5221.374045801527
493672,0,0,0,4939227065,4921.029471,0.010005,384,16558,420,-2051,-1225,-83,184,0.229843359375,9.910797772216796,0.25139117431640623,30.49764705882353,-33664.122137404585,-2280.916030534351,5056.488549618321
493673,0,0,0,4939237070,4921.039476,0.010005,378,16522,476,-2054,-1223,-85,185,0.2262520568847656,9.889249957275391,0.28490999755859375,30.488823529411768,-33609.16030534351,-2335.87786259542,5083.9694656488555
493674,0,0,0,4939247075,4921.049481,0.010005,350,16576,450,-2053,-1228,-83,188,0.20949264526367187,9.9215716796875,0.2693476867675781,30.491764705882353,-33746.564885496184,-2280.916030534351,5166.412213740458
493675,0,0,0,4939257080,4921.059486,0.010005,378,16528,520,-2055,-1228,-85,185,0.2262520568847656,9.892841259765625,0.3112462158203125,30.48588235294118,-33746.564885496184,-2335.87786259542,5083.9694656488555
493676,0,0,0,4939267086,4921.069492,0.010006,374,16582,424,-2054,-1227,-81,191,0.22385785522460935,9.925162982177733,0.2537853759765625,30.488823529411768,-33719.08396946565,-2225.9541984732828,5248.854961832061
493677,0,0,0,4939277091,4921.079497,0.010005,348,16534,482,-2054,-1230,-83,182,0.20829554443359374,9.896432562255859,0.2885013000488281,30.488823529411768,-33801.52671755725,-2280.916030534351,5001.526717557253
493678,0,0,0,4939287096,4921.089502,0.010005,370,16534,482,-2054,-1229,-84,195,0.2214636535644531,9.896432562255859,0.2885013000488281,30.488823529411768,-33774.04580152672,-2308.3969465648856,5358.778625954199
493679,0,0,0,4939297101,4921.099507,0.010005,360,16552,440,-2058,-1237,-82,183,0.2154781494140625,9.907206469726562,0.26336218261718747,30.47705882352941,-33993.89312977099,-2253.4351145038167,5029.007633587787
493680,0,0,0,4939307106,4921.109512,0.010005,410,16536,452,-2059,-1234,-84,181,0.2454056701660156,9.897629663085937,0.2705447875976562,30.474117647058826,-33911.45038167939,-2308.3969465648856,4974.045801526718
493681,0,0,0,4939317112,4921.119518,0.010006,350,16570,382,-2056,-1231,-88,190,0.20949264526367187,9.917980377197265,0.22864625854492185,30.48294117647059,-33829.00763358779,-2418.320610687023,5221.374045801527
493682,0,0,0,4939327117,4921.129523,0.010005,394,16540,438,-2059,-1232,-89,183,0.23582886352539062,9.900023864746093,0.26216508178710934,30.474117647058826,-33856.48854961832,-2445.8015267175574,5029.007633587787
493683,0,0,0,4939337122,4921.139528,0.010005,378,16558,488,-2055,-1232,-85,180,0.2262520568847656,9.910797772216796,0.2920926025390625,30.48588235294118,-33856.48854961832,-2335.87786259542,4946.564885496184
493684,0,0,0,4939347127,4921.149533,0.010005,356,16558,530,-2054,-1232,-81,183,0.21308394775390624,9.910797772216796,0.3172317199707031,30.488823529411768,-33856.48854961832,-2225.9541984732828,5029.007633587787
493685,0,0,0,4939357133,4921.159539,0.010006,386,16536,456,-2055,-1233,-86,186,0.23104046020507812,9.897629663085937,0.27293898925781246,30.48588235294118,-33883.96946564886,-2363.3587786259545,5111.4503816793895
493686,0,0,0,4939367138,4921.169544,0.010005,376,16538,440,-2054,-1230,-88,185,0.22505495605468748,9.898826763916015,0.26336218261718747,30.488823529411768,-33801.52671755725,-2418.320610687023,5083.9694656488555
493687,0,0,0,4939377143,4921.179549,0.010005,350,16522,344,-2057,-1230,-84,186,0.20949264526367187,9.889249957275391,0.2059013427734375,30.48,-33801.52671755725,-2308.3969465648856,5111.4503816793895
493688,0,0,0,4939387148,4921.189554,0.010005,352,16528,472,-2057,-1229,-88,184,0.21068974609375,9.892841259765625,0.2825157958984375,30.48,-33774.04580152672,-2418.320610687023,5056.488549618321
493689,0,0,0,4939397153,4921.199559,0.010005,378,16544,446,-2052,-1233,-81,181,0.2262520568847656,9.90241806640625,0.26695348510742184,30.494705882352942,-33883.96946564886,-2225.9541984732828,4974.045801526718
493690,0,0,0,4939407159,4921.209565,0.010006,364,16536,544,-2057,-1229,-79,184,0.21787235107421873,9.897629663085937,0.32561142578124996,30.48,-33774.04580152672,-2170.992366412214,5056.488549618321
493691,0,0,0,4939417164,4921.21957,0.010005,398,16506,502,-2058,-1229,-81,180,0.23822306518554687,9.879673150634765,0.30047230834960936,30.47705882352941,-33774.04580152672,-2225.9541984732828,4946.564885496184
493692,0,0,0,4939427169,4921.229575,0.010005,394,16538,524,-2057,-1226,-84,181,0.23582886352539062,9.898826763916015,0.3136404174804687,30.48,-33691.603053435116,-2308.3969465648856,4974.045801526718
493693,0,0,0,4939437174,4921.23958,0.010005,358,16542,456,-2053,-1228,-84,192,0.21428104858398436,9.90122096557617,0.27293898925781246,30.491764705882353,-33746.564885496184,-2308.3969465648856,5276.335877862595
493694,0,0,0,4939447179,4921.249585,0.010005,386,16566,444,-2049,-1221,-90,195,0.23104046020507812,9.91558617553711,0.2657563842773437,30.503529411764706,-33554.19847328244,-2473.282442748092,5358.778625954199
493695,0,0,0,4939457185,4921.259591,0.010006,364,16540,514,-2061,-1223,-87,189,0.21787235107421873,9.900023864746093,0.3076549133300781,30.468235294117648,-33609.16030534351,-2390.8396946564885,5193.893129770992
493696,0,0,0,4939467190,4921.269596,0.010005,372,16588,438,-2056,-1230,-80,183,0.22266075439453123,9.928754284667969,0.26216508178710934,30.48294117647059,-33801.52671755725,-2198.4732824427483,5029.007633587787
493697,0,0,0,4939477195,4921.279601,0.010005,376,16548,366,-2051,-1234,-82,189,0.22505495605468748,9.904812268066406,0.21906945190429686,30.49764705882353,-33911.45038167939,-2253.4351145038167,5193.893129770992
493698,0,0,0,4939487200,4921.289606,0.010005,344,16558,420,-2058,-1229,-80,180,0.2059013427734375,9.910797772216796,0.25139117431640623,30.47705882352941,-33774.04580152672,-2198.4732824427483,4946.564885496184
493699,0,0,0,4939497206,4921.299612,0.010006,390,16538,450,-2054,-1228,-86,182,0.23343466186523437,9.898826763916015,0.2693476867675781,30.488823529411768,-33746.564885496184,-2363.3587786259545,5001.526717557253
493700,0,0,0,4939507211,4921.309617,0.010005,356,16550,458,-2055,-1237,-86,180,0.21308394775390624,9.906009368896484,0.2741360900878906,30.48588235294118,-33993.89312977099,-2363.3587786259545,4946.564885496184
493701,0,0,0,4939517216,4921.319622,0.010005,378,16568,424,-2061,-1224,-89,187,0.2262520568847656,9.916783276367187,0.2537853759765625,30.468235294117648,-33636.64122137405,-2445.8015267175574,5138.931297709924
493702,0,0,0,4939527221,4921.329627,0.010005,394,16582,448,-2062,-1222,-81,189,0.23582886352539062,9.925162982177733,0.26815058593749996,30.465294117647062,-33581.67938931298,-2225.9541984732828,5193.893129770992
493703,0,0,0,4939537226,4921.339632,0.010005,416,16566,436,-2060,-1228,-87,190,0.24899697265624998,9.91558617553711,0.2609679809570312,30.471176470588237,-33746.564885496184,-2390.8396946564885,5221.374045801527
493704,0,0,0,4939547232,4921.349638,0.010006,352,16524,464,-2056,-1231,-80,192,0.21068974609375,9.890447058105469,0.277727392578125,30.48294117647059,-33829.00763358779,-2198.4732824427483,5276.335877862595
493705,0,0,0,4939557237,4921.359643,0.010005,384,16524,490,-2059,-1232,-81,196,0.229843359375,9.890447058105469,0.2932897033691406,30.474117647058826,-33856.48854961832,-2225.9541984732828,5386.259541984733
493706,0,0,0,4939567242,4921.369648,0.010005,366,16516,518,-2062,-1229,-81,187,0.21906945190429686,9.885658654785155,0.31004911499023435,30.465294117647062,-33774.04580152672,-2225.9541984732828,5138.931297709924
493707,0,0,0,4939577247,4921.379653,0.010005,388,16528,460,-2057,-1224,-85,183,0.23223756103515625,9.892841259765625,0.2753331909179687,30.48,-33636.64122137405,-2335.87786259542,5029.007633587787
493708,0,0,0,4939587252,4921.389658,0.010005,364,16568,478,-2057,-1230,-85,190,0.21787235107421873,9.916783276367187,0.2861070983886719,30.48,-33801.52671755725,-2335.87786259542,5221.374045801527
493709,0,0,0,4939597258,4921.399664,0.010006,390,16596,446,-2057,-1229,-86,182,0.23343466186523437,9.93354268798828,0.26695348510742184,30.48,-33774.04580152672,-2363.3587786259545,5001.526717557253
493710,0,0,0,4939607263,4921.409669,0.010005,380,16546,472,-2057,-1232,-85,184,0.22744915771484372,9.903615167236328,0.2825157958984375,30.48,-33856.48854961832,-2335.87786259542,5056.488549618321
493711,0,0,0,4939617268,4921.419674,0.010005,396,16542,474,-2059,-1230,-88,184,0.23702596435546874,9.90122096557617,0.28371289672851563,30.474117647058826,-33801.52671755725,-2418.320610687023,5056.488549618321
493712,0,0,0,4939627273,4921.429679,0.010005,378,16550,468,-2047,-1226,-87,180,0.2262520568847656,9.906009368896484,0.28012159423828126,30.509411764705884,-33691.603053435116,-2390.8396946564885,4946.564885496184
493713,0,0,0,4939637278,4921.439684,0.010005,406,16572,454,-2050,-1228,-84,179,0.24301146850585936,9.919177478027343,0.27174188842773433,30.500588235294117,-33746.564885496184,-2308.3969465648856,4919.083969465649
493714,0,0,0,4939647284,4921.44969,0.010006,372,16542,432,-2060,-1232,-85,186,0.22266075439453123,9.90122096557617,0.258573779296875,30.471176470588237,-33856.48854961832,-2335.87786259542,5111.4503816793895
493715,0,0,0,4939657289,4921.459695,0.010005,386,16546,414,-2060,-1228,-88,184,0.23104046020507812,9.903615167236328,0.24779987182617186,30.471176470588237,-33746.564885496184,-2418.320610687023,5056.488549618321
493716,0,0,0,4939667294,4921.4697,0.010005,408,16534,476,-2054,-1223,-88,190,0.2442085693359375,9.896432562255859,0.28490999755859375,30.488823529411768,-33609.16030534351,-2418.320610687023,5221.374045801527
493717,0,0,0,4939677299,4921.479705,0.010005,388,16538,424,-2050,-1227,-86,186,0.23223756103515625,9.898826763916015,0.2537853759765625,30.500588235294117,-33719.08396946565,-2363.3587786259545,5111.4503816793895
493718,0,0,0,4939687305,4921.489711,0.010006,404,16562,454,-2052,-1230,-85,186,0.24181436767578124,9.913191973876952,0.27174188842773433,30.494705882352942,-33801.52671755725,-2335.87786259542,5111.4503816793895
493719,0,0,0,4939697310,4921.499716,0.010005,402,16530,436,-2058,-1230,-80,184,0.24061726684570311,9.894038360595703,0.2609679809570312,30.47705882352941,-33801.52671755725,-2198.4732824427483,5056.488549618321
493720,0,0,0,4939707315,4921.509721,0.010005,390,16540,474,-2059,-1227,-78,191,0.23343466186523437,9.900023864746093,0.28371289672851563,30.474117647058826,-33719.08396946565,-2143.5114503816794,5248.854961832061
493721,0,0,0,4939717320,4921.519726,0.010005,414,16512,468,-2055,-1234,-79,187,0.24779987182617186,9.883264453125,0.28012159423828126,30.48588235294118,-33911.45038167939,-2170.992366412214,5138.931297709924
493722,0,0,0,4939727325,4921.529731,0.010005,354,16538,462,-2057,-1228,-83,182,0.21188684692382811,9.898826763916015,0.2765302917480469,30.48,-33746.564885496184,-2280.916030534351,5001.526717557253
493723,0,0,0,4939737331,4921.539737,0.010006,372,16526,460,-2054,-1229,-84,184,0.22266075439453123,9.891644158935547,0.2753331909179687,30.488823529411768,-33774.04580152672,-2308.3969465648856,5056.488549618321
493724,0,0,0,4939747336,4921.549742,0.010005,324,16508,462,-2060,-1231,-83,178,0.19393033447265623,9.880870251464843,0.2765302917480469,30.471176470588237,-33829.00763358779,-2280.916030534351,4891.603053435115
493725,0,0,0,4939757341,4921.559747,0.010005,360,16542,476,-2057,-1226,-82,186,0.2154781494140625,9.90122096557617,0.28490999755859375,30.48,-33691.603053435116,-2253.4351145038167,5111.4503816793895
493726,0,0,0,4939767346,4921.569752,0.010005,416,16548,468,-2054,-1230,-85,182,0.24899697265624998,9.904812268066406,0.28012159423828126,30.488823529411768,-33801.52671755725,-2335.87786259542,5001.526717557253
493727,0,0,0,4939777351,4921.579757,0.010005,370,16538,412,-2058,-1234,-83,181,0.2214636535644531,9.898826763916015,0.24660277099609373,30.47705882352941,-33911.45038167939,-2280.916030534351,4974.045801526718
493728,0,0,0,4939787357,4921.589763,0.010006,398,16540,462,-2055,-1229,-86,186,0.23822306518554687,9.900023864746093,0.2765302917480469,30.48588235294118,-33774.04580152672,-2363.3587786259545,5111.4503816793895
493729,0,0,0,4939797362,4921.599768,0.010005,364,16560,456,-2057,-1231,-88,189,0.21787235107421873,9.911994873046874,0.27293898925781246,30.48,-33829.00763358779,-2418.320610687023,5193.893129770992
493730,0,0,0,4939807367,4921.609773,0.010005,364,16540,492,-2054,-1231,-87,191,0.21787235107421873,9.900023864746093,0.29448680419921874,30.488823529411768,-33829.00763358779,-2390.8396946564885,5248.854961832061
493731,0,0,0,4939817372,4921.619778,0.010005,352,16564,476,-2054,-1232,-88,186,0.21068974609375,9.91438907470703,0.28490999755859375,30.488823529411768,-33856.48854961832,-2418.320610687023,5111.4503816793895
493732,0,0,0,4939827378,4921.629784,0.010006,382,16558,456,-2052,-1224,-94,194,0.22864625854492185,9.910797772216796,0.27293898925781246,30.494705882352942,-33636.64122137405,-2583.206106870229,5331.297709923664
493733,0,0,0,4939837383,4921.639789,0.010005,374,16510,454,-2055,-1227,-85,183,0.22385785522460935,9.882067352294921,0.27174188842773433,30.48588235294118,-33719.08396946565,-2335.87786259542,5029.007633587787
493734,0,0,0,4939847388,4921.649794,0.010005,364,16516,412,-2062,-1232,-88,182,0.21787235107421873,9.885658654785155,0.24660277099609373,30.465294117647062,-33856.48854961832,-2418.320610687023,5001.526717557253
493735,0,0,0,4939857393,4921.659799,0.010005,404,16542,442,-2056,-1232,-82,187,0.24181436767578124,9.90122096557617,0.2645592834472656,30.48294117647059,-33856.48854961832,-2253.4351145038167,5138.931297709924
493736,0,0,0,4939867398,4921.669804,0.010005,368,16550,548,-2053,-1229,-80,186,0.22026655273437498,9.906009368896484,0.3280056274414062,30.491764705882353,-33774.04580152672,-2198.4732824427483,5111.4503816793895
493737,0,0,0,4939877404,4921.67981,0.010006,360,16532,470,-2055,-1231,-83,185,0.2154781494140625,9.89523546142578,0.2813186950683594,30.48588235294118,-33829.00763358779,-2280.916030534351,5083.9694656488555
493738,0,0,0,4939887409,4921.689815,0.010005,414,16518,460,-2052,-1234,-79,187,0.24779987182617186,9.886855755615233,0.2753331909179687,30.494705882352942,-33911.45038167939,-2170.992366412214,5138.931297709924
493739,0,0,0,4939897414,4921.69982,0.010005,368,16556,514,-2061,-1230,-87,187,0.22026655273437498,9.909600671386718,0.3076549133300781,30.468235294117648,-33801.52671755725,-2390.8396946564885,5138.931297709924
493740,0,0,0,4939907419,4921.709825,0.010005,336,16530,488,-2058,-1232,-88,186,0.201112939453125,9.894038360595703,0.2920926025390625,30.47705882352941,-33856.48854961832,-2418.320610687023,5111.4503816793895
493741,0,0,0,4939917424,4921.71983,0.010005,366,16548,394,-2060,-1234,-86,179,0.21906945190429686,9.904812268066406,0.23582886352539062,30.471176470588237,-33911.45038167939,-2363.3587786259545,4919.083969465649
493742,0,0,0,4939927430,4921.729836,0.010006,362,16556,478,-2057,-1238,-78,182,0.2166752502441406,9.909600671386718,0.2861070983886719,30.48,-34021.37404580153,-2143.5114503816794,5001.526717557253
493743,0,0,0,4939937435,4921.739841,0.010005,382,16596,482,-2056,-1231,-83,183,0.22864625854492185,9.93354268798828,0.2885013000488281,30.48294117647059,-33829.00763358779,-2280.916030534351,5029.007633587787
493744,0,0,0,4939947440,4921.749846,0.010005,368,16580,464,-2053,-1228,-82,185,0.22026655273437498,9.923965881347655,0.277727392578125,30.491764705882353,-33746.564885496184,-2253.4351145038167,5083.9694656488555
493745,0,0,0,4939957445,4921.759851,0.010005,358,16574,490,-2057,-1220,-88,191,0.21428104858398436,9.920374578857421,0.2932897033691406,30.48,-33526.71755725191,-2418.320610687023,5248.854961832061
493746,0,0,0,4939967451,4921.769857,0.010006,370,16546,480,-2055,-1225,-77,190,0.2214636535644531,9.903615167236328,0.28730419921875,30.48588235294118,-33664.122137404585,-2116.030534351145,5221.374045801527
493747,0,0,0,4939977456,4921.779862,0.010005,424,16568,508,-2059,-1228,-87,185,0.2537853759765625,9.916783276367187,0.30406361083984373,30.474117647058826,-33746.564885496184,-2390.8396946564885,5083.9694656488555
493748,0,0,0,4939987461,4921.789867,0.010005,392,16532,442,-2059,-1228,-91,188,0.2346317626953125,9.89523546142578,0.2645592834472656,30.474117647058826,-33746.564885496184,-2500.7633587786263,5166.412213740458
493749,0,0,0,4939997466,4921.799872,0.010005,350,16552,448,-2059,-1230,-89,183,0.20949264526367187,9.907206469726562,0.26815058593749996,30.474117647058826,-33801.52671755725,-2445.8015267175574,5029.007633587787
493750,0,0,0,4940007471,4921.809877,0.010005,376,16526,474,-2061,-1227,-79,184,0.22505495605468748,9.891644158935547,0.28371289672851563,30.468235294117648,-33719.08396946565,-2170.992366412214,5056.488549618321
493751,0,0,0,4940017477,4921.819883,0.010006,386,16540,464,-2062,-1230,-82,189,0.23104046020507812,9.900023864746093,0.277727392578125,30.465294117647062,-33801.52671755725,-2253.4351145038167,5193.893129770992
493752,0,0,0,4940027482,4921.829888,0.010005,370,16570,520,-2061,-1232,-81,183,0.2214636535644531,9.917980377197265,0.3112462158203125,30.468235294117648,-33856.48854961832,-2225.9541984732828,5029.007633587787
493753,0,0,0,4940037487,4921.839893,0.010005,364,16548,464,-2059,-1229,-89,183,0.21787235107421873,9.904812268066406,0.277727392578125,30.474117647058826,-33774.04580152672,-2445.8015267175574,5029.007633587787
493754,0,0,0,4940047492,4921.849898,0.010005,350,16580,488,-2053,-1228,-79,190,0.20949264526367187,9.923965881347655,0.2920926025390625,30.491764705882353,-33746.564885496184,-2170.992366412214,5221.374045801527
493755,0,0,0,4940057497,4921.859903,0.010005,414,16552,478,-2059,-1231,-83,187,0.24779987182617186,9.907206469726562,0.2861070983886719,30.474117647058826,-33829.00763358779,-2280.916030534351,5138.931297709924
493756,0,0,0,4940067503,4921.869909,0.010006,360,16532,462,-2056,-1230,-88,190,0.2154781494140625,9.89523546142578,0.2765302917480469,30.48294117647059,-33801.52671755725,-2418.320610687023,5221.374045801527
493757,0,0,0,4940077508,4921.879914,0.010005,334,16530,394,-2057,-1225,-87,189,0.19991583862304688,9.894038360595703,0.23582886352539062,30.48,-33664.122137404585,-2390.8396946564885,5193.893129770992
493758,0,0,0,4940087513,4921.889919,0.010005,376,16584,476,-2052,-1230,-92,183,0.22505495605468748,9.926360083007811,0.28490999755859375,30.494705882352942,-33801.52671755725,-2528.2442748091603,5029.007633587787
493759,0,0,0,4940097518,4921.899924,0.010005,330,16538,434,-2058,-1231,-85,180,0.1975216369628906,9.898826763916015,0.2597708801269531,30.47705882352941,-33829.00763358779,-2335.87786259542,4946.564885496184
493760,0,0,0,4940107524,4921.90993,0.010006,364,16544,404,-2058,-1238,-86,190,0.21787235107421873,9.90241806640625,0.24181436767578124,30.47705882352941,-34021.37404580153,-2363.3587786259545,5221.374045801527
493761,0,0,0,4940117529,4921.919935,0.010005,384,16542,448,-2057,-1229,-86,182,0.229843359375,9.90122096557617,0.26815058593749996,30.48,-33774.04580152672,-2363.3587786259545,5001.526717557253
493762,0,0,0,4940127534,4921.92994,0.010005,422,16542,446,-2062,-1227,-88,187,0.25258827514648435,9.90122096557617,0.26695348510742184,30.465294117647062,-33719.08396946565,-2418.320610687023,5138.931297709924
493763,0,0,0,4940137539,4921.939945,0.010005,370,16560,458,-2059,-1222,-92,178,0.2214636535644531,9.911994873046874,0.2741360900878906,30.474117647058826,-33581.67938931298,-2528.2442748091603,4891.603053435115
493764,0,0,0,4940147544,4921.94995,0.010005,384,16560,470,-2050,-1228,-89,181,0.229843359375,9.911994873046874,0.2813186950683594,30.500588235294117,-33746.564885496184,-2445.8015267175574,4974.045801526718
493765,0,0,0,4940157550,4921.959956,0.010006,400,16556,480,-2055,-1236,-87,181,0.239420166015625,9.909600671386718,0.28730419921875,30.48588235294118,-33966.41221374046,-2390.8396946564885,4974.045801526718
493766,0,0,0,4940167555,4921.969961,0.010005,376,16546,484,-2057,-1232,-83,185,0.22505495605468748,9.903615167236328,0.28969840087890625,30.48,-33856.48854961832,-2280.916030534351,5083.9694656488555
493767,0,0,0,4940177560,4921.979966,0.010005,364,16546,412,-2057,-1231,-79,185,0.21787235107421873,9.903615167236328,0.24660277099609373,30.48,-33829.00763358779,-2170.992366412214,5083.9694656488555
493768,0,0,0,4940187565,4921.989971,0.010005,334,16560,456,-2052,-1231,-79,188,0.19991583862304688,9.911994873046874,0.27293898925781246,30.494705882352942,-33829.00763358779,-2170.992366412214,5166.412213740458
493769,0,0,0,4940197570,4921.999976,0.010005,372,16532,426,-2055,-1229,-84,188,0.22266075439453123,9.89523546142578,0.2549824768066406,30.48588235294118,-33774.04580152672,-2308.3969465648856,5166.412213740458
493770,0,0,0,4940207576,4922.009982,0.010006,342,16482,478,-2059,-1228,-90,192,0.20470424194335937,9.865307940673828,0.2861070983886719,30.474117647058826,-33746.564885496184,-2473.282442748092,5276.335877862595
493771,0,0,0,4940217581,4922.019987,0.010005,372,16538,466,-2056,-1228,-89,190,0.22266075439453123,9.898826763916015,0.27892449340820313,30.48294117647059,-33746.564885496184,-2445.8015267175574,5221.374045801527
493772,0,0,0,4940227586,4922.029992,0.010005,404,16532,466,-2059,-1230,-89,186,0.24181436767578124,9.89523546142578,0.27892449340820313,30.474117647058826,-33801.52671755725,-2445.8015267175574,5111.4503816793895
493773,0,0,0,4940237591,4922.039997,0.010005,334,16556,430,-2062,-1231,-98,188,0.19991583862304688,9.909600671386718,0.25737667846679685,30.465294117647062,-33829.00763358779,-2693.1297709923665,5166.412213740458
493774,0,0,0,4940247597,4922.050003,0.010006,340,16568,442,-2060,-1227,-85,179,0.20350714111328125,9.916783276367187,0.2645592834472656,30.471176470588237,-33719.08396946565,-2335.87786259542,4919.083969465649
493775,0,0,0,4940257602,4922.060008,0.010005,380,16532,512,-2053,-1231,-82,189,0.22744915771484372,9.89523546142578,0.3064578125,30.491764705882353,-33829.00763358779,-2253.4351145038167,5193.893129770992
493776,0,0,0,4940267607,4922.070013,0.010005,434,16558,416,-2056,-1231,-93,188,0.2597708801269531,9.910797772216796,0.24899697265624998,30.48294117647059,-33829.00763358779,-2555.7251908396947,5166.412213740458
493777,0,0,0,4940277612,4922.080018,0.010005,382,16586,446,-2058,-1224,-89,188,0.22864625854492185,9.92755718383789,0.26695348510742184,30.47705882352941,-33636.64122137405,-2445.8015267175574,5166.412213740458
493778,0,0,0,4940287617,4922.090023,0.010005,346,16544,476,-2053,-1227,-90,188,0.20709844360351562,9.90241806640625,0.28490999755859375,30.491764705882353,-33719.08396946565,-2473.282442748092,5166.412213740458
493779,0,0,0,4940297623,4922.100029,0.010006,384,16550,458,-2056,-1229,-85,178,0.229843359375,9.906009368896484,0.2741360900878906,30.48294117647059,-33774.04580152672,-2335.87786259542,4891.603053435115
493780,0,0,0,4940307628,4922.110034,0.010005,342,16552,438,-2057,-1224,-86,176,0.20470424194335937,9.907206469726562,0.26216508178710934,30.48,-33636.64122137405,-2363.3587786259545,4836.641221374046
493781,0,0,0,4940317633,4922.120039,0.010005,338,16592,398,-2059,-1225,-85,186,0.20231004028320312,9.931148486328125,0.23822306518554687,30.474117647058826,-33664.122137404585,-2335.87786259542,5111.4503816793895
493782,0,0,0,4940327638,4922.130044,0.010005,356,16608,490,-2057,-1234,-90,188,0.21308394775390624,9.94072529296875,0.2932897033691406,30.48,-33911.45038167939,-2473.282442748092,5166.412213740458
493783,0,0,0,4940337643,4922.140049,0.010005,380,16546,486,-2060,-1230,-91,185,0.22744915771484372,9.903615167236328,0.29089550170898437,30.471176470588237,-33801.52671755725,-2500.7633587786263,5083.9694656488555
493784,0,0,0,4940347649,4922.150055,0.010006,356,16524,514,-2060,-1228,-86,188,0.21308394775390624,9.890447058105469,0.3076549133300781,30.471176470588237,-33746.564885496184,-2363.3587786259545,5166.412213740458
493785,0,0,0,4940357654,4922.16006,0.010005,352,16528,460,-2052,-1231,-83,192,0.21068974609375,9.892841259765625,0.2753331909179687,30.494705882352942,-33829.00763358779,-2280.916030534351,5276.335877862595
493786,0,0,0,4940367659,4922.170065,0.010005,392,16526,468,-2060,-1233,-87,180,0.2346317626953125,9.891644158935547,0.28012159423828126,30.471176470588237,-33883.96946564886,-2390.8396946564885,4946.564885496184
493787,0,0,0,4940377664,4922.18007,0.010005,372,16556,478,-2061,-1230,-91,182,0.22266075439453123,9.909600671386718,0.2861070983886719,30.468235294117648,-33801.52671755725,-2500.7633587786263,5001.526717557253
493788,0,0,0,4940387670,4922.190076,0.010006,366,16576,464,-2059,-1228,-83,191,0.21906945190429686,9.9215716796875,0.277727392578125,30.474117647058826,-33746.564885496184,-2280.916030534351,5248.854961832061
493789,0,0,0,4940397675,4922.200081,0.010005,402,16578,456,-2058,-1234,-85,187,0.24061726684570311,9.922768780517577,0.27293898925781246,30.47705882352941,-33911.45038167939,-2335.87786259542,5138.931297709924
493790,0,0,0,4940407680,4922.210086,0.010005,306,16488,480,-2059,-1229,-85,188,0.18315642700195311,9.868899243164062,0.28730419921875,30.474117647058826,-33774.04580152672,-2335.87786259542,5166.412213740458
493791,0,0,0,4940417685,4922.220091,0.010005,406,16526,472,-2061,-1228,-84,185,0.24301146850585936,9.891644158935547,0.2825157958984375,30.468235294117648,-33746.564885496184,-2308.3969465648856,5083.9694656488555
493792,0,0,0,4940427690,4922.230096,0.010005,412,16548,504,-2058,-1232,-85,190,0.24660277099609373,9.904812268066406,0.3016694091796875,30.47705882352941,-33856.48854961832,-2335.87786259542,5221.374045801527
493793,0,0,0,4940437696,4922.240102,0.010006,390,16536,440,-2056,-1230,-88,196,0.23343466186523437,9.897629663085937,0.26336218261718747,30.48294117647059,-33801.52671755725,-2418.320610687023,5386.259541984733
493794,0,0,0,4940447701,4922.250107,0.010005,352,16542,436,-2054,-1231,-87,189,0.21068974609375,9.90122096557617,0.2609679809570312,30.488823529411768,-33829.00763358779,-2390.8396946564885,5193.893129770992
493795,0,0,0,4940457706,4922.260112,0.010005,368,16540,412,-2061,-1227,-88,190,0.22026655273437498,9.900023864746093,0.24660277099609373,30.468235294117648,-33719.08396946565,-2418.320610687023,5221.374045801527
493796,0,0,0,4940467711,4922.270117,0.010005,382,16564,452,-2061,-1227,-87,188,0.22864625854492185,9.91438907470703,0.2705447875976562,30.468235294117648,-33719.08396946565,-2390.8396946564885,5166.412213740458
493797,0,0,0,4940477716,4922.280122,0.010005,376,16532,522,-2058,-1230,-81,189,0.22505495605468748,9.89523546142578,0.3124433166503906,30.47705882352941,-33801.52671755725,-2225.9541984732828,5193.893129770992
493798,0,0,0,4940487722,4922.290128,0.010006,330,16524,498,-2055,-1235,-81,185,0.1975216369628906,9.890447058105469,0.2980781066894531,30.48588235294118,-33938.931297709925,-2225.9541984732828,5083.9694656488555
493799,0,0,0,4940497727,4922.300133,0.010005,376,16524,464,-2058,-1228,-86,184,0.22505495605468748,9.890447058105469,0.277727392578125,30.47705882352941,-33746.564885496184,-2363.3587786259545,5056.488549618321
493800,0,0,0,4940507732,4922.310138,0.010005,384,16546,416,-2057,-1228,-84,190,0.229843359375,9.903615167236328,0.24899697265624998,30.48,-33746.564885496184,-2308.3969465648856,5221.374045801527
493801,0,0,0,4940517737,4922.320143,0.010005,374,16528,468,-2059,-1226,-87,190,0.22385785522460935,9.892841259765625,0.28012159423828126,30.474117647058826,-33691.603053435116,-2390.8396946564885,5221.374045801527
493802,0,0,0,4940527743,4922.330149,0.010006,370,16552,464,-2059,-1221,-82,179,0.2214636535644531,9.907206469726562,0.277727392578125,30.474117647058826,-33554.19847328244,-2253.4351145038167,4919.083969465649
493803,0,0,0,4940537748,4922.340154,0.010005,380,16534,458,-2053,-1229,-87,188,0.22744915771484372,9.896432562255859,0.2741360900878906,30.491764705882353,-33774.04580152672,-2390.8396946564885,5166.412213740458
493804,0,0,0,4940547753,4922.350159,0.010005,346,16520,446,-2054,-1235,-88,187,0.20709844360351562,9.888052856445311,0.26695348510742184,30.488823529411768,-33938.931297709925,-2418.320610687023,5138.931297709924
493805,0,0,0,4940557758,4922.360164,0.010005,372,16550,528,-2055,-1231,-80,184,0.22266075439453123,9.906009368896484,0.316034619140625,30.48588235294118,-33829.00763358779,-2198.4732824427483,5056.488549618321
493806,0,0,0,4940567763,4922.370169,0.010005,362,16544,442,-2058,-1230,-88,193,0.2166752502441406,9.90241806640625,0.2645592834472656,30.47705882352941,-33801.52671755725,-2418.320610687023,5303.81679389313
493807,0,0,0,4940577769,4922.380175,0.010006,370,16486,430,-2056,-1231,-86,192,0.2214636535644531,9.867702142333984,0.25737667846679685,30.48294117647059,-33829.00763358779,-2363.3587786259545,5276.335877862595
493808,0,0,0,4940587774,4922.39018,0.010005,340,16564,454,-2055,-1232,-86,188,0.20350714111328125,9.91438907470703,0.27174188842773433,30.48588235294118,-33856.48854961832,-2363.3587786259545,5166.412213740458
493809,0,0,0,4940597779,4922.400185,0.010005,380,16544,478,-2051,-1231,-87,184,0.22744915771484372,9.90241806640625,0.2861070983886719,30.49764705882353,-33829.00763358779,-2390.8396946564885,5056.488549618321
493810,0,0,0,4940607784,4922.41019,0.010005,364,16526,488,-2056,-1237,-81,193,0.21787235107421873,9.891644158935547,0.2920926025390625,30.48294117647059,-33993.89312977099,-2225.9541984732828,5303.81679389313
493811,0,0,0,4940617789,4922.420195,0.010005,324,16546,492,-2056,-1235,-80,184,0.19393033447265623,9.903615167236328,0.29448680419921874,30.48294117647059,-33938.931297709925,-2198.4732824427483,5056.488549618321
493812,0,0,0,4940627795,4922.430201,0.010006,338,16552,442,-2056,-1227,-82,190,0.20231004028320312,9.907206469726562,0.2645592834472656,30.48294117647059,-33719.08396946565,-2253.4351145038167,5221.374045801527
493813,0,0,0,4940637800,4922.440206,0.010005,370,16502,460,-2053,-1232,-86,191,0.2214636535644531,9.87727894897461,0.2753331909179687,30.491764705882353,-33856.48854961832,-2363.3587786259545,5248.854961832061
493814,0,0,0,4940647805,4922.450211,0.010005,350,16546,432,-2057,-1224,-90,185,0.20949264526367187,9.903615167236328,0.258573779296875,30.48,-33636.64122137405,-2473.282442748092,5083.9694656488555
493815,0,0,0,4940657810,4922.460216,0.010005,384,16534,480,-2055,-1227,-84,186,0.229843359375,9.896432562255859,0.28730419921875,30.48588235294118,-33719.08396946565,-2308.3969465648856,5111.4503816793895
493816,0,0,0,4940667815,4922.470221,0.010005,368,16544,452,-2058,-1228,-80,179,0.22026655273437498,9.90241806640625,0.2705447875976562,30.47705882352941,-33746.564885496184,-2198.4732824427483,4919.083969465649
493817,0,0,0,4940677821,4922.480227,0.010006,382,16590,420,-2058,-1232,-82,181,0.22864625854492185,9.929951385498047,0.25139117431640623,30.47705882352941,-33856.48854961832,-2253.4351145038167,4974.045801526718
493818,0,0,0,4940687826,4922.490232,0.010005,388,16572,504,-2057,-1231,-84,185,0.23223756103515625,9.919177478027343,0.3016694091796875,30.48,-33829.00763358779,-2308.3969465648856,5083.9694656488555
493819,0,0,0,4940697831,4922.500237,0.010005,358,16562,442,-2058,-1223,-93,192,0.21428104858398436,9.913191973876952,0.2645592834472656,30.47705882352941,-33609.16030534351,-2555.7251908396947,5276.335877862595
493820,0,0,0,4940707836,4922.510242,0.010005,372,16538,384,-2056,-1228,-87,194,0.22266075439453123,9.898826763916015,0.229843359375,30.48294117647059,-33746.564885496184,-2390.8396946564885,5331.297709923664
493821,0,0,0,4940717842,4922.520248,0.010006,354,16514,428,-2055,-1228,-84,192,0.21188684692382811,9.884461553955077,0.2561795776367187,30.48588235294118,-33746.564885496184,-2308.3969465648856,5276.335877862595
493822,0,0,0,4940727847,4922.530253,0.010005,366,16580,480,-2055,-1232,-81,187,0.21906945190429686,9.923965881347655,0.28730419921875,30.48588235294118,-33856.48854961832,-2225.9541984732828,5138.931297709924
493823,0,0,0,4940737852,4922.540258,0.010005,426,16588,448,-2050,-1232,-84,180,0.2549824768066406,9.928754284667969,0.26815058593749996,30.500588235294117,-33856.48854961832,-2308.3969465648856,4946.564885496184
493824,0,0,0,4940747857,4922.550263,0.010005,364,16572,486,-2057,-1232,-82,178,0.21787235107421873,9.919177478027343,0.29089550170898437,30.48,-33856.48854961832,-2253.4351145038167,4891.603053435115
493825,0,0,0,4940757862,4922.560268,0.010005,380,16534,482,-2055,-1231,-86,184,0.22744915771484372,9.896432562255859,0.2885013000488281,30.48588235294118,-33829.00763358779,-2363.3587786259545,5056.488549618321
493826,0,0,0,4940767868,4922.570274,0.010006,402,16530,520,-2054,-1234,-82,188,0.24061726684570311,9.894038360595703,0.3112462158203125,30.488823529411768,-33911.45038167939,-2253.4351145038167,5166.412213740458
493827,0,0,0,4940777873,4922.580279,0.010005,362,16506,486,-2055,-1232,-90,185,0.2166752502441406,9.879673150634765,0.29089550170898437,30.48588235294118,-33856.48854961832,-2473.282442748092,5083.9694656488555
493828,0,0,0,4940787878,4922.590284,0.010005,374,16536,496,-2057,-1230,-87,188,0.22385785522460935,9.897629663085937,0.296881005859375,30.48,-33801.52671755725,-2390.8396946564885,5166.412213740458
493829,0,0,0,4940797883,4922.600289,0.010005,358,16490,444,-2059,-1227,-85,194,0.21428104858398436,9.87009634399414,0.2657563842773437,30.474117647058826,-33719.08396946565,-2335.87786259542,5331.297709923664
493830,0,0,0,4940807888,4922.610294,0.010005,406,16568,502,-2058,-1225,-88,184,0.24301146850585936,9.916783276367187,0.30047230834960936,30.47705882352941,-33664.122137404585,-2418.320610687023,5056.488549618321
493831,0,0,0,4940817894,4922.6203,0.010006,376,16582,502,-2063,-1231,-87,190,0.22505495605468748,9.925162982177733,0.30047230834960936,30.462352941176473,-33829.00763358779,-2390.8396946564885,5221.374045801527
493832,0,0,0,4940827899,4922.630305,0.010005,394,16568,464,-2058,-1228,-83,188,0.23582886352539062,9.916783276367187,0.277727392578125,30.47705882352941,-33746.564885496184,-2280.916030534351,5166.412213740458
493833,0,0,0,4940837904,4922.64031,0.010005,412,16536,502,-2052,-1231,-80,189,0.24660277099609373,9.897629663085937,0.30047230834960936,30.494705882352942,-33829.00763358779,-2198.4732824427483,5193.893129770992
493834,0,0,0,4940847909,4922.650315,0.010005,374,16582,436,-2054,-1232,-81,184,0.22385785522460935,9.925162982177733,0.2609679809570312,30.488823529411768,-33856.48854961832,-2225.9541984732828,5056.488549618321
493835,0,0,0,4940857915,4922.660321,0.010006,312,16528,450,-2058,-1226,-86,183,0.1867477294921875,9.892841259765625,0.2693476867675781,30.47705882352941,-33691.603053435116,-2363.3587786259545,5029.007633587787
493836,0,0,0,4940867920,4922.670326,0.010005,348,16540,472,-2057,-1230,-88,186,0.20829554443359374,9.900023864746093,0.2825157958984375,30.48,-33801.52671755725,-2418.320610687023,5111.4503816793895
493837,0,0,0,4940877925,4922.680331,0.010005,358,16580,480,-2058,-1234,-88,184,0.21428104858398436,9.923965881347655,0.28730419921875,30.47705882352941,-33911.45038167939,-2418.320610687023,5056.488549618321
493838,0,0,0,4940887930,4922.690336,0.010005,402,16542,492,-2058,-1234,-85,185,0.24061726684570311,9.90122096557617,0.29448680419921874,30.47705882352941,-33911.45038167939,-2335.87786259542,5083.9694656488555
493839,0,0,0,4940897935,4922.700341,0.010005,406,16562,526,-2058,-1231,-85,192,0.24301146850585936,9.913191973876952,0.31483751831054685,30.47705882352941,-33829.00763358779,-2335.87786259542,5276.335877862595
493840,0,0,0,4940907941,4922.710347,0.010006,416,16528,452,-2057,-1230,-90,194,0.24899697265624998,9.892841259765625,0.2705447875976562,30.48,-33801.52671755725,-2473.282442748092,5331.297709923664
493841,0,0,0,4940917946,4922.720352,0.010005,372,16532,510,-2058,-1228,-85,181,0.22266075439453123,9.89523546142578,0.30526071166992186,30.47705882352941,-33746.564885496184,-2335.87786259542,4974.045801526718
493842,0,0,0,4940927951,4922.730357,0.010005,368,16520,462,-2052,-1229,-87,186,0.22026655273437498,9.888052856445311,0.2765302917480469,30.494705882352942,-33774.04580152672,-2390.8396946564885,5111.4503816793895
493843,0,0,0,4940937956,4922.740362,0.010005,404,16540,502,-2053,-1234,-85,177,0.24181436767578124,9.900023864746093,0.30047230834960936,30.491764705882353,-33911.45038167939,-2335.87786259542,4864.122137404581
493844,0,0,0,4940947961,4922.750367,0.010005,416,16544,432,-2056,-1234,-82,184,0.24899697265624998,9.90241806640625,0.258573779296875,30.48294117647059,-33911.45038167939,-2253.4351145038167,5056.488549618321
493845,0,0,0,4940957967,4922.760373,0.010006,396,16562,490,-2056,-1227,-85,189,0.23702596435546874,9.913191973876952,0.2932897033691406,30.48294117647059,-33719.08396946565,-2335.87786259542,5193.893129770992
493846,0,0,0,4940967972,4922.770378,0.010005,412,16520,474,-2060,-1228,-86,186,0.24660277099609373,9.888052856445311,0.28371289672851563,30.471176470588237,-33746.564885496184,-2363.3587786259545,5111.4503816793895
493847,0,0,0,4940977977,4922.780383,0.010005,386,16526,508,-2057,-1226,-89,183,0.23104046020507812,9.891644158935547,0.30406361083984373,30.48,-33691.603053435116,-2445.8015267175574,5029.007633587787
493848,0,0,0,4940987982,4922.790388,0.010005,364,16538,518,-2055,-1228,-81,184,0.21787235107421873,9.898826763916015,0.31004911499023435,30.48588235294118,-33746.564885496184,-2225.9541984732828,5056.488549618321
493849,0,0,0,4940997988,4922.800394,0.010006,380,16548,404,-2061,-1226,-86,181,0.22744915771484372,9.904812268066406,0.24181436767578124,30.468235294117648,-33691.603053435116,-2363.3587786259545,4974.045801526718
493850,0,0,0,4941007993,4922.810399,0.010005,362,16558,464,-2060,-1228,-92,184,0.2166752502441406,9.910797772216796,0.277727392578125,30.471176470588237,-33746.564885496184,-2528.2442748091603,5056.488549618321
493851,0,0,0,4941017998,4922.820404,0.010005,380,16476,416,-2057,-1229,-86,186,0.22744915771484372,9.861716638183593,0.24899697265624998,30.48,-33774.04580152672,-2363.3587786259545,5111.4503816793895
493852,0,0,0,4941028003,4922.830409,0.010005,382,16558,486,-2058,-1232,-89,178,0.22864625854492185,9.910797772216796,0.29089550170898437,30.47705882352941,-33856.48854961832,-2445.8015267175574,4891.603053435115
493853,0,0,0,4941038008,4922.840414,0.010005,408,16536,504,-2058,-1224,-90,188,0.2442085693359375,9.897629663085937,0.3016694091796875,30.47705882352941,-33636.64122137405,-2473.282442748092,5166.412213740458
493854,0,0,0,4941048014,4922.85042,0.010006,402,16528,484,-2053,-1230,-85,188,0.24061726684570311,9.892841259765625,0.28969840087890625,30.491764705882353,-33801.52671755725,-2335.87786259542,5166.412213740458
493855,0,0,0,4941058019,4922.860425,0.010005,420,16570,406,-2053,-1227,-87,187,0.25139117431640623,9.917980377197265,0.24301146850585936,30.491764705882353,-33719.08396946565,-2390.8396946564885,5138.931297709924
493856,0,0,0,4941068024,4922.87043,0.010005,386,16520,396,-2055,-1230,-82,191,0.23104046020507812,9.888052856445311,0.23702596435546874,30.48588235294118,-33801.52671755725,-2253.4351145038167,5248.854961832061
493857,0,0,0,4941078029,4922.880435,0.010005,382,16532,512,-2061,-1228,-88,181,0.22864625854492185,9.89523546142578,0.3064578125,30.468235294117648,-33746.564885496184,-2418.320610687023,4974.045801526718
493858,0,0,0,4941088034,4922.89044,0.010005,414,16598,550,-2058,-1229,-91,179,0.24779987182617186,9.934739788818359,0.32920272827148434,30.47705882352941,-33774.04580152672,-2500.7633587786263,4919.083969465649
493859,0,0,0,4941098040,4922.900446,0.010006,400,16588,428,-2055,-1231,-85,173,0.239420166015625,9.928754284667969,0.2561795776367187,30.48588235294118,-33829.00763358779,-2335.87786259542,4754.198473282443
493860,0,0,0,4941108045,4922.910451,0.010005,346,16530,472,-2052,-1235,-85,185,0.20709844360351562,9.894038360595703,0.2825157958984375,30.494705882352942,-33938.931297709925,-2335.87786259542,5083.9694656488555
493861,0,0,0,4941118050,4922.920456,0.010005,382,16574,474,-2052,-1229,-89,185,0.22864625854492185,9.920374578857421,0.28371289672851563,30.494705882352942,-33774.04580152672,-2445.8015267175574,5083.9694656488555
493862,0,0,0,4941128055,4922.930461,0.010005,376,16534,440,-2054,-1233,-87,185,0.22505495605468748,9.896432562255859,0.26336218261718747,30.488823529411768,-33883.96946564886,-2390.8396946564885,5083.9694656488555
493863,0,0,0,4941138061,4922.940467,0.010006,336,16494,452,-2055,-1233,-86,182,0.201112939453125,9.872490545654296,0.2705447875976562,30.48588235294118,-33883.96946564886,-2363.3587786259545,5001.526717557253
493864,0,0,0,4941148066,4922.950472,0.010005,380,16544,468,-2060,-1232,-90,191,0.22744915771484372,9.90241806640625,0.28012159423828126,30.471176470588237,-33856.48854961832,-2473.282442748092,5248.854961832061
493865,0,0,0,4941158071,4922.960477,0.010005,368,16536,452,-2066,-1235,-90,191,0.22026655273437498,9.897629663085937,0.2705447875976562,30.453529411764706,-33938.931297709925,-2473.282442748092,5248.854961832061
493866,0,0,0,4941168076,4922.970482,0.010005,382,16516,440,-2057,-1234,-85,189,0.22864625854492185,9.885658654785155,0.26336218261718747,30.48,-33911.45038167939,-2335.87786259542,5193.893129770992
493867,0,0,0,4941178081,4922.980487,0.010005,394,16542,430,-2058,-1232,-83,191,0.23582886352539062,9.90122096557617,0.25737667846679685,30.47705882352941,-33856.48854961832,-2280.916030534351,5248.854961832061
493868,0,0,0,4941188087,4922.990493,0.010006,404,16562,434,-2058,-1227,-84,192,0.24181436767578124,9.913191973876952,0.2597708801269531,30.47705882352941,-33719.08396946565,-2308.3969465648856,5276.335877862595
493869,0,0,0,4941198092,4923.000498,0.010005,366,16532,512,-2054,-1229,-92,182,0.21906945190429686,9.89523546142578,0.3064578125,30.488823529411768,-33774.04580152672,-2528.2442748091603,5001.526717557253
493870,0,0,0,4941208097,4923.010503,0.010005,360,16540,506,-2057,-1232,-89,181,0.2154781494140625,9.900023864746093,0.3028665100097656,30.48,-33856.48854961832,-2445.8015267175574,4974.045801526718
493871,0,0,0,4941218102,4923.020508,0.010005,408,16518,512,-2052,-1232,-89,187,0.2442085693359375,9.886855755615233,0.3064578125,30.494705882352942,-33856.48854961832,-2445.8015267175574,5138.931297709924
493872,0,0,0,4941228107,4923.030513,0.010005,396,16530,514,-2058,-1230,-81,185,0.23702596435546874,9.894038360595703,0.3076549133300781,30.47705882352941,-33801.52671755725,-2225.9541984732828,5083.9694656488555
493873,0,0,0,4941238113,4923.040519,0.010006,350,16548,436,-2057,-1231,-87,192,0.20949264526367187,9.904812268066406,0.2609679809570312,30.48,-33829.00763358779,-2390.8396946564885,5276.335877862595
493874,0,0,0,4941248118,4923.050524,0.010005,362,16570,440,-2059,-1235,-84,192,0.2166752502441406,9.917980377197265,0.26336218261718747,30.474117647058826,-33938.931297709925,-2308.3969465648856,5276.335877862595
493875,0,0,0,4941258123,4923.060529,0.010005,374,16528,492,-2057,-1225,-83,189,0.22385785522460935,9.892841259765625,0.29448680419921874,30.48,-33664.122137404585,-2280.916030534351,5193.893129770992
493876,0,0,0,4941268128,4923.070534,0.010005,378,16566,474,-2056,-1226,-84,189,0.2262520568847656,9.91558617553711,0.28371289672851563,30.48294117647059,-33691.603053435116,-2308.3969465648856,5193.893129770992
493877,0,0,0,4941278134,4923.08054,0.010006,336,16552,448,-2056,-1235,-87,194,0.201112939453125,9.907206469726562,0.26815058593749996,30.48294117647059,-33938.931297709925,-2390.8396946564885,5331.297709923664
493878,0,0,0,4941288139,4923.090545,0.010005,392,16508,512,-2064,-1230,-85,186,0.2346317626953125,9.880870251464843,0.3064578125,30.459411764705884,-33801.52671755725,-2335.87786259542,5111.4503816793895
493879,0,0,0,4941298144,4923.10055,0.010005,360,16526,452,-2057,-1226,-85,191,0.2154781494140625,9.891644158935547,0.2705447875976562,30.48,-33691.603053435116,-2335.87786259542,5248.854961832061
493880,0,0,0,4941308149,4923.110555,0.010005,386,16560,510,-2056,-1230,-84,188,0.23104046020507812,9.911994873046874,0.30526071166992186,30.48294117647059,-33801.52671755725,-2308.3969465648856,5166.412213740458
493881,0,0,0,4941318154,4923.12056,0.010005,366,16546,426,-2062,-1225,-84,184,0.21906945190429686,9.903615167236328,0.2549824768066406,30.465294117647062,-33664.122137404585,-2308.3969465648856,5056.488549618321
493882,0,0,0,4941328160,4923.130566,0.010006,370,16510,438,-2064,-1231,-83,191,0.2214636535644531,9.882067352294921,0.26216508178710934,30.459411764705884,-33829.00763358779,-2280.916030534351,5248.854961832061
493883,0,0,0,4941338165,4923.140571,0.010005,354,16572,436,-2058,-1232,-90,189,0.21188684692382811,9.919177478027343,0.2609679809570312,30.47705882352941,-33856.48854961832,-2473.282442748092,5193.893129770992
493884,0,0,0,4941348170,4923.150576,0.010005,316,16562,480,-2058,-1230,-86,190,0.18914193115234373,9.913191973876952,0.28730419921875,30.47705882352941,-33801.52671755725,-2363.3587786259545,5221.374045801527
493885,0,0,0,4941358175,4923.160581,0.010005,342,16566,476,-2057,-1232,-88,191,0.20470424194335937,9.91558617553711,0.28490999755859375,30.48,-33856.48854961832,-2418.320610687023,5248.854961832061
493886,0,0,0,4941368180,4923.170586,0.010005,366,16500,464,-2054,-1232,-89,187,0.21906945190429686,9.87608184814453,0.277727392578125,30.488823529411768,-33856.48854961832,-2445.8015267175574,5138.931297709924
493887,0,0,0,4941378186,4923.180592,0.010006,356,16560,428,-2059,-1224,-80,187,0.21308394775390624,9.911994873046874,0.2561795776367187,30.474117647058826,-33636.64122137405,-2198.4732824427483,5138.931297709924
493888,0,0,0,4941388191,4923.190597,0.010005,414,16538,460,-2054,-1237,-82,182,0.24779987182617186,9.898826763916015,0.2753331909179687,30.488823529411768,-33993.89312977099,-2253.4351145038167,5001.526717557253
493889,0,0,0,4941398196,4923.200602,0.010005,380,16536,486,-2054,-1235,-80,183,0.22744915771484372,9.897629663085937,0.29089550170898437,30.488823529411768,-33938.931297709925,-2198.4732824427483,5029.007633587787
493890,0,0,0,4941408201,4923.210607,0.010005,392,16524,496,-2053,-1229,-89,186,0.2346317626953125,9.890447058105469,0.296881005859375,30.491764705882353,-33774.04580152672,-2445.8015267175574,5111.4503816793895
493891,0,0,0,4941418207,4923.220613,0.010006,352,16552,482,-2058,-1230,-86,184,0.21068974609375,9.907206469726562,0.2885013000488281,30.47705882352941,-33801.52671755725,-2363.3587786259545,5056.488549618321
493892,0,0,0,4941428212,4923.230618,0.010005,394,16526,490,-2055,-1229,-86,183,0.23582886352539062,9.891644158935547,0.2932897033691406,30.48588235294118,-33774.04580152672,-2363.3587786259545,5029.007633587787
493893,0,0,0,4941438217,4923.240623,0.010005,356,16546,466,-2053,-1230,-83,195,0.21308394775390624,9.903615167236328,0.27892449340820313,30.491764705882353,-33801.52671755725,-2280.916030534351,5358.778625954199
493894,0,0,0,4941448222,4923.250628,0.010005,368,16536,436,-2051,-1234,-83,194,0.22026655273437498,9.897629663085937,0.2609679809570312,30.49764705882353,-33911.45038167939,-2280.916030534351,5331.297709923664
493895,0,0,0,4941458227,4923.260633,0.010005,376,16526,496,-2056,-1233,-89,186,0.22505495605468748,9.891644158935547,0.296881005859375,30.48294117647059,-33883.96946564886,-2445.8015267175574,5111.4503816793895
493896,0,0,0,4941468233,4923.270639,0.010006,398,16574,492,-2056,-1223,-86,182,0.23822306518554687,9.920374578857421,0.29448680419921874,30.48294117647059,-33609.16030534351,-2363.3587786259545,5001.526717557253
493897,0,0,0,4941478238,4923.280644,0.010005,378,16554,482,-2061,-1228,-85,186,0.2262520568847656,9.90840357055664,0.2885013000488281,30.468235294117648,-33746.564885496184,-2335.87786259542,5111.4503816793895
493898,0,0,0,4941488243,4923.290649,0.010005,370,16514,470,-2053,-1233,-81,190,0.2214636535644531,9.884461553955077,0.2813186950683594,30.491764705882353,-33883.96946564886,-2225.9541984732828,5221.374045801527
493899,0,0,0,4941498248,4923.300654,0.010005,368,16536,478,-2054,-1226,-87,184,0.22026655273437498,9.897629663085937,0.2861070983886719,30.488823529411768,-33691.603053435116,-2390.8396946564885,5056.488549618321
493900,0,0,0,4941508253,4923.310659,0.010005,338,16530,464,-2047,-1226,-84,183,0.20231004028320312,9.894038360595703,0.277727392578125,30.509411764705884,-33691.603053435116,-2308.3969465648856,5029.007633587787
493901,0,0,0,4941518259,4923.320665,0.010006,332,16550,476,-2051,-1230,-81,193,0.19871873779296872,9.906009368896484,0.28490999755859375,30.49764705882353,-33801.52671755725,-2225.9541984732828,5303.81679389313
493902,0,0,0,4941528264,4923.33067,0.010005,342,16512,428,-2052,-1231,-82,195,0.20470424194335937,9.883264453125,0.2561795776367187,30.494705882352942,-33829.00763358779,-2253.4351145038167,5358.778625954199
493903,0,0,0,4941538269,4923.340675,0.010005,362,16518,420,-2055,-1235,-82,193,0.2166752502441406,9.886855755615233,0.25139117431640623,30.48588235294118,-33938.931297709925,-2253.4351145038167,5303.81679389313
493904,0,0,0,4941548274,4923.35068,0.010005,394,16552,424,-2059,-1227,-87,189,0.23582886352539062,9.907206469726562,0.2537853759765625,30.474117647058826,-33719.08396946565,-2390.8396946564885,5193.893129770992
493905,0,0,0,4941558280,4923.360686,0.010006,362,16520,468,-2053,-1232,-84,182,0.2166752502441406,9.888052856445311,0.28012159423828126,30.491764705882353,-33856.48854961832,-2308.3969465648856,5001.526717557253
493906,0,0,0,4941568285,4923.370691,0.010005,362,16568,444,-2048,-1236,-91,182,0.2166752502441406,9.916783276367187,0.2657563842773437,30.506470588235295,-33966.41221374046,-2500.7633587786263,5001.526717557253
493907,0,0,0,4941578290,4923.380696,0.010005,348,16566,508,-2057,-1235,-87,194,0.20829554443359374,9.91558617553711,0.30406361083984373,30.48,-33938.931297709925,-2390.8396946564885,5331.297709923664
493908,0,0,0,4941588295,4923.390701,0.010005,356,16548,444,-2054,-1232,-81,187,0.21308394775390624,9.904812268066406,0.2657563842773437,30.488823529411768,-33856.48854961832,-2225.9541984732828,5138.931297709924
493909,0,0,0,4941598300,4923.400706,0.010005,404,16540,474,-2055,-1224,-84,189,0.24181436767578124,9.900023864746093,0.28371289672851563,30.48588235294118,-33636.64122137405,-2308.3969465648856,5193.893129770992
493910,0,0,0,4941608306,4923.410712,0.010006,380,16488,446,-2054,-1222,-86,182,0.22744915771484372,9.868899243164062,0.26695348510742184,30.488823529411768,-33581.67938931298,-2363.3587786259545,5001.526717557253
493911,0,0,0,4941618311,4923.420717,0.010005,362,16512,484,-2051,-1230,-87,190,0.2166752502441406,9.883264453125,0.28969840087890625,30.49764705882353,-33801.52671755725,-2390.8396946564885,5221.374045801527
493912,0,0,0,4941628316,4923.430722,0.010005,386,16530,456,-2053,-1227,-84,187,0.23104046020507812,9.894038360595703,0.27293898925781246,30.491764705882353,-33719.08396946565,-2308.3969465648856,5138.931297709924
493913,0,0,0,4941638321,4923.440727,0.010005,352,16502,522,-2059,-1232,-91,190,0.21068974609375,9.87727894897461,0.3124433166503906,30.474117647058826,-33856.48854961832,-2500.7633587786263,5221.374045801527
493914,0,0,0,4941648326,4923.450732,0.010005,372,16566,486,-2056,-1233,-88,189,0.22266075439453123,9.91558617553711,0.29089550170898437,30.48294117647059,-33883.96946564886,-2418.320610687023,5193.893129770992
493915,0,0,0,4941658332,4923.460738,0.010006,400,16570,486,-2052,-1230,-83,180,0.239420166015625,9.917980377197265,0.29089550170898437,30.494705882352942,-33801.52671755725,-2280.916030534351,4946.564885496184
493916,0,0,0,4941668337,4923.470743,0.010005,382,16544,410,-2059,-1233,-82,184,0.22864625854492185,9.90241806640625,0.2454056701660156,30.474117647058826,-33883.96946564886,-2253.4351145038167,5056.488549618321
493917,0,0,0,4941678342,4923.480748,0.010005,352,16566,534,-2059,-1228,-82,191,0.21068974609375,9.91558617553711,0.31962592163085934,30.474117647058826,-33746.564885496184,-2253.4351145038167,5248.854961832061
493918,0,0,0,4941688347,4923.490753,0.010005,402,16536,522,-2054,-1229,-83,192,0.24061726684570311,9.897629663085937,0.3124433166503906,30.488823529411768,-33774.04580152672,-2280.916030534351,5276.335877862595
493919,0,0,0,4941698352,4923.500758,0.010005,370,16518,498,-2048,-1231,-88,191,0.2214636535644531,9.886855755615233,0.2980781066894531,30.506470588235295,-33829.00763358779,-2418.320610687023,5248.854961832061
493920,0,0,0,4941708358,4923.510764,0.010006,368,16566,474,-2055,-1228,-86,184,0.22026655273437498,9.91558617553711,0.28371289672851563,30.48588235294118,-33746.564885496184,-2363.3587786259545,5056.488549618321
493921,0,0,0,4941718363,4923.520769,0.010005,356,16552,520,-2057,-1230,-84,182,0.21308394775390624,9.907206469726562,0.3112462158203125,30.48,-33801.52671755725,-2308.3969465648856,5001.526717557253
493922,0,0,0,4941728368,4923.530774,0.010005,360,16540,514,-2056,-1230,-90,190,0.2154781494140625,9.900023864746093,0.3076549133300781,30.48294117647059,-33801.52671755725,-2473.282442748092,5221.374045801527
493923,0,0,0,4941738373,4923.540779,0.010005,398,16546,434,-2054,-1227,-87,184,0.23822306518554687,9.903615167236328,0.2597708801269531,30.488823529411768,-33719.08396946565,-2390.8396946564885,5056.488549618321
493924,0,0,0,4941748379,4923.550785,0.010006,364,16538,450,-2054,-1229,-91,183,0.21787235107421873,9.898826763916015,0.2693476867675781,30.488823529411768,-33774.04580152672,-2500.7633587786263,5029.007633587787
493925,0,0,0,4941758384,4923.56079,0.010005,374,16492,454,-2064,-1231,-85,191,0.22385785522460935,9.871293444824218,0.27174188842773433,30.459411764705884,-33829.00763358779,-2335.87786259542,5248.854961832061
493926,0,0,0,4941768389,4923.570795,0.010005,364,16538,498,-2060,-1229,-88,193,0.21787235107421873,9.898826763916015,0.2980781066894531,30.471176470588237,-33774.04580152672,-2418.320610687023,5303.81679389313
493927,0,0,0,4941778394,4923.5808,0.010005,376,16598,478,-2057,-1237,-86,180,0.22505495605468748,9.934739788818359,0.2861070983886719,30.48,-33993.89312977099,-2363.3587786259545,4946.564885496184
493928,0,0,0,4941788399,4923.590805,0.010005,360,16504,458,-2058,-1233,-77,183,0.2154781494140625,9.878476049804688,0.2741360900878906,30.47705882352941,-33883.96946564886,-2116.030534351145,5029.007633587787
493929,0,0,0,4941798405,4923.600811,0.010006,348,16536,434,-2054,-1237,-79,180,0.20829554443359374,9.897629663085937,0.2597708801269531,30.488823529411768,-33993.89312977099,-2170.992366412214,4946.564885496184
493930,0,0,0,4941808410,4923.610816,0.010005,412,16538,446,-2054,-1233,-86,186,0.24660277099609373,9.898826763916015,0.26695348510742184,30.488823529411768,-33883.96946564886,-2363.3587786259545,5111.4503816793895
493931,0,0,0,4941818415,4923.620821,0.010005,400,16606,482,-2058,-1228,-84,187,0.239420166015625,9.93952819213867,0.2885013000488281,30.47705882352941,-33746.564885496184,-2308.3969465648856,5138.931297709924
493932,0,0,0,4941828420,4923.630826,0.010005,378,16508,494,-2059,-1227,-79,187,0.2262520568847656,9.880870251464843,0.29568390502929687,30.474117647058826,-33719.08396946565,-2170.992366412214,5138.931297709924
493933,0,0,0,4941838425,4923.640831,0.010005,400,16562,480,-2058,-1231,-90,186,0.239420166015625,9.913191973876952,0.28730419921875,30.47705882352941,-33829.00763358779,-2473.282442748092,5111.4503816793895
493934,0,0,0,4941848431,4923.650837,0.010006,352,16558,512,-2056,-1230,-85,187,0.21068974609375,9.910797772216796,0.3064578125,30.48294117647059,-33801.52671755725,-2335.87786259542,5138.931297709924
493935,0,0,0,4941858436,4923.660842,0.010005,412,16526,442,-2056,-1231,-90,184,0.24660277099609373,9.891644158935547,0.2645592834472656,30.48294117647059,-33829.00763358779,-2473.282442748092,5056.488549618321
493936,0,0,0,4941868441,4923.670847,0.010005,338,16524,450,-2058,-1229,-76,190,0.20231004028320312,9.890447058105469,0.2693476867675781,30.47705882352941,-33774.04580152672,-2088.549618320611,5221.374045801527
493937,0,0,0,4941878446,4923.680852,0.010005,334,16566,462,-2058,-1230,-87,195,0.19991583862304688,9.91558617553711,0.2765302917480469,30.47705882352941,-33801.52671755725,-2390.8396946564885,5358.778625954199
493938,0,0,0,4941888452,4923.690858,0.010006,380,16560,444,-2063,-1226,-89,190,0.22744915771484372,9.911994873046874,0.2657563842773437,30.462352941176473,-33691.603053435116,-2445.8015267175574,5221.374045801527
493939,0,0,0,4941898457,4923.700863,0.010005,394,16558,440,-2061,-1223,-89,189,0.23582886352539062,9.910797772216796,0.26336218261718747,30.468235294117648,-33609.16030534351,-2445.8015267175574,5193.893129770992
493940,0,0,0,4941908462,4923.710868,0.010005,344,16542,484,-2057,-1230,-87,184,0.2059013427734375,9.90122096557617,0.28969840087890625,30.48,-33801.52671755725,-2390.8396946564885,5056.488549618321
493941,0,0,0,4941918467,4923.720873,0.010005,360,16552,524,-2059,-1226,-85,189,0.2154781494140625,9.907206469726562,0.3136404174804687,30.474117647058826,-33691.603053435116,-2335.87786259542,5193.893129770992
493942,0,0,0,4941928472,4923.730878,0.010005,386,16578,504,-2052,-1228,-78,182,0.23104046020507812,9.922768780517577,0.3016694091796875,30.494705882352942,-33746.564885496184,-2143.5114503816794,5001.526717557253
493943,0,0,0,4941938478,4923.740884,0.010006,372,16544,460,-2055,-1228,-88,186,0.22266075439453123,9.90241806640625,0.2753331909179687,30.48588235294118,-33746.564885496184,-2418.320610687023,5111.4503816793895
493944,0,0,0,4941948483,4923.750889,0.010005,380,16530,510,-2063,-1232,-89,193,0.22744915771484372,9.894038360595703,0.30526071166992186,30.462352941176473,-33856.48854961832,-2445.8015267175574,5303.81679389313
493945,0,0,0,4941958488,4923.760894,0.010005,394,16596,474,-2059,-1237,-84,185,0.23582886352539062,9.93354268798828,0.28371289672851563,30.474117647058826,-33993.89312977099,-2308.3969465648856,5083.9694656488555
493946,0,0,0,4941968493,4923.770899,0.010005,376,16544,496,-2056,-1226,-83,190,0.22505495605468748,9.90241806640625,0.296881005859375,30.48294117647059,-33691.603053435116,-2280.916030534351,5221.374045801527
493947,0,0,0,4941978498,4923.780904,0.010005,348,16548,482,-2053,-1231,-91,182,0.20829554443359374,9.904812268066406,0.2885013000488281,30.491764705882353,-33829.00763358779,-2500.7633587786263,5001.526717557253
493948,0,0,0,4941988504,4923.79091,0.010006,340,16548,474,-2061,-1228,-83,185,0.20350714111328125,9.904812268066406,0.28371289672851563,30.468235294117648,-33746.564885496184,-2280.916030534351,5083.9694656488555
493949,0,0,0,4941998509,4923.800915,0.010005,366,16534,496,-2068,-1229,-77,188,0.21906945190429686,9.896432562255859,0.296881005859375,30.44764705882353,-33774.04580152672,-2116.030534351145,5166.412213740458
493950,0,0,0,4942008514,4923.81092,0.010005,390,16526,450,-2061,-1227,-76,188,0.23343466186523437,9.891644158935547,0.2693476867675781,30.468235294117648,-33719.08396946565,-2088.549618320611,5166.412213740458
493951,0,0,0,4942018519,4923.820925,0.010005,378,16548,446,-2055,-1230,-79,189,0.2262520568847656,9.904812268066406,0.26695348510742184,30.48588235294118,-33801.52671755725,-2170.992366412214,5193.893129770992
493952,0,0,0,4942028525,4923.830931,0.010006,392,16522,468,-2056,-1224,-75,188,0.2346317626953125,9.889249957275391,0.28012159423828126,30.48294117647059,-33636.64122137405,-2061.0687022900765,5166.412213740458
493953,0,0,0,4942038530,4923.840936,0.010005,376,16484,502,-2055,-1226,-86,184,0.22505495605468748,9.866505041503906,0.30047230834960936,30.48588235294118,-33691.603053435116,-2363.3587786259545,5056.488549618321
493954,0,0,0,4942048535,4923.850941,0.010005,386,16542,456,-2060,-1228,-87,193,0.23104046020507812,9.90122096557617,0.27293898925781246,30.471176470588237,-33746.564885496184,-2390.8396946564885,5303.81679389313
493955,0,0,0,4942058540,4923.860946,0.010005,396,16526,484,-2061,-1225,-83,189,0.23702596435546874,9.891644158935547,0.28969840087890625,30.468235294117648,-33664.122137404585,-2280.916030534351,5193.893129770992
493956,0,0,0,4942068545,4923.870951,0.010005,338,16542,468,-2058,-1231,-92,183,0.20231004028320312,9.90122096557617,0.28012159423828126,30.47705882352941,-33829.00763358779,-2528.2442748091603,5029.007633587787
493957,0,0,0,4942078551,4923.880957,0.010006,376,16522,488,-2058,-1234,-85,183,0.22505495605468748,9.889249957275391,0.2920926025390625,30.47705882352941,-33911.45038167939,-2335.87786259542,5029.007633587787
493958,0,0,0,4942088556,4923.890962,0.010005,410,16550,460,-2055,-1235,-86,185,0.2454056701660156,9.906009368896484,0.2753331909179687,30.48588235294118,-33938.931297709925,-2363.3587786259545,5083.9694656488555
493959,0,0,0,4942098561,4923.900967,0.010005,372,16568,458,-2052,-1233,-84,184,0.22266075439453123,9.916783276367187,0.2741360900878906,30.494705882352942,-33883.96946564886,-2308.3969465648856,5056.488549618321
493960,0,0,0,4942108566,4923.910972,0.010005,386,16530,510,-2052,-1232,-85,183,0.23104046020507812,9.894038360595703,0.30526071166992186,30.494705882352942,-33856.48854961832,-2335.87786259542,5029.007633587787
493961,0,0,0,4942118571,4923.920977,0.010005,396,16544,524,-2055,-1225,-83,191,0.23702596435546874,9.90241806640625,0.3136404174804687,30.48588235294118,-33664.122137404585,-2280.916030534351,5248.854961832061
493962,0,0,0,4942128577,4923.930983,0.010006,376,16548,508,-2057,-1230,-86,189,0.22505495605468748,9.904812268066406,0.30406361083984373,30.48,-33801.52671755725,-2363.3587786259545,5193.893129770992
493963,0,0,0,4942138582,4923.940988,0.010005,350,16568,460,-2054,-1233,-86,185,0.20949264526367187,9.916783276367187,0.2753331909179687,30.488823529411768,-33883.96946564886,-2363.3587786259545,5083.9694656488555
493964,0,0,0,4942148587,4923.950993,0.010005,348,16572,482,-2055,-1238,-85,176,0.20829554443359374,9.919177478027343,0.2885013000488281,30.48588235294118,-34021.37404580153,-2335.87786259542,4836.641221374046
493965,0,0,0,4942158592,4923.960998,0.010005,372,16518,484,-2061,-1236,-84,186,0.22266075439453123,9.886855755615233,0.28969840087890625,30.468235294117648,-33966.41221374046,-2308.3969465648856,5111.4503816793895
493966,0,0,0,4942168598,4923.971004,0.010006,378,16506,468,-2057,-1233,-90,189,0.2262520568847656,9.879673150634765,0.28012159423828126,30.48,-33883.96946564886,-2473.282442748092,5193.893129770992
493967,0,0,0,4942178603,4923.981009,0.010005,338,16566,442,-2054,-1230,-88,191,0.20231004028320312,9.91558617553711,0.2645592834472656,30.488823529411768,-33801.52671755725,-2418.320610687023,5248.854961832061
493968,0,0,0,4942188608,4923.991014,0.010005,384,16556,480,-2057,-1228,-86,181,0.229843359375,9.909600671386718,0.28730419921875,30.48,-33746.564885496184,-2363.3587786259545,4974.045801526718
493969,0,0,0,4942198613,4924.001019,0.010005,344,16548,540,-2062,-1229,-89,184,0.2059013427734375,9.904812268066406,0.3232172241210937,30.465294117647062,-33774.04580152672,-2445.8015267175574,5056.488549618321
493970,0,0,0,4942208618,4924.011024,0.010005,372,16526,488,-2061,-1228,-92,188,0.22266075439453123,9.891644158935547,0.2920926025390625,30.468235294117648,-33746.564885496184,-2528.2442748091603,5166.412213740458
493971,0,0,0,4942218624,4924.02103,0.010006,384,16536,516,-2054,-1231,-87,183,0.229843359375,9.897629663085937,0.30885201416015623,30.488823529411768,-33829.00763358779,-2390.8396946564885,5029.007633587787
493972,0,0,0,4942228629,4924.031035,0.010005,374,16544,466,-2051,-1233,-85,184,0.22385785522460935,9.90241806640625,0.27892449340820313,30.49764705882353,-33883.96946564886,-2335.87786259542,5056.488549618321
493973,0,0,0,4942238634,4924.04104,0.010005,372,16514,496,-2051,-1234,-84,184,0.22266075439453123,9.884461553955077,0.296881005859375,30.49764705882353,-33911.45038167939,-2308.3969465648856,5056.488549618321
493974,0,0,0,4942248639,4924.051045,0.010005,356,16500,456,-2054,-1232,-90,193,0.21308394775390624,9.87608184814453,0.27293898925781246,30.488823529411768,-33856.48854961832,-2473.282442748092,5303.81679389313
493975,0,0,0,4942258644,4924.06105,0.010005,358,16508,468,-2059,-1226,-85,185,0.21428104858398436,9.880870251464843,0.28012159423828126,30.474117647058826,-33691.603053435116,-2335.87786259542,5083.9694656488555
493976,0,0,0,4942268650,4924.071056,0.010006,366,16504,426,-2058,-1233,-82,182,0.21906945190429686,9.878476049804688,0.2549824768066406,30.47705882352941,-33883.96946564886,-2253.4351145038167,5001.526717557253
493977,0,0,0,4942278655,4924.081061,0.010005,358,16540,526,-2060,-1234,-85,184,0.21428104858398436,9.900023864746093,0.31483751831054685,30.471176470588237,-33911.45038167939,-2335.87786259542,5056.488549618321
493978,0,0,0,4942288660,4924.091066,0.010005,346,16510,462,-2055,-1227,-91,183,0.20709844360351562,9.882067352294921,0.2765302917480469,30.48588235294118,-33719.08396946565,-2500.7633587786263,5029.007633587787
493979,0,0,0,4942298665,4924.101071,0.010005,388,16550,476,-2048,-1229,-88,185,0.23223756103515625,9.906009368896484,0.28490999755859375,30.506470588235295,-33774.04580152672,-2418.320610687023,5083.9694656488555
493980,0,0,0,4942308671,4924.111077,0.010006,378,16508,504,-2056,-1231,-87,187,0.2262520568847656,9.880870251464843,0.3016694091796875,30.48294117647059,-33829.00763358779,-2390.8396946564885,5138.931297709924
493981,0,0,0,4942318676,4924.121082,0.010005,396,16528,522,-2058,-1236,-81,183,0.23702596435546874,9.892841259765625,0.3124433166503906,30.47705882352941,-33966.41221374046,-2225.9541984732828,5029.007633587787
493982,0,0,0,4942328681,4924.131087,0.010005,374,16518,468,-2061,-1226,-92,197,0.22385785522460935,9.886855755615233,0.28012159423828126,30.468235294117648,-33691.603053435116,-2528.2442748091603,5413.740458015267
493983,0,0,0,4942338686,4924.141092,0.010005,348,16544,528,-2056,-1226,-78,185,0.20829554443359374,9.90241806640625,0.316034619140625,30.48294117647059,-33691.603053435116,-2143.5114503816794,5083.9694656488555
493984,0,0,0,4942348691,4924.151097,0.010005,346,16582,454,-2056,-1232,-84,192,0.20709844360351562,9.925162982177733,0.27174188842773433,30.48294117647059,-33856.48854961832,-2308.3969465648856,5276.335877862595
493985,0,0,0,4942358697,4924.161103,0.010006,372,16580,412,-2058,-1231,-84,179,0.22266075439453123,9.923965881347655,0.24660277099609373,30.47705882352941,-33829.00763358779,-2308.3969465648856,4919.083969465649
493986,0,0,0,4942368702,4924.171108,0.010005,368,16522,506,-2055,-1229,-89,192,0.22026655273437498,9.889249957275391,0.3028665100097656,30.48588235294118,-33774.04580152672,-2445.8015267175574,5276.335877862595
493987,0,0,0,4942378707,4924.181113,0.010005,342,16502,470,-2058,-1230,-82,188,0.20470424194335937,9.87727894897461,0.2813186950683594,30.47705882352941,-33801.52671755725,-2253.4351145038167,5166.412213740458
493988,0,0,0,4942388712,4924.191118,0.010005,376,16532,436,-2057,-1226,-87,183,0.22505495605468748,9.89523546142578,0.2609679809570312,30.48,-33691.603053435116,-2390.8396946564885,5029.007633587787
493989,0,0,0,4942398717,4924.201123,0.010005,402,16590,448,-2062,-1229,-85,183,0.24061726684570311,9.929951385498047,0.26815058593749996,30.465294117647062,-33774.04580152672,-2335.87786259542,5029.007633587787
493990,0,0,0,4942408723,4924.211129,0.010006,340,16552,480,-2059,-1235,-88,185,0.20350714111328125,9.907206469726562,0.28730419921875,30.474117647058826,-33938.931297709925,-2418.320610687023,5083.9694656488555
493991,0,0,0,4942418728,4924.221134,0.010005,398,16500,462,-2054,-1230,-81,187,0.23822306518554687,9.87608184814453,0.2765302917480469,30.488823529411768,-33801.52671755725,-2225.9541984732828,5138.931297709924
493992,0,0,0,4942428733,4924.231139,0.010005,342,16508,452,-2053,-1230,-79,184,0.20470424194335937,9.880870251464843,0.2705447875976562,30.491764705882353,-33801.52671755725,-2170.992366412214,5056.488549618321
493993,0,0,0,4942438738,4924.241144,0.010005,352,16522,536,-2059,-1233,-86,185,0.21068974609375,9.889249957275391,0.32082302246093747,30.474117647058826,-33883.96946564886,-2363.3587786259545,5083.9694656488555
493994,0,0,0,4942448744,4924.25115,0.010006,354,16590,476,-2056,-1232,-87,181,0.21188684692382811,9.929951385498047,0.28490999755859375,30.48294117647059,-33856.48854961832,-2390.8396946564885,4974.045801526718
493995,0,0,0,4942458749,4924.261155,0.010005,356,16578,486,-2059,-1230,-91,185,0.21308394775390624,9.922768780517577,0.29089550170898437,30.474117647058826,-33801.52671755725,-2500.7633587786263,5083.9694656488555
493996,0,0,0,4942468754,4924.27116,0.010005,348,16570,414,-2058,-1226,-91,191,0.20829554443359374,9.917980377197265,0.24779987182617186,30.47705882352941,-33691.603053435116,-2500.7633587786263,5248.854961832061
493997,0,0,0,4942478759,4924.281165,0.010005,386,16560,510,-2054,-1228,-92,182,0.23104046020507812,9.911994873046874,0.30526071166992186,30.488823529411768,-33746.564885496184,-2528.2442748091603,5001.526717557253
493998,0,0,0,4942488764,4924.29117,0.010005,382,16544,470,-2049,-1232,-97,178,0.22864625854492185,9.90241806640625,0.2813186950683594,30.503529411764706,-33856.48854961832,-2665.648854961832,4891.603053435115
493999,0,0,0,4942498770,4924.301176,0.010006,388,16530,476,-2055,-1233,-91,177,0.23223756103515625,9.894038360595703,0.28490999755859375,30.48588235294118,-33883.96946564886,-2500.7633587786263,4864.122137404581
494000,0,0,0,4942508775,4924.311181,0.010005,380,16508,456,-2055,-1231,-79,177,0.22744915771484372,9.880870251464843,0.27293898925781246,30.48588235294118,-33829.00763358779,-2170.992366412214,4864.122137404581
494001,0,0,0,4942518780,4924.321186,0.010005,360,16582,442,-2055,-1232,-80,183,0.2154781494140625,9.925162982177733,0.2645592834472656,30.48588235294118,-33856.48854961832,-2198.4732824427483,5029.007633587787
494002,0,0,0,4942528785,4924.331191,0.010005,374,16532,456,-2055,-1229,-81,185,0.22385785522460935,9.89523546142578,0.27293898925781246,30.48588235294118,-33774.04580152672,-2225.9541984732828,5083.9694656488555
494003,0,0,0,4942538790,4924.341196,0.010005,396,16570,452,-2057,-1227,-79,181,0.23702596435546874,9.917980377197265,0.2705447875976562,30.48,-33719.08396946565,-2170.992366412214,4974.045801526718
494004,0,0,0,4942548796,4924.351202,0.010006,378,16568,412,-2060,-1228,-91,178,0.2262520568847656,9.916783276367187,0.24660277099609373,30.471176470588237,-33746.564885496184,-2500.7633587786263,4891.603053435115
494005,0,0,0,4942558801,4924.361207,0.010005,354,16540,480,-2056,-1224,-82,187,0.21188684692382811,9.900023864746093,0.28730419921875,30.48294117647059,-33636.64122137405,-2253.4351145038167,5138.931297709924
494006,0,0,0,4942568806,4924.371212,0.010005,360,16500,472,-2055,-1233,-78,186,0.2154781494140625,9.87608184814453,0.2825157958984375,30.48588235294118,-33883.96946564886,-2143.5114503816794,5111.4503816793895
494007,0,0,0,4942578811,4924.381217,0.010005,348,16564,438,-2060,-1231,-86,187,0.20829554443359374,9.91438907470703,0.26216508178710934,30.471176470588237,-33829.00763358779,-2363.3587786259545,5138.931297709924
494008,0,0,0,4942588817,4924.391223,0.010006,352,16568,482,-2058,-1224,-76,183,0.21068974609375,9.916783276367187,0.2885013000488281,30.47705882352941,-33636.64122137405,-2088.549618320611,5029.007633587787
494009,0,0,0,4942598822,4924.401228,0.010005,406,16600,436,-2056,-1230,-86,187,0.24301146850585936,9.935936889648437,0.2609679809570312,30.48294117647059,-33801.52671755725,-2363.3587786259545,5138.931297709924
494010,0,0,0,4942608827,4924.411233,0.010005,320,16542,522,-2057,-1229,-91,185,0.19153613281249998,9.90122096557617,0.3124433166503906,30.48,-33774.04580152672,-2500.7633587786263,5083.9694656488555
494011,0,0,0,4942618832,4924.421238,0.010005,346,16540,510,-2051,-1232,-87,187,0.20709844360351562,9.900023864746093,0.30526071166992186,30.49764705882353,-33856.48854961832,-2390.8396946564885,5138.931297709924
494012,0,0,0,4942628837,4924.431243,0.010005,412,16524,502,-2060,-1234,-86,181,0.24660277099609373,9.890447058105469,0.30047230834960936,30.471176470588237,-33911.45038167939,-2363.3587786259545,4974.045801526718
494013,0,0,0,4942638843,4924.441249,0.010006,400,16536,470,-2056,-1234,-85,182,0.239420166015625,9.897629663085937,0.2813186950683594,30.48294117647059,-33911.45038167939,-2335.87786259542,5001.526717557253
494014,0,0,0,4942648848,4924.451254,0.010005,370,16566,478,-2056,-1227,-85,186,0.2214636535644531,9.91558617553711,0.2861070983886719,30.48294117647059,-33719.08396946565,-2335.87786259542,5111.4503816793895
494015,0,0,0,4942658853,4924.461259,0.010005,428,16538,492,-2058,-1222,-87,188,0.2561795776367187,9.898826763916015,0.29448680419921874,30.47705882352941,-33581.67938931298,-2390.8396946564885,5166.412213740458
494016,0,0,0,4942668858,4924.471264,0.010005,362,16552,494,-2055,-1230,-90,191,0.2166752502441406,9.907206469726562,0.29568390502929687,30.48588235294118,-33801.52671755725,-2473.282442748092,5248.854961832061
494017,0,0,0,4942678863,4924.481269,0.010005,390,16554,440,-2061,-1227,-86,186,0.23343466186523437,9.90840357055664,0.26336218261718747,30.468235294117648,-33719.08396946565,-2363.3587786259545,5111.4503816793895
494018,0,0,0,4942688869,4924.491275,0.010006,378,16542,484,-2066,-1230,-90,190,0.2262520568847656,9.90122096557617,0.28969840087890625,30.453529411764706,-33801.52671755725,-2473.282442748092,5221.374045801527
494019,0,0,0,4942698874,4924.50128,0.010005,392,16584,498,-2062,-1230,-90,184,0.2346317626953125,9.926360083007811,0.2980781066894531,30.465294117647062,-33801.52671755725,-2473.282442748092,5056.488549618321
494020,0,0,0,4942708879,4924.511285,0.010005,374,16582,502,-2055,-1233,-89,186,0.22385785522460935,9.925162982177733,0.30047230834960936,30.48588235294118,-33883.96946564886,-2445.8015267175574,5111.4503816793895
494021,0,0,0,4942718884,4924.52129,0.010005,354,16524,486,-2056,-1221,-88,185,0.21188684692382811,9.890447058105469,0.29089550170898437,30.48294117647059,-33554.19847328244,-2418.320610687023,5083.9694656488555
494022,0,0,0,4942728889,4924.531295,0.010005,378,16504,476,-2058,-1227,-83,185,0.2262520568847656,9.878476049804688,0.28490999755859375,30.47705882352941,-33719.08396946565,-2280.916030534351,5083.9694656488555
494023,0,0,0,4942738895,4924.541301,0.010006,390,16528,452,-2061,-1230,-85,183,0.23343466186523437,9.892841259765625,0.2705447875976562,30.468235294117648,-33801.52671755725,-2335.87786259542,5029.007633587787
494024,0,0,0,4942748900,4924.551306,0.010005,338,16514,414,-2064,-1225,-91,186,0.20231004028320312,9.884461553955077,0.24779987182617186,30.459411764705884,-33664.122137404585,-2500.7633587786263,5111.4503816793895
494025,0,0,0,4942758905,4924.561311,0.010005,358,16546,480,-2067,-1228,-85,187,0.21428104858398436,9.903615167236328,0.28730419921875,30.45058823529412,-33746.564885496184,-2335.87786259542,5138.931297709924
494026,0,0,0,4942768910,4924.571316,0.010005,372,16550,478,-2060,-1222,-80,186,0.22266075439453123,9.906009368896484,0.2861070983886719,30.471176470588237,-33581.67938931298,-2198.4732824427483,5111.4503816793895
494027,0,0,0,4942778916,4924.581322,0.010006,354,16528,426,-2062,-1231,-80,191,0.21188684692382811,9.892841259765625,0.2549824768066406,30.465294117647062,-33829.00763358779,-2198.4732824427483,5248.854961832061
494028,0,0,0,4942788921,4924.591327,0.010005,368,16538,436,-2057,-1228,-86,194,0.22026655273437498,9.898826763916015,0.2609679809570312,30.48,-33746.564885496184,-2363.3587786259545,5331.297709923664
494029,0,0,0,4942798926,4924.601332,0.010005,378,16542,514,-2058,-1232,-85,187,0.2262520568847656,9.90122096557617,0.3076549133300781,30.47705882352941,-33856.48854961832,-2335.87786259542,5138.931297709924
494030,0,0,0,4942808931,4924.611337,0.010005,344,16574,478,-2060,-1229,-86,187,0.2059013427734375,9.920374578857421,0.2861070983886719,30.471176470588237,-33774.04580152672,-2363.3587786259545,5138.931297709924
494031,0,0,0,4942818936,4924.621342,0.010005,370,16548,412,-2058,-1229,-90,177,0.2214636535644531,9.904812268066406,0.24660277099609373,30.47705882352941,-33774.04580152672,-2473.282442748092,4864.122137404581
494032,0,0,0,4942828942,4924.631348,0.010006,366,16550,460,-2060,-1233,-81,177,0.21906945190429686,9.906009368896484,0.2753331909179687,30.471176470588237,-33883.96946564886,-2225.9541984732828,4864.122137404581
494033,0,0,0,4942838947,4924.641353,0.010005,352,16532,452,-2061,-1232,-79,179,0.21068974609375,9.89523546142578,0.2705447875976562,30.468235294117648,-33856.48854961832,-2170.992366412214,4919.083969465649
494034,0,0,0,4942848952,4924.651358,0.010005,372,16548,470,-2057,-1233,-81,186,0.22266075439453123,9.904812268066406,0.2813186950683594,30.48,-33883.96946564886,-2225.9541984732828,5111.4503816793895
494035,0,0,0,4942858957,4924.661363,0.010005,350,16528,460,-2060,-1231,-88,192,0.20949264526367187,9.892841259765625,0.2753331909179687,30.471176470588237,-33829.00763358779,-2418.320610687023,5276.335877862595
494036,0,0,0,4942868963,4924.671369,0.010006,412,16570,486,-2060,-1228,-85,183,0.24660277099609373,9.917980377197265,0.29089550170898437,30.471176470588237,-33746.564885496184,-2335.87786259542,5029.007633587787
494037,0,0,0,4942878968,4924.681374,0.010005,370,16556,484,-2061,-1234,-86,183,0.2214636535644531,9.909600671386718,0.28969840087890625,30.468235294117648,-33911.45038167939,-2363.3587786259545,5029.007633587787
494038,0,0,0,4942888973,4924.691379,0.010005,372,16564,470,-2054,-1230,-86,185,0.22266075439453123,9.91438907470703,0.2813186950683594,30.488823529411768,-33801.52671755725,-2363.3587786259545,5083.9694656488555
494039,0,0,0,4942898978,4924.701384,0.010005,416,16552,470,-2052,-1232,-85,188,0.24899697265624998,9.907206469726562,0.2813186950683594,30.494705882352942,-33856.48854961832,-2335.87786259542,5166.412213740458
494040,0,0,0,4942908983,4924.711389,0.010005,412,16590,472,-2058,-1232,-90,191,0.24660277099609373,9.929951385498047,0.2825157958984375,30.47705882352941,-33856.48854961832,-2473.282442748092,5248.854961832061
494041,0,0,0,4942918989,4924.721395,0.010006,392,16530,464,-2048,-1238,-92,191,0.2346317626953125,9.894038360595703,0.277727392578125,30.506470588235295,-34021.37404580153,-2528.2442748091603,5248.854961832061
494042,0,0,0,4942928994,4924.7314,0.010005,372,16530,474,-2055,-1225,-85,187,0.22266075439453123,9.894038360595703,0.28371289672851563,30.48588235294118,-33664.122137404585,-2335.87786259542,5138.931297709924
494043,0,0,0,4942938999,4924.741405,0.010005,368,16550,456,-2053,-1230,-89,195,0.22026655273437498,9.906009368896484,0.27293898925781246,30.491764705882353,-33801.52671755725,-2445.8015267175574,5358.778625954199
494044,0,0,0,4942949004,4924.75141,0.010005,368,16560,464,-2058,-1232,-83,193,0.22026655273437498,9.911994873046874,0.277727392578125,30.47705882352941,-33856.48854961832,-2280.916030534351,5303.81679389313
494045,0,0,0,4942959009,4924.761415,0.010005,364,16570,504,-2057,-1229,-88,187,0.21787235107421873,9.917980377197265,0.3016694091796875,30.48,-33774.04580152672,-2418.320610687023,5138.931297709924
494046,0,0,0,4942969015,4924.771421,0.010006,378,16548,494,-2056,-1227,-94,190,0.2262520568847656,9.904812268066406,0.29568390502929687,30.48294117647059,-33719.08396946565,-2583.206106870229,5221.374045801527
494047,0,0,0,4942979020,4924.781426,0.010005,364,16572,420,-2060,-1223,-85,187,0.21787235107421873,9.919177478027343,0.25139117431640623,30.471176470588237,-33609.16030534351,-2335.87786259542,5138.931297709924
494048,0,0,0,4942989025,4924.791431,0.010005,380,16504,454,-2058,-1225,-87,177,0.22744915771484372,9.878476049804688,0.27174188842773433,30.47705882352941,-33664.122137404585,-2390.8396946564885,4864.122137404581
494049,0,0,0,4942999030,4924.801436,0.010005,336,16534,506,-2066,-1231,-85,191,0.201112939453125,9.896432562255859,0.3028665100097656,30.453529411764706,-33829.00763358779,-2335.87786259542,5248.854961832061
494050,0,0,0,4943009035,4924.811441,0.010005,350,16534,504,-2061,-1227,-83,190,0.20949264526367187,9.896432562255859,0.3016694091796875,30.468235294117648,-33719.08396946565,-2280.916030534351,5221.374045801527
494051,0,0,0,4943019041,4924.821447,0.010006,362,16566,446,-2062,-1223,-76,190,0.2166752502441406,9.91558617553711,0.26695348510742184,30.465294117647062,-33609.16030534351,-2088.549618320611,5221.374045801527
494052,0,0,0,4943029046,4924.831452,0.010005,392,16542,494,-2059,-1228,-88,187,0.2346317626953125,9.90122096557617,0.29568390502929687,30.474117647058826,-33746.564885496184,-2418.320610687023,5138.931297709924
494053,0,0,0,4943039051,4924.841457,0.010005,394,16536,464,-2059,-1232,-85,176,0.23582886352539062,9.897629663085937,0.277727392578125,30.474117647058826,-33856.48854961832,-2335.87786259542,4836.641221374046
494054,0,0,0,4943049056,4924.851462,0.010005,392,16540,434,-2067,-1228,-90,184,0.2346317626953125,9.900023864746093,0.2597708801269531,30.45058823529412,-33746.564885496184,-2473.282442748092,5056.488549618321
494055,0,0,0,4943059062,4924.861468,0.010006,390,16560,494,-2066,-1224,-86,188,0.23343466186523437,9.911994873046874,0.29568390502929687,30.453529411764706,-33636.64122137405,-2363.3587786259545,5166.412213740458
494056,0,0,0,4943069067,4924.871473,0.010005,372,16546,508,-2061,-1228,-88,188,0.22266075439453123,9.903615167236328,0.30406361083984373,30.468235294117648,-33746.564885496184,-2418.320610687023,5166.412213740458
494057,0,0,0,4943079072,4924.881478,0.010005,406,16552,466,-2057,-1232,-86,186,0.24301146850585936,9.907206469726562,0.27892449340820313,30.48,-33856.48854961832,-2363.3587786259545,5111.4503816793895
494058,0,0,0,4943089077,4924.891483,0.010005,378,16538,420,-2054,-1224,-86,184,0.2262520568847656,9.898826763916015,0.25139117431640623,30.488823529411768,-33636.64122137405,-2363.3587786259545,5056.488549618321
494059,0,0,0,4943099082,4924.901488,0.010005,372,16564,468,-2061,-1236,-83,182,0.22266075439453123,9.91438907470703,0.28012159423828126,30.468235294117648,-33966.41221374046,-2280.916030534351,5001.526717557253
494060,0,0,0,4943109088,4924.911494,0.010006,366,16566,430,-2063,-1236,-87,187,0.21906945190429686,9.91558617553711,0.25737667846679685,30.462352941176473,-33966.41221374046,-2390.8396946564885,5138.931297709924
494061,0,0,0,4943119093,4924.921499,0.010005,366,16590,520,-2059,-1229,-87,185,0.21906945190429686,9.929951385498047,0.3112462158203125,30.474117647058826,-33774.04580152672,-2390.8396946564885,5083.9694656488555
494062,0,0,0,4943129098,4924.931504,0.010005,412,16544,440,-2057,-1228,-83,183,0.24660277099609373,9.90241806640625,0.26336218261718747,30.48,-33746.564885496184,-2280.916030534351,5029.007633587787
494063,0,0,0,4943139103,4924.941509,0.010005,352,16542,488,-2063,-1232,-91,181,0.21068974609375,9.90122096557617,0.2920926025390625,30.462352941176473,-33856.48854961832,-2500.7633587786263,4974.045801526718
494064,0,0,0,4943149108,4924.951514,0.010005,388,16558,486,-2054,-1229,-85,183,0.23223756103515625,9.910797772216796,0.29089550170898437,30.488823529411768,-33774.04580152672,-2335.87786259542,5029.007633587787
494065,0,0,0,4943159114,4924.96152,0.010006,354,16548,440,-2059,-1237,-91,183,0.21188684692382811,9.904812268066406,0.26336218261718747,30.474117647058826,-33993.89312977099,-2500.7633587786263,5029.007633587787
494066,0,0,0,4943169119,4924.971525,0.010005,406,16544,462,-2057,-1228,-88,194,0.24301146850585936,9.90241806640625,0.2765302917480469,30.48,-33746.564885496184,-2418.320610687023,5331.297709923664
494067,0,0,0,4943179124,4924.98153,0.010005,356,16578,492,-2053,-1228,-88,185,0.21308394775390624,9.922768780517577,0.29448680419921874,30.491764705882353,-33746.564885496184,-2418.320610687023,5083.9694656488555
494068,0,0,0,4943189129,4924.991535,0.010005,380,16548,466,-2056,-1231,-90,185,0.22744915771484372,9.904812268066406,0.27892449340820313,30.48294117647059,-33829.00763358779,-2473.282442748092,5083.9694656488555
494069,0,0,0,4943199135,4925.001541,0.010006,356,16546,480,-2054,-1228,-87,189,0.21308394775390624,9.903615167236328,0.28730419921875,30.488823529411768,-33746.564885496184,-2390.8396946564885,5193.893129770992
494070,0,0,0,4943209140,4925.011546,0.010005,338,16546,494,-2056,-1235,-87,186,0.20231004028320312,9.903615167236328,0.29568390502929687,30.48294117647059,-33938.931297709925,-2390.8396946564885,5111.4503816793895
494071,0,0,0,4943219145,4925.021551,0.010005,302,16538,506,-2056,-1225,-90,187,0.18076222534179687,9.898826763916015,0.3028665100097656,30.48294117647059,-33664.122137404585,-2473.282442748092,5138.931297709924
494072,0,0,0,4943229150,4925.031556,0.010005,370,16548,454,-2057,-1226,-85,187,0.2214636535644531,9.904812268066406,0.27174188842773433,30.48,-33691.603053435116,-2335.87786259542,5138.931297709924
494073,0,0,0,4943239155,4925.041561,0.010005,348,16528,542,-2060,-1229,-83,187,0.20829554443359374,9.892841259765625,0.32441432495117184,30.471176470588237,-33774.04580152672,-2280.916030534351,5138.931297709924
494074,0,0,0,4943249161,4925.051567,0.010006,400,16550,454,-2057,-1236,-94,187,0.239420166015625,9.906009368896484,0.27174188842773433,30.48,-33966.41221374046,-2583.206106870229,5138.931297709924
494075,0,0,0,4943259166,4925.061572,0.010005,416,16568,372,-2059,-1225,-89,182,0.24899697265624998,9.916783276367187,0.22266075439453123,30.474117647058826,-33664.122137404585,-2445.8015267175574,5001.526717557253
494076,0,0,0,4943269171,4925.071577,0.010005,380,16560,386,-2057,-1232,-91,183,0.22744915771484372,9.911994873046874,0.23104046020507812,30.48,-33856.48854961832,-2500.7633587786263,5029.007633587787
494077,0,0,0,4943279176,4925.081582,0.010005,378,16548,448,-2064,-1233,-87,176,0.2262520568847656,9.904812268066406,0.26815058593749996,30.459411764705884,-33883.96946564886,-2390.8396946564885,4836.641221374046
494078,0,0,0,4943289181,4925.091587,0.010005,366,16540,478,-2058,-1235,-77,178,0.21906945190429686,9.900023864746093,0.2861070983886719,30.47705882352941,-33938.931297709925,-2116.030534351145,4891.603053435115
494079,0,0,0,4943299187,4925.101593,0.010006,368,16588,498,-2058,-1237,-86,183,0.22026655273437498,9.928754284667969,0.2980781066894531,30.47705882352941,-33993.89312977099,-2363.3587786259545,5029.007633587787
494080,0,0,0,4943309192,4925.111598,0.010005,322,16556,540,-2060,-1233,-86,183,0.1927332336425781,9.909600671386718,0.3232172241210937,30.471176470588237,-33883.96946564886,-2363.3587786259545,5029.007633587787
494081,0,0,0,4943319197,4925.121603,0.010005,390,16568,438,-2060,-1229,-91,190,0.23343466186523437,9.916783276367187,0.26216508178710934,30.471176470588237,-33774.04580152672,-2500.7633587786263,5221.374045801527
494082,0,0,0,4943329202,4925.131608,0.010005,364,16530,502,-2055,-1228,-87,188,0.21787235107421873,9.894038360595703,0.30047230834960936,30.48588235294118,-33746.564885496184,-2390.8396946564885,5166.412213740458
494083,0,0,0,4943339208,4925.141614,0.010006,380,16584,448,-2059,-1222,-85,192,0.22744915771484372,9.926360083007811,0.26815058593749996,30.474117647058826,-33581.67938931298,-2335.87786259542,5276.335877862595
494084,0,0,0,4943349213,4925.151619,0.010005,396,16588,480,-2062,-1226,-82,191,0.23702596435546874,9.928754284667969,0.28730419921875,30.465294117647062,-33691.603053435116,-2253.4351145038167,5248.854961832061
494085,0,0,0,4943359218,4925.161624,0.010005,364,16558,512,-2060,-1231,-82,190,0.21787235107421873,9.910797772216796,0.3064578125,30.471176470588237,-33829.00763358779,-2253.4351145038167,5221.374045801527
494086,0,0,0,4943369223,4925.171629,0.010005,404,16530,484,-2063,-1234,-91,187,0.24181436767578124,9.894038360595703,0.28969840087890625,30.462352941176473,-33911.45038167939,-2500.7633587786263,5138.931297709924
494087,0,0,0,4943379228,4925.181634,0.010005,418,16586,486,-2062,-1235,-94,186,0.2501940734863281,9.92755718383789,0.29089550170898437,30.465294117647062,-33938.931297709925,-2583.206106870229,5111.4503816793895
494088,0,0,0,4943389234,4925.19164,0.010006,340,16538,502,-2058,-1232,-81,192,0.20350714111328125,9.898826763916015,0.30047230834960936,30.47705882352941,-33856.48854961832,-2225.9541984732828,5276.335877862595
494089,0,0,0,4943399239,4925.201645,0.010005,362,16526,470,-2061,-1229,-87,190,0.2166752502441406,9.891644158935547,0.2813186950683594,30.468235294117648,-33774.04580152672,-2390.8396946564885,5221.374045801527
494090,0,0,0,4943409244,4925.21165,0.010005,408,16538,448,-2055,-1232,-88,187,0.2442085693359375,9.898826763916015,0.26815058593749996,30.48588235294118,-33856.48854961832,-2418.320610687023,5138.931297709924
494091,0,0,0,4943419249,4925.221655,0.010005,378,16544,484,-2055,-1227,-90,180,0.2262520568847656,9.90241806640625,0.28969840087890625,30.48588235294118,-33719.08396946565,-2473.282442748092,4946.564885496184
494092,0,0,0,4943429254,4925.23166,0.010005,368,16536,484,-2053,-1225,-83,179,0.22026655273437498,9.897629663085937,0.28969840087890625,30.491764705882353,-33664.122137404585,-2280.916030534351,4919.083969465649
494093,0,0,0,4943439260,4925.241666,0.010006,342,16552,512,-2056,-1221,-83,190,0.20470424194335937,9.907206469726562,0.3064578125,30.48294117647059,-33554.19847328244,-2280.916030534351,5221.374045801527
494094,0,0,0,4943449265,4925.251671,0.010005,358,16562,506,-2059,-1228,-83,182,0.21428104858398436,9.913191973876952,0.3028665100097656,30.474117647058826,-33746.564885496184,-2280.916030534351,5001.526717557253
494095,0,0,0,4943459270,4925.261676,0.010005,360,16602,416,-2063,-1230,-87,186,0.2154781494140625,9.937133990478515,0.24899697265624998,30.462352941176473,-33801.52671755725,-2390.8396946564885,5111.4503816793895
494096,0,0,0,4943469275,4925.271681,0.010005,422,16546,414,-2059,-1232,-81,187,0.25258827514648435,9.903615167236328,0.24779987182617186,30.474117647058826,-33856.48854961832,-2225.9541984732828,5138.931297709924
494097,0,0,0,4943479281,4925.281687,0.010006,380,16538,492,-2060,-1229,-82,185,0.22744915771484372,9.898826763916015,0.29448680419921874,30.471176470588237,-33774.04580152672,-2253.4351145038167,5083.9694656488555
494098,0,0,0,4943489286,4925.291692,0.010005,370,16540,424,-2052,-1236,-83,184,0.2214636535644531,9.900023864746093,0.2537853759765625,30.494705882352942,-33966.41221374046,-2280.916030534351,5056.488549618321
494099,0,0,0,4943499291,4925.301697,0.010005,348,16536,524,-2052,-1233,-82,188,0.20829554443359374,9.897629663085937,0.3136404174804687,30.494705882352942,-33883.96946564886,-2253.4351145038167,5166.412213740458
494100,0,0,0,4943509296,4925.311702,0.010005,400,16550,522,-2053,-1229,-87,185,0.239420166015625,9.906009368896484,0.3124433166503906,30.491764705882353,-33774.04580152672,-2390.8396946564885,5083.9694656488555
494101,0,0,0,4943519301,4925.321707,0.010005,384,16518,444,-2052,-1228,-84,181,0.229843359375,9.886855755615233,0.2657563842773437,30.494705882352942,-33746.564885496184,-2308.3969465648856,4974.045801526718
494102,0,0,0,4943529307,4925.331713,0.010006,352,16548,386,-2055,-1227,-82,183,0.21068974609375,9.904812268066406,0.23104046020507812,30.48588235294118,-33719.08396946565,-2253.4351145038167,5029.007633587787
494103,0,0,0,4943539312,4925.341718,0.010005,336,16508,468,-2057,-1228,-84,189,0.201112939453125,9.880870251464843,0.28012159423828126,30.48,-33746.564885496184,-2308.3969465648856,5193.893129770992
494104,0,0,0,4943549317,4925.351723,0.010005,384,16540,438,-2057,-1228,-85,191,0.229843359375,9.900023864746093,0.26216508178710934,30.48,-33746.564885496184,-2335.87786259542,5248.854961832061
494105,0,0,0,4943559322,4925.361728,0.010005,384,16506,500,-2061,-1226,-89,180,0.229843359375,9.879673150634765,0.29927520751953124,30.468235294117648,-33691.603053435116,-2445.8015267175574,4946.564885496184
494106,0,0,0,4943569327,4925.371733,0.010005,372,16536,498,-2061,-1229,-89,187,0.22266075439453123,9.897629663085937,0.2980781066894531,30.468235294117648,-33774.04580152672,-2445.8015267175574,5138.931297709924
494107,0,0,0,4943579333,4925.381739,0.010006,364,16514,462,-2057,-1225,-80,185,0.21787235107421873,9.884461553955077,0.2765302917480469,30.48,-33664.122137404585,-2198.4732824427483,5083.9694656488555
494108,0,0,0,4943589338,4925.391744,0.010005,360,16554,476,-2061,-1227,-89,180,0.2154781494140625,9.90840357055664,0.28490999755859375,30.468235294117648,-33719.08396946565,-2445.8015267175574,4946.564885496184
494109,0,0,0,4943599343,4925.401749,0.010005,340,16562,524,-2054,-1227,-88,191,0.20350714111328125,9.913191973876952,0.3136404174804687,30.488823529411768,-33719.08396946565,-2418.320610687023,5248.854961832061
494110,0,0,0,4943609348,4925.411754,0.010005,348,16538,450,-2053,-1229,-91,199,0.20829554443359374,9.898826763916015,0.2693476867675781,30.491764705882353,-33774.04580152672,-2500.7633587786263,5468.702290076336
494111,0,0,0,4943619353,4925.421759,0.010005,358,16550,470,-2058,-1231,-90,190,0.21428104858398436,9.906009368896484,0.2813186950683594,30.47705882352941,-33829.00763358779,-2473.282442748092,5221.374045801527
494112,0,0,0,4943629359,4925.431765,0.010006,336,16508,484,-2063,-1228,-84,180,0.201112939453125,9.880870251464843,0.28969840087890625,30.462352941176473,-33746.564885496184,-2308.3969465648856,4946.564885496184
494113,0,0,0,4943639364,4925.44177,0.010005,352,16508,456,-2063,-1225,-84,188,0.21068974609375,9.880870251464843,0.27293898925781246,30.462352941176473,-33664.122137404585,-2308.3969465648856,5166.412213740458
494114,0,0,0,4943649369,4925.451775,0.010005,376,16498,460,-2063,-1226,-89,193,0.22505495605468748,9.874884747314452,0.2753331909179687,30.462352941176473,-33691.603053435116,-2445.8015267175574,5303.81679389313
494115,0,0,0,4943659374,4925.46178,0.010005,368,16560,480,-2060,-1227,-87,193,0.22026655273437498,9.911994873046874,0.28730419921875,30.471176470588237,-33719.08396946565,-2390.8396946564885,5303.81679389313
494116,0,0,0,4943669380,4925.471786,0.010006,338,16550,516,-2063,-1234,-93,192,0.20231004028320312,9.906009368896484,0.30885201416015623,30.462352941176473,-33911.45038167939,-2555.7251908396947,5276.335877862595
494117,0,0,0,4943679385,4925.481791,0.010005,364,16532,458,-2056,-1229,-92,182,0.21787235107421873,9.89523546142578,0.2741360900878906,30.48294117647059,-33774.04580152672,-2528.2442748091603,5001.526717557253
494118,0,0,0,4943689390,4925.491796,0.010005,354,16534,428,-2057,-1229,-85,175,0.21188684692382811,9.896432562255859,0.2561795776367187,30.48,-33774.04580152672,-2335.87786259542,4809.160305343512
494119,0,0,0,4943699395,4925.501801,0.010005,400,16548,434,-2056,-1227,-88,185,0.239420166015625,9.904812268066406,0.2597708801269531,30.48294117647059,-33719.08396946565,-2418.320610687023,5083.9694656488555
494120,0,0,0,4943709400,4925.511806,0.010005,372,16554,446,-2057,-1228,-87,189,0.22266075439453123,9.90840357055664,0.26695348510742184,30.48,-33746.564885496184,-2390.8396946564885,5193.893129770992
494121,0,0,0,4943719406,4925.521812,0.010006,308,16594,496,-2055,-1226,-86,186,0.18435352783203124,9.932345587158203,0.296881005859375,30.48588235294118,-33691.603053435116,-2363.3587786259545,5111.4503816793895
494122,0,0,0,4943729411,4925.531817,0.010005,376,16554,474,-2060,-1230,-90,179,0.22505495605468748,9.90840357055664,0.28371289672851563,30.471176470588237,-33801.52671755725,-2473.282442748092,4919.083969465649
494123,0,0,0,4943739416,4925.541822,0.010005,386,16558,530,-2058,-1231,-83,187,0.23104046020507812,9.910797772216796,0.3172317199707031,30.47705882352941,-33829.00763358779,-2280.916030534351,5138.931297709924
494124,0,0,0,4943749421,4925.551827,0.010005,392,16534,468,-2058,-1230,-86,183,0.2346317626953125,9.896432562255859,0.28012159423828126,30.47705882352941,-33801.52671755725,-2363.3587786259545,5029.007633587787
494125,0,0,0,4943759426,4925.561832,0.010005,344,16562,470,-2064,-1225,-83,179,0.2059013427734375,9.913191973876952,0.2813186950683594,30.459411764705884,-33664.122137404585,-2280.916030534351,4919.083969465649
494126,0,0,0,4943769432,4925.571838,0.010006,410,16530,474,-2053,-1226,-86,187,0.2454056701660156,9.894038360595703,0.28371289672851563,30.491764705882353,-33691.603053435116,-2363.3587786259545,5138.931297709924
494127,0,0,0,4943779437,4925.581843,0.010005,362,16558,506,-2058,-1226,-83,187,0.2166752502441406,9.910797772216796,0.3028665100097656,30.47705882352941,-33691.603053435116,-2280.916030534351,5138.931297709924
494128,0,0,0,4943789442,4925.591848,0.010005,406,16568,492,-2063,-1230,-89,181,0.24301146850585936,9.916783276367187,0.29448680419921874,30.462352941176473,-33801.52671755725,-2445.8015267175574,4974.045801526718
494129,0,0,0,4943799447,4925.601853,0.010005,340,16562,448,-2060,-1229,-88,179,0.20350714111328125,9.913191973876952,0.26815058593749996,30.471176470588237,-33774.04580152672,-2418.320610687023,4919.083969465649
494130,0,0,0,4943809453,4925.611859,0.010006,380,16564,456,-2057,-1232,-88,185,0.22744915771484372,9.91438907470703,0.27293898925781246,30.48,-33856.48854961832,-2418.320610687023,5083.9694656488555
494131,0,0,0,4943819458,4925.621864,0.010005,366,16514,416,-2060,-1230,-87,188,0.21906945190429686,9.884461553955077,0.24899697265624998,30.471176470588237,-33801.52671755725,-2390.8396946564885,5166.412213740458
494132,0,0,0,4943829463,4925.631869,0.010005,356,16528,434,-2052,-1230,-91,192,0.21308394775390624,9.892841259765625,0.2597708801269531,30.494705882352942,-33801.52671755725,-2500.7633587786263,5276.335877862595
494133,0,0,0,4943839468,4925.641874,0.010005,370,16586,418,-2058,-1228,-85,191,0.2214636535644531,9.92755718383789,0.2501940734863281,30.47705882352941,-33746.564885496184,-2335.87786259542,5248.854961832061
494134,0,0,0,4943849473,4925.651879,0.010005,384,16544,420,-2059,-1224,-83,189,0.229843359375,9.90241806640625,0.25139117431640623,30.474117647058826,-33636.64122137405,-2280.916030534351,5193.893129770992
494135,0,0,0,4943859479,4925.661885,0.010006,398,16560,486,-2059,-1233,-79,190,0.23822306518554687,9.911994873046874,0.29089550170898437,30.474117647058826,-33883.96946564886,-2170.992366412214,5221.374045801527
494136,0,0,0,4943869484,4925.67189,0.010005,362,16526,496,-2060,-1229,-81,184,0.2166752502441406,9.891644158935547,0.296881005859375,30.471176470588237,-33774.04580152672,-2225.9541984732828,5056.488549618321
494137,0,0,0,4943879489,4925.681895,0.010005,362,16540,452,-2062,-1226,-86,184,0.2166752502441406,9.900023864746093,0.2705447875976562,30.465294117647062,-33691.603053435116,-2363.3587786259545,5056.488549618321
494138,0,0,0,4943889494,4925.6919,0.010005,406,16534,428,-2062,-1228,-86,185,0.24301146850585936,9.896432562255859,0.2561795776367187,30.465294117647062,-33746.564885496184,-2363.3587786259545,5083.9694656488555
494139,0,0,0,4943899499,4925.701905,0.010005,382,16568,488,-2059,-1228,-85,192,0.22864625854492185,9.916783276367187,0.2920926025390625,30.474117647058826,-33746.564885496184,-2335.87786259542,5276.335877862595
494140,0,0,0,4943909505,4925.711911,0.010006,408,16546,438,-2055,-1233,-82,189,0.2442085693359375,9.903615167236328,0.26216508178710934,30.48588235294118,-33883.96946564886,-2253.4351145038167,5193.893129770992
494141,0,0,0,4943919510,4925.721916,0.010005,376,16556,476,-2053,-1228,-93,187,0.22505495605468748,9.909600671386718,0.28490999755859375,30.491764705882353,-33746.564885496184,-2555.7251908396947,5138.931297709924
494142,0,0,0,4943929515,4925.731921,0.010005,364,16516,540,-2051,-1230,-91,186,0.21787235107421873,9.885658654785155,0.3232172241210937,30.49764705882353,-33801.52671755725,-2500.7633587786263,5111.4503816793895
494143,0,0,0,4943939520,4925.741926,0.010005,360,16464,450,-2055,-1235,-85,186,0.2154781494140625,9.854534033203125,0.2693476867675781,30.48588235294118,-33938.931297709925,-2335.87786259542,5111.4503816793895
494144,0,0,0,4943949526,4925.751932,0.010006,374,16556,440,-2061,-1230,-93,184,0.22385785522460935,9.909600671386718,0.26336218261718747,30.468235294117648,-33801.52671755725,-2555.7251908396947,5056.488549618321
494145,0,0,0,4943959531,4925.761937,0.010005,390,16546,456,-2059,-1232,-84,184,0.23343466186523437,9.903615167236328,0.27293898925781246,30.474117647058826,-33856.48854961832,-2308.3969465648856,5056.488549618321
494146,0,0,0,4943969536,4925.771942,0.010005,356,16548,494,-2055,-1230,-78,192,0.21308394775390624,9.904812268066406,0.29568390502929687,30.48588235294118,-33801.52671755725,-2143.5114503816794,5276.335877862595
494147,0,0,0,4943979541,4925.781947,0.010005,370,16538,476,-2056,-1232,-80,189,0.2214636535644531,9.898826763916015,0.28490999755859375,30.48294117647059,-33856.48854961832,-2198.4732824427483,5193.893129770992
494148,0,0,0,4943989546,4925.791952,0.010005,344,16550,434,-2058,-1229,-88,187,0.2059013427734375,9.906009368896484,0.2597708801269531,30.47705882352941,-33774.04580152672,-2418.320610687023,5138.931297709924
494149,0,0,0,4943999552,4925.801958,0.010006,384,16580,492,-2060,-1235,-88,180,0.229843359375,9.923965881347655,0.29448680419921874,30.471176470588237,-33938.931297709925,-2418.320610687023,4946.564885496184
494150,0,0,0,4944009557,4925.811963,0.010005,376,16564,486,-2056,-1230,-81,181,0.22505495605468748,9.91438907470703,0.29089550170898437,30.48294117647059,-33801.52671755725,-2225.9541984732828,4974.045801526718
494151,0,0,0,4944019562,4925.821968,0.010005,336,16552,458,-2050,-1230,-81,189,0.201112939453125,9.907206469726562,0.2741360900878906,30.500588235294117,-33801.52671755725,-2225.9541984732828,5193.893129770992
494152,0,0,0,4944029567,4925.831973,0.010005,358,16568,492,-2052,-1228,-80,189,0.21428104858398436,9.916783276367187,0.29448680419921874,30.494705882352942,-33746.564885496184,-2198.4732824427483,5193.893129770992
494153,0,0,0,4944039572,4925.841978,0.010005,360,16548,426,-2060,-1231,-91,179,0.2154781494140625,9.904812268066406,0.2549824768066406,30.471176470588237,-33829.00763358779,-2500.7633587786263,4919.083969465649
494154,0,0,0,4944049578,4925.851984,0.010006,384,16514,454,-2057,-1226,-87,186,0.229843359375,9.884461553955077,0.27174188842773433,30.48,-33691.603053435116,-2390.8396946564885,5111.4503816793895
494155,0,0,0,4944059583,4925.861989,0.010005,346,16538,418,-2058,-1234,-85,178,0.20709844360351562,9.898826763916015,0.2501940734863281,30.47705882352941,-33911.45038167939,-2335.87786259542,4891.603053435115
494156,0,0,0,4944069588,4925.871994,0.010005,398,16532,458,-2055,-1230,-80,193,0.23822306518554687,9.89523546142578,0.2741360900878906,30.48588235294118,-33801.52671755725,-2198.4732824427483,5303.81679389313
494157,0,0,0,4944079593,4925.881999,0.010005,396,16576,518,-2054,-1228,-89,196,0.23702596435546874,9.9215716796875,0.31004911499023435,30.488823529411768,-33746.564885496184,-2445.8015267175574,5386.259541984733
494158,0,0,0,4944089599,4925.892005,0.010006,356,16564,500,-2056,-1231,-85,193,0.21308394775390624,9.91438907470703,0.29927520751953124,30.48294117647059,-33829.00763358779,-2335.87786259542,5303.81679389313
494159,0,0,0,4944099604,4925.90201,0.010005,390,16566,470,-2051,-1228,-83,185,0.23343466186523437,9.91558617553711,0.2813186950683594,30.49764705882353,-33746.564885496184,-2280.916030534351,5083.9694656488555
494160,0,0,0,4944109609,4925.912015,0.010005,352,16548,486,-2056,-1231,-82,187,0.21068974609375,9.904812268066406,0.29089550170898437,30.48294117647059,-33829.00763358779,-2253.4351145038167,5138.931297709924
494161,0,0,0,4944119614,4925.92202,0.010005,386,16536,472,-2057,-1226,-88,178,0.23104046020507812,9.897629663085937,0.2825157958984375,30.48,-33691.603053435116,-2418.320610687023,4891.603053435115
494162,0,0,0,4944129619,4925.932025,0.010005,338,16552,476,-2057,-1228,-85,186,0.20231004028320312,9.907206469726562,0.28490999755859375,30.48,-33746.564885496184,-2335.87786259542,5111.4503816793895
494163,0,0,0,4944139625,4925.942031,0.010006,370,16566,380,-2054,-1225,-85,186,0.2214636535644531,9.91558617553711,0.22744915771484372,30.488823529411768,-33664.122137404585,-2335.87786259542,5111.4503816793895
494164,0,0,0,4944149630,4925.952036,0.010005,402,16550,408,-2049,-1224,-83,186,0.24061726684570311,9.906009368896484,0.2442085693359375,30.503529411764706,-33636.64122137405,-2280.916030534351,5111.4503816793895
494165,0,0,0,4944159635,4925.962041,0.010005,398,16548,486,-2052,-1229,-88,188,0.23822306518554687,9.904812268066406,0.29089550170898437,30.494705882352942,-33774.04580152672,-2418.320610687023,5166.412213740458
494166,0,0,0,4944169640,4925.972046,0.010005,396,16578,480,-2049,-1231,-80,183,0.23702596435546874,9.922768780517577,0.28730419921875,30.503529411764706,-33829.00763358779,-2198.4732824427483,5029.007633587787
494167,0,0,0,4944179645,4925.982051,0.010005,340,16544,432,-2050,-1230,-88,182,0.20350714111328125,9.90241806640625,0.258573779296875,30.500588235294117,-33801.52671755725,-2418.320610687023,5001.526717557253
494168,0,0,0,4944189651,4925.992057,0.010006,384,16522,408,-2051,-1232,-85,184,0.229843359375,9.889249957275391,0.2442085693359375,30.49764705882353,-33856.48854961832,-2335.87786259542,5056.488549618321
494169,0,0,0,4944199656,4926.002062,0.010005,350,16570,466,-2053,-1231,-82,187,0.20949264526367187,9.917980377197265,0.27892449340820313,30.491764705882353,-33829.00763358779,-2253.4351145038167,5138.931297709924
494170,0,0,0,4944209661,4926.012067,0.010005,426,16570,450,-2052,-1230,-86,180,0.2549824768066406,9.917980377197265,0.2693476867675781,30.494705882352942,-33801.52671755725,-2363.3587786259545,4946.564885496184
494171,0,0,0,4944219666,4926.022072,0.010005,346,16548,488,-2050,-1226,-78,191,0.20709844360351562,9.904812268066406,0.2920926025390625,30.500588235294117,-33691.603053435116,-2143.5114503816794,5248.854961832061
494172,0,0,0,4944229671,4926.032077,0.010005,358,16560,456,-2053,-1228,-84,184,0.21428104858398436,9.911994873046874,0.27293898925781246,30.491764705882353,-33746.564885496184,-2308.3969465648856,5056.488549618321
494173,0,0,0,4944239677,4926.042083,0.010006,352,16548,448,-2059,-1230,-83,197,0.21068974609375,9.904812268066406,0.26815058593749996,30.474117647058826,-33801.52671755725,-2280.916030534351,5413.740458015267
494174,0,0,0,4944249682,4926.052088,0.010005,380,16546,454,-2054,-1232,-84,180,0.22744915771484372,9.903615167236328,0.27174188842773433,30.488823529411768,-33856.48854961832,-2308.3969465648856,4946.564885496184
494175,0,0,0,4944259687,4926.062093,0.010005,370,16534,494,-2055,-1228,-85,183,0.2214636535644531,9.896432562255859,0.29568390502929687,30.48588235294118,-33746.564885496184,-2335.87786259542,5029.007633587787
494176,0,0,0,4944269692,4926.072098,0.010005,418,16546,464,-2054,-1226,-88,188,0.2501940734863281,9.903615167236328,0.277727392578125,30.488823529411768,-33691.603053435116,-2418.320610687023,5166.412213740458
494177,0,0,0,4944279698,4926.082104,0.010006,366,16516,430,-2054,-1225,-87,185,0.21906945190429686,9.885658654785155,0.25737667846679685,30.488823529411768,-33664.122137404585,-2390.8396946564885,5083.9694656488555
494178,0,0,0,4944289703,4926.092109,0.010005,392,16562,458,-2056,-1232,-81,189,0.2346317626953125,9.913191973876952,0.2741360900878906,30.48294117647059,-33856.48854961832,-2225.9541984732828,5193.893129770992
494179,0,0,0,4944299708,4926.102114,0.010005,384,16514,492,-2055,-1227,-82,195,0.229843359375,9.884461553955077,0.29448680419921874,30.48588235294118,-33719.08396946565,-2253.4351145038167,5358.778625954199
494180,0,0,0,4944309713,4926.112119,0.010005,380,16504,498,-2053,-1225,-84,186,0.22744915771484372,9.878476049804688,0.2980781066894531,30.491764705882353,-33664.122137404585,-2308.3969465648856,5111.4503816793895
494181,0,0,0,4944319718,4926.122124,0.010005,364,16540,500,-2058,-1225,-88,185,0.21787235107421873,9.900023864746093,0.29927520751953124,30.47705882352941,-33664.122137404585,-2418.320610687023,5083.9694656488555
494182,0,0,0,4944329724,4926.13213,0.010006,348,16540,512,-2057,-1231,-80,188,0.20829554443359374,9.900023864746093,0.3064578125,30.48,-33829.00763358779,-2198.4732824427483,5166.412213740458
494183,0,0,0,4944339729,4926.142135,0.010005,368,16532,498,-2052,-1232,-81,192,0.22026655273437498,9.89523546142578,0.2980781066894531,30.494705882352942,-33856.48854961832,-2225.9541984732828,5276.335877862595
494184,0,0,0,4944349734,4926.15214,0.010005,380,16546,470,-2054,-1235,-86,188,0.22744915771484372,9.903615167236328,0.2813186950683594,30.488823529411768,-33938.931297709925,-2363.3587786259545,5166.412213740458
494185,0,0,0,4944359739,4926.162145,0.010005,414,16518,548,-2052,-1239,-89,190,0.24779987182617186,9.886855755615233,0.3280056274414062,30.494705882352942,-34048.85496183206,-2445.8015267175574,5221.374045801527
494186,0,0,0,4944369744,4926.17215,0.010005,370,16530,546,-2056,-1232,-87,182,0.2214636535644531,9.894038360595703,0.3268085266113281,30.48294117647059,-33856.48854961832,-2390.8396946564885,5001.526717557253
494187,0,0,0,4944379750,4926.182156,0.010006,370,16538,464,-2059,-1236,-90,184,0.2214636535644531,9.898826763916015,0.277727392578125,30.474117647058826,-33966.41221374046,-2473.282442748092,5056.488549618321
494188,0,0,0,4944389755,4926.192161,0.010005,396,16528,444,-2054,-1229,-82,184,0.23702596435546874,9.892841259765625,0.2657563842773437,30.488823529411768,-33774.04580152672,-2253.4351145038167,5056.488549618321
494189,0,0,0,4944399760,4926.202166,0.010005,344,16538,486,-2053,-1229,-90,188,0.2059013427734375,9.898826763916015,0.29089550170898437,30.491764705882353,-33774.04580152672,-2473.282442748092,5166.412213740458
494190,0,0,0,4944409765,4926.212171,0.010005,398,16536,462,-2055,-1231,-83,191,0.23822306518554687,9.897629663085937,0.2765302917480469,30.48588235294118,-33829.00763358779,-2280.916030534351,5248.854961832061
494191,0,0,0,4944419771,4926.222177,0.010006,334,16554,420,-2057,-1226,-80,184,0.19991583862304688,9.90840357055664,0.25139117431640623,30.48,-33691.603053435116,-2198.4732824427483,5056.488549618321
494192,0,0,0,4944429776,4926.232182,0.010005,350,16612,448,-2055,-1230,-87,191,0.20949264526367187,9.943119494628906,0.26815058593749996,30.48588235294118,-33801.52671755725,-2390.8396946564885,5248.854961832061
494193,0,0,0,4944439781,4926.242187,0.010005,388,16582,496,-2059,-1229,-82,187,0.23223756103515625,9.925162982177733,0.296881005859375,30.474117647058826,-33774.04580152672,-2253.4351145038167,5138.931297709924
494194,0,0,0,4944449786,4926.252192,0.010005,390,16570,480,-2060,-1236,-87,195,0.23343466186523437,9.917980377197265,0.28730419921875,30.471176470588237,-33966.41221374046,-2390.8396946564885,5358.778625954199
494195,0,0,0,4944459791,4926.262197,0.010005,376,16522,484,-2057,-1231,-92,183,0.22505495605468748,9.889249957275391,0.28969840087890625,30.48,-33829.00763358779,-2528.2442748091603,5029.007633587787
494196,0,0,0,4944469797,4926.272203,0.010006,346,16550,450,-2059,-1226,-89,178,0.20709844360351562,9.906009368896484,0.2693476867675781,30.474117647058826,-33691.603053435116,-2445.8015267175574,4891.603053435115
494197,0,0,0,4944479802,4926.282208,0.010005,342,16574,394,-2063,-1231,-87,183,0.20470424194335937,9.920374578857421,0.23582886352539062,30.462352941176473,-33829.00763358779,-2390.8396946564885,5029.007633587787
494198,0,0,0,4944489807,4926.292213,0.010005,374,16526,510,-2059,-1224,-84,181,0.22385785522460935,9.891644158935547,0.30526071166992186,30.474117647058826,-33636.64122137405,-2308.3969465648856,4974.045801526718
494199,0,0,0,4944499812,4926.302218,0.010005,374,16508,476,-2052,-1228,-84,191,0.22385785522460935,9.880870251464843,0.28490999755859375,30.494705882352942,-33746.564885496184,-2308.3969465648856,5248.854961832061
494200,0,0,0,4944509818,4926.312224,0.010006,370,16514,480,-2057,-1233,-92,184,0.2214636535644531,9.884461553955077,0.28730419921875,30.48,-33883.96946564886,-2528.2442748091603,5056.488549618321
494201,0,0,0,4944519823,4926.322229,0.010005,356,16584,478,-2054,-1234,-86,186,0.21308394775390624,9.926360083007811,0.2861070983886719,30.488823529411768,-33911.45038167939,-2363.3587786259545,5111.4503816793895
494202,0,0,0,4944529828,4926.332234,0.010005,364,16580,516,-2060,-1226,-95,189,0.21787235107421873,9.923965881347655,0.30885201416015623,30.471176470588237,-33691.603053435116,-2610.6870229007636,5193.893129770992
494203,0,0,0,4944539833,4926.342239,0.010005,394,16580,434,-2057,-1224,-88,193,0.23582886352539062,9.923965881347655,0.2597708801269531,30.48,-33636.64122137405,-2418.320610687023,5303.81679389313
494204,0,0,0,4944549838,4926.352244,0.010005,358,16582,508,-2058,-1230,-76,190,0.21428104858398436,9.925162982177733,0.30406361083984373,30.47705882352941,-33801.52671755725,-2088.549618320611,5221.374045801527
494205,0,0,0,4944559844,4926.36225,0.010006,412,16550,498,-2059,-1229,-85,190,0.24660277099609373,9.906009368896484,0.2980781066894531,30.474117647058826,-33774.04580152672,-2335.87786259542,5221.374045801527
494206,0,0,0,4944569849,4926.372255,0.010005,354,16536,514,-2053,-1229,-81,191,0.21188684692382811,9.897629663085937,0.3076549133300781,30.491764705882353,-33774.04580152672,-2225.9541984732828,5248.854961832061
494207,0,0,0,4944579854,4926.38226,0.010005,364,16528,492,-2059,-1229,-91,193,0.21787235107421873,9.892841259765625,0.29448680419921874,30.474117647058826,-33774.04580152672,-2500.7633587786263,5303.81679389313
494208,0,0,0,4944589859,4926.392265,0.010005,398,16526,490,-2055,-1229,-85,192,0.23822306518554687,9.891644158935547,0.2932897033691406,30.48588235294118,-33774.04580152672,-2335.87786259542,5276.335877862595
494209,0,0,0,4944599864,4926.40227,0.010005,342,16498,450,-2056,-1228,-83,188,0.20470424194335937,9.874884747314452,0.2693476867675781,30.48294117647059,-33746.564885496184,-2280.916030534351,5166.412213740458
494210,0,0,0,4944609870,4926.412276,0.010006,404,16538,454,-2057,-1230,-80,180,0.24181436767578124,9.898826763916015,0.27174188842773433,30.48,-33801.52671755725,-2198.4732824427483,4946.564885496184
494211,0,0,0,4944619875,4926.422281,0.010005,380,16522,518,-2049,-1230,-82,181,0.22744915771484372,9.889249957275391,0.31004911499023435,30.503529411764706,-33801.52671755725,-2253.4351145038167,4974.045801526718
494212,0,0,0,4944629880,4926.432286,0.010005,396,16532,518,-2051,-1230,-85,191,0.23702596435546874,9.89523546142578,0.31004911499023435,30.49764705882353,-33801.52671755725,-2335.87786259542,5248.854961832061
494213,0,0,0,4944639885,4926.442291,0.010005,386,16552,484,-2057,-1225,-86,191,0.23104046020507812,9.907206469726562,0.28969840087890625,30.48,-33664.122137404585,-2363.3587786259545,5248.854961832061
494214,0,0,0,4944649890,4926.452296,0.010005,362,16544,476,-2053,-1227,-90,185,0.2166752502441406,9.90241806640625,0.28490999755859375,30.491764705882353,-33719.08396946565,-2473.282442748092,5083.9694656488555
494215,0,0,0,4944659896,4926.462302,0.010006,372,16556,488,-2061,-1226,-85,178,0.22266075439453123,9.909600671386718,0.2920926025390625,30.468235294117648,-33691.603053435116,-2335.87786259542,4891.603053435115
494216,0,0,0,4944669901,4926.472307,0.010005,360,16540,520,-2059,-1226,-80,180,0.2154781494140625,9.900023864746093,0.3112462158203125,30.474117647058826,-33691.603053435116,-2198.4732824427483,4946.564885496184
494217,0,0,0,4944679906,4926.482312,0.010005,372,16516,410,-2052,-1225,-87,186,0.22266075439453123,9.885658654785155,0.2454056701660156,30.494705882352942,-33664.122137404585,-2390.8396946564885,5111.4503816793895
494218,0,0,0,4944689911,4926.492317,0.010005,350,16534,460,-2054,-1226,-88,190,0.20949264526367187,9.896432562255859,0.2753331909179687,30.488823529411768,-33691.603053435116,-2418.320610687023,5221.374045801527
494219,0,0,0,4944699917,4926.502323,0.010006,356,16540,464,-2058,-1224,-89,181,0.21308394775390624,9.900023864746093,0.277727392578125,30.47705882352941,-33636.64122137405,-2445.8015267175574,4974.045801526718
494220,0,0,0,4944709922,4926.512328,0.010005,342,16520,440,-2058,-1226,-81,182,0.20470424194335937,9.888052856445311,0.26336218261718747,30.47705882352941,-33691.603053435116,-2225.9541984732828,5001.526717557253
494221,0,0,0,4944719927,4926.522333,0.010005,404,16590,542,-2056,-1233,-88,182,0.24181436767578124,9.929951385498047,0.32441432495117184,30.48294117647059,-33883.96946564886,-2418.320610687023,5001.526717557253
494222,0,0,0,4944729932,4926.532338,0.010005,376,16534,482,-2060,-1230,-89,184,0.22505495605468748,9.896432562255859,0.2885013000488281,30.471176470588237,-33801.52671755725,-2445.8015267175574,5056.488549618321
494223,0,0,0,4944739937,4926.542343,0.010005,406,16580,466,-2059,-1235,-93,185,0.24301146850585936,9.923965881347655,0.27892449340820313,30.474117647058826,-33938.931297709925,-2555.7251908396947,5083.9694656488555
494224,0,0,0,4944749943,4926.552349,0.010006,328,16550,490,-2058,-1239,-81,195,0.19632453613281248,9.906009368896484,0.2932897033691406,30.47705882352941,-34048.85496183206,-2225.9541984732828,5358.778625954199
494225,0,0,0,4944759948,4926.562354,0.010005,354,16544,528,-2055,-1231,-87,187,0.21188684692382811,9.90241806640625,0.316034619140625,30.48588235294118,-33829.00763358779,-2390.8396946564885,5138.931297709924
494226,0,0,0,4944769953,4926.572359,0.010005,340,16546,478,-2053,-1226,-89,192,0.20350714111328125,9.903615167236328,0.2861070983886719,30.491764705882353,-33691.603053435116,-2445.8015267175574,5276.335877862595
494227,0,0,0,4944779958,4926.582364,0.010005,382,16512,448,-2057,-1232,-90,187,0.22864625854492185,9.883264453125,0.26815058593749996,30.48,-33856.48854961832,-2473.282442748092,5138.931297709924
494228,0,0,0,4944789963,4926.592369,0.010005,424,16554,496,-2058,-1228,-86,189,0.2537853759765625,9.90840357055664,0.296881005859375,30.47705882352941,-33746.564885496184,-2363.3587786259545,5193.893129770992
494229,0,0,0,4944799969,4926.602375,0.010006,392,16546,418,-2063,-1232,-84,177,0.2346317626953125,9.903615167236328,0.2501940734863281,30.462352941176473,-33856.48854961832,-2308.3969465648856,4864.122137404581
494230,0,0,0,4944809974,4926.61238,0.010005,362,16614,492,-2058,-1227,-86,179,0.2166752502441406,9.944316595458984,0.29448680419921874,30.47705882352941,-33719.08396946565,-2363.3587786259545,4919.083969465649
494231,0,0,0,4944819979,4926.622385,0.010005,334,16546,424,-2058,-1232,-90,177,0.19991583862304688,9.903615167236328,0.2537853759765625,30.47705882352941,-33856.48854961832,-2473.282442748092,4864.122137404581
494232,0,0,0,4944829984,4926.63239,0.010005,396,16534,436,-2057,-1229,-88,185,0.23702596435546874,9.896432562255859,0.2609679809570312,30.48,-33774.04580152672,-2418.320610687023,5083.9694656488555
494233,0,0,0,4944839990,4926.642396,0.010006,360,16536,494,-2052,-1232,-81,191,0.2154781494140625,9.897629663085937,0.29568390502929687,30.494705882352942,-33856.48854961832,-2225.9541984732828,5248.854961832061
494234,0,0,0,4944849995,4926.652401,0.010005,370,16532,518,-2059,-1232,-76,191,0.2214636535644531,9.89523546142578,0.31004911499023435,30.474117647058826,-33856.48854961832,-2088.549618320611,5248.854961832061
494235,0,0,0,4944860000,4926.662406,0.010005,372,16566,508,-2065,-1229,-82,181,0.22266075439453123,9.91558617553711,0.30406361083984373,30.456470588235295,-33774.04580152672,-2253.4351145038167,4974.045801526718
494236,0,0,0,4944870005,4926.672411,0.010005,398,16580,466,-2061,-1228,-82,180,0.23822306518554687,9.923965881347655,0.27892449340820313,30.468235294117648,-33746.564885496184,-2253.4351145038167,4946.564885496184
494237,0,0,0,4944880010,4926.682416,0.010005,378,16530,518,-2060,-1227,-84,187,0.2262520568847656,9.894038360595703,0.31004911499023435,30.471176470588237,-33719.08396946565,-2308.3969465648856,5138.931297709924
494238,0,0,0,4944890016,4926.692422,0.010006,408,16550,440,-2063,-1228,-85,190,0.2442085693359375,9.906009368896484,0.26336218261718747,30.462352941176473,-33746.564885496184,-2335.87786259542,5221.374045801527
494239,0,0,0,4944900021,4926.702427,0.010005,398,16514,510,-2061,-1224,-84,183,0.23822306518554687,9.884461553955077,0.30526071166992186,30.468235294117648,-33636.64122137405,-2308.3969465648856,5029.007633587787
494240,0,0,0,4944910026,4926.712432,0.010005,386,16546,470,-2063,-1226,-89,192,0.23104046020507812,9.903615167236328,0.2813186950683594,30.462352941176473,-33691.603053435116,-2445.8015267175574,5276.335877862595
494241,0,0,0,4944920031,4926.722437,0.010005,398,16544,474,-2058,-1227,-85,187,0.23822306518554687,9.90241806640625,0.28371289672851563,30.47705882352941,-33719.08396946565,-2335.87786259542,5138.931297709924
494242,0,0,0,4944930036,4926.732442,0.010005,362,16562,496,-2059,-1233,-90,194,0.2166752502441406,9.913191973876952,0.296881005859375,30.474117647058826,-33883.96946564886,-2473.282442748092,5331.297709923664
494243,0,0,0,4944940042,4926.742448,0.010006,378,16540,498,-2058,-1231,-83,184,0.2262520568847656,9.900023864746093,0.2980781066894531,30.47705882352941,-33829.00763358779,-2280.916030534351,5056.488549618321
494244,0,0,0,4944950047,4926.752453,0.010005,386,16506,500,-2059,-1227,-86,194,0.23104046020507812,9.879673150634765,0.29927520751953124,30.474117647058826,-33719.08396946565,-2363.3587786259545,5331.297709923664
494245,0,0,0,4944960052,4926.762458,0.010005,346,16538,418,-2054,-1225,-92,188,0.20709844360351562,9.898826763916015,0.2501940734863281,30.488823529411768,-33664.122137404585,-2528.2442748091603,5166.412213740458
494246,0,0,0,4944970057,4926.772463,0.010005,360,16528,452,-2055,-1223,-85,182,0.2154781494140625,9.892841259765625,0.2705447875976562,30.48588235294118,-33609.16030534351,-2335.87786259542,5001.526717557253
494247,0,0,0,4944980063,4926.782469,0.010006,392,16564,470,-2054,-1231,-88,189,0.2346317626953125,9.91438907470703,0.2813186950683594,30.488823529411768,-33829.00763358779,-2418.320610687023,5193.893129770992
494248,0,0,0,4944990068,4926.792474,0.010005,392,16576,468,-2056,-1224,-88,183,0.2346317626953125,9.9215716796875,0.28012159423828126,30.48294117647059,-33636.64122137405,-2418.320610687023,5029.007633587787
494249,0,0,0,4945000073,4926.802479,0.010005,380,16552,496,-2056,-1229,-86,179,0.22744915771484372,9.907206469726562,0.296881005859375,30.48294117647059,-33774.04580152672,-2363.3587786259545,4919.083969465649
494250,0,0,0,4945010078,4926.812484,0.010005,384,16546,480,-2054,-1228,-81,184,0.229843359375,9.903615167236328,0.28730419921875,30.488823529411768,-33746.564885496184,-2225.9541984732828,5056.488549618321
494251,0,0,0,4945020083,4926.822489,0.010005,422,16554,456,-2054,-1231,-79,183,0.25258827514648435,9.90840357055664,0.27293898925781246,30.488823529411768,-33829.00763358779,-2170.992366412214,5029.007633587787
494252,0,0,0,4945030089,4926.832495,0.010006,386,16560,462,-2051,-1232,-89,180,0.23104046020507812,9.911994873046874,0.2765302917480469,30.49764705882353,-33856.48854961832,-2445.8015267175574,4946.564885496184
494253,0,0,0,4945040094,4926.8425,0.010005,376,16542,530,-2057,-1232,-90,181,0.22505495605468748,9.90122096557617,0.3172317199707031,30.48,-33856.48854961832,-2473.282442748092,4974.045801526718
494254,0,0,0,4945050099,4926.852505,0.010005,402,16500,392,-2063,-1227,-88,188,0.24061726684570311,9.87608184814453,0.2346317626953125,30.462352941176473,-33719.08396946565,-2418.320610687023,5166.412213740458
494255,0,0,0,4945060104,4926.86251,0.010005,332,16498,498,-2056,-1230,-89,187,0.19871873779296872,9.874884747314452,0.2980781066894531,30.48294117647059,-33801.52671755725,-2445.8015267175574,5138.931297709924
494256,0,0,0,4945070109,4926.872515,0.010005,442,16562,450,-2060,-1228,-88,183,0.2645592834472656,9.913191973876952,0.2693476867675781,30.471176470588237,-33746.564885496184,-2418.320610687023,5029.007633587787
494257,0,0,0,4945080115,4926.882521,0.010006,364,16580,468,-2060,-1231,-85,184,0.21787235107421873,9.923965881347655,0.28012159423828126,30.471176470588237,-33829.00763358779,-2335.87786259542,5056.488549618321
494258,0,0,0,4945090120,4926.892526,0.010005,350,16534,494,-2056,-1228,-85,181,0.20949264526367187,9.896432562255859,0.29568390502929687,30.48294117647059,-33746.564885496184,-2335.87786259542,4974.045801526718
494259,0,0,0,4945100125,4926.902531,0.010005,384,16544,462,-2053,-1227,-80,181,0.229843359375,9.90241806640625,0.2765302917480469,30.491764705882353,-33719.08396946565,-2198.4732824427483,4974.045801526718
494260,0,0,0,4945110130,4926.912536,0.010005,390,16560,440,-2051,-1228,-87,177,0.23343466186523437,9.911994873046874,0.26336218261718747,30.49764705882353,-33746.564885496184,-2390.8396946564885,4864.122137404581
494261,0,0,0,4945120136,4926.922542,0.010006,386,16552,434,-2051,-1232,-86,186,0.23104046020507812,9.907206469726562,0.2597708801269531,30.49764705882353,-33856.48854961832,-2363.3587786259545,5111.4503816793895
494262,0,0,0,4945130141,4926.932547,0.010005,382,16540,462,-2056,-1230,-86,184,0.22864625854492185,9.900023864746093,0.2765302917480469,30.48294117647059,-33801.52671755725,-2363.3587786259545,5056.488549618321
494263,0,0,0,4945140146,4926.942552,0.010005,374,16524,500,-2061,-1234,-87,191,0.22385785522460935,9.890447058105469,0.29927520751953124,30.468235294117648,-33911.45038167939,-2390.8396946564885,5248.854961832061
494264,0,0,0,4945150151,4926.952557,0.010005,330,16552,440,-2062,-1231,-81,194,0.1975216369628906,9.907206469726562,0.26336218261718747,30.465294117647062,-33829.00763358779,-2225.9541984732828,5331.297709923664
494265,0,0,0,4945160156,4926.962562,0.010005,368,16532,458,-2057,-1227,-82,187,0.22026655273437498,9.89523546142578,0.2741360900878906,30.48,-33719.08396946565,-2253.4351145038167,5138.931297709924
494266,0,0,0,4945170162,4926.972568,0.010006,392,16536,450,-2062,-1229,-83,183,0.2346317626953125,9.897629663085937,0.2693476867675781,30.465294117647062,-33774.04580152672,-2280.916030534351,5029.007633587787
494267,0,0,0,4945180167,4926.982573,0.010005,380,16522,452,-2061,-1230,-81,189,0.22744915771484372,9.889249957275391,0.2705447875976562,30.468235294117648,-33801.52671755725,-2225.9541984732828,5193.893129770992
494268,0,0,0,4945190172,4926.992578,0.010005,380,16558,504,-2056,-1229,-87,189,0.22744915771484372,9.910797772216796,0.3016694091796875,30.48294117647059,-33774.04580152672,-2390.8396946564885,5193.893129770992
494269,0,0,0,4945200177,4927.002583,0.010005,362,16534,520,-2058,-1231,-92,188,0.2166752502441406,9.896432562255859,0.3112462158203125,30.47705882352941,-33829.00763358779,-2528.2442748091603,5166.412213740458
494270,0,0,0,4945210182,4927.012588,0.010005,406,16532,442,-2060,-1228,-85,187,0.24301146850585936,9.89523546142578,0.2645592834472656,30.471176470588237,-33746.564885496184,-2335.87786259542,5138.931297709924
494271,0,0,0,4945220188,4927.022594,0.010006,384,16538,508,-2059,-1231,-88,178,0.229843359375,9.898826763916015,0.30406361083984373,30.474117647058826,-33829.00763358779,-2418.320610687023,4891.603053435115
494272,0,0,0,4945230193,4927.032599,0.010005,378,16560,528,-2062,-1234,-83,185,0.2262520568847656,9.911994873046874,0.316034619140625,30.465294117647062,-33911.45038167939,-2280.916030534351,5083.9694656488555
494273,0,0,0,4945240198,4927.042604,0.010005,390,16556,524,-2060,-1230,-83,180,0.23343466186523437,9.909600671386718,0.3136404174804687,30.471176470588237,-33801.52671755725,-2280.916030534351,4946.564885496184
494274,0,0,0,4945250203,4927.052609,0.010005,358,16552,492,-2055,-1228,-93,176,0.21428104858398436,9.907206469726562,0.29448680419921874,30.48588235294118,-33746.564885496184,-2555.7251908396947,4836.641221374046
494275,0,0,0,4945260209,4927.062615,0.010006,370,16530,486,-2054,-1232,-86,178,0.2214636535644531,9.894038360595703,0.29089550170898437,30.488823529411768,-33856.48854961832,-2363.3587786259545,4891.603053435115
494276,0,0,0,4945270214,4927.07262,0.010005,420,16518,502,-2057,-1227,-79,185,0.25139117431640623,9.886855755615233,0.30047230834960936,30.48,-33719.08396946565,-2170.992366412214,5083.9694656488555
494277,0,0,0,4945280219,4927.082625,0.010005,350,16578,514,-2061,-1230,-85,186,0.20949264526367187,9.922768780517577,0.3076549133300781,30.468235294117648,-33801.52671755725,-2335.87786259542,5111.4503816793895
494278,0,0,0,4945290224,4927.09263,0.010005,388,16546,454,-2059,-1233,-76,184,0.23223756103515625,9.903615167236328,0.27174188842773433,30.474117647058826,-33883.96946564886,-2088.549618320611,5056.488549618321
494279,0,0,0,4945300229,4927.102635,0.010005,360,16538,498,-2060,-1225,-77,188,0.2154781494140625,9.898826763916015,0.2980781066894531,30.471176470588237,-33664.122137404585,-2116.030534351145,5166.412213740458
494280,0,0,0,4945310235,4927.112641,0.010006,374,16548,414,-2062,-1231,-86,189,0.22385785522460935,9.904812268066406,0.24779987182617186,30.465294117647062,-33829.00763358779,-2363.3587786259545,5193.893129770992
494281,0,0,0,4945320240,4927.122646,0.010005,388,16530,522,-2060,-1230,-79,183,0.23223756103515625,9.894038360595703,0.3124433166503906,30.471176470588237,-33801.52671755725,-2170.992366412214,5029.007633587787
494282,0,0,0,4945330245,4927.132651,0.010005,358,16588,456,-2057,-1226,-84,188,0.21428104858398436,9.928754284667969,0.27293898925781246,30.48,-33691.603053435116,-2308.3969465648856,5166.412213740458
494283,0,0,0,4945340250,4927.142656,0.010005,418,16584,436,-2055,-1229,-85,191,0.2501940734863281,9.926360083007811,0.2609679809570312,30.48588235294118,-33774.04580152672,-2335.87786259542,5248.854961832061
494284,0,0,0,4945350255,4927.152661,0.010005,370,16510,452,-2057,-1225,-85,183,0.2214636535644531,9.882067352294921,0.2705447875976562,30.48,-33664.122137404585,-2335.87786259542,5029.007633587787
494285,0,0,0,4945360261,4927.162667,0.010006,340,16562,456,-2057,-1223,-83,175,0.20350714111328125,9.913191973876952,0.27293898925781246,30.48,-33609.16030534351,-2280.916030534351,4809.160305343512
494286,0,0,0,4945370266,4927.172672,0.010005,384,16562,458,-2055,-1233,-83,182,0.229843359375,9.913191973876952,0.2741360900878906,30.48588235294118,-33883.96946564886,-2280.916030534351,5001.526717557253
494287,0,0,0,4945380271,4927.182677,0.010005,330,16562,450,-2057,-1234,-82,186,0.1975216369628906,9.913191973876952,0.2693476867675781,30.48,-33911.45038167939,-2253.4351145038167,5111.4503816793895
494288,0,0,0,4945390276,4927.192682,0.010005,374,16536,432,-2054,-1231,-83,189,0.22385785522460935,9.897629663085937,0.258573779296875,30.488823529411768,-33829.00763358779,-2280.916030534351,5193.893129770992
494289,0,0,0,4945400282,4927.202688,0.010006,400,16562,474,-2058,-1229,-84,180,0.239420166015625,9.913191973876952,0.28371289672851563,30.47705882352941,-33774.04580152672,-2308.3969465648856,4946.564885496184
494290,0,0,0,4945410287,4927.212693,0.010005,384,16522,462,-2055,-1229,-86,183,0.229843359375,9.889249957275391,0.2765302917480469,30.48588235294118,-33774.04580152672,-2363.3587786259545,5029.007633587787
494291,0,0,0,4945420292,4927.222698,0.010005,378,16552,494,-2056,-1228,-87,186,0.2262520568847656,9.907206469726562,0.29568390502929687,30.48294117647059,-33746.564885496184,-2390.8396946564885,5111.4503816793895
494292,0,0,0,4945430297,4927.232703,0.010005,368,16552,512,-2057,-1225,-90,190,0.22026655273437498,9.907206469726562,0.3064578125,30.48,-33664.122137404585,-2473.282442748092,5221.374045801527
494293,0,0,0,4945440302,4927.242708,0.010005,392,16566,426,-2054,-1227,-93,186,0.2346317626953125,9.91558617553711,0.2549824768066406,30.488823529411768,-33719.08396946565,-2555.7251908396947,5111.4503816793895
494294,0,0,0,4945450308,4927.252714,0.010006,368,16534,414,-2055,-1229,-89,182,0.22026655273437498,9.896432562255859,0.24779987182617186,30.48588235294118,-33774.04580152672,-2445.8015267175574,5001.526717557253
494295,0,0,0,4945460313,4927.262719,0.010005,368,16554,454,-2057,-1230,-86,173,0.22026655273437498,9.90840357055664,0.27174188842773433,30.48,-33801.52671755725,-2363.3587786259545,4754.198473282443
494296,0,0,0,4945470318,4927.272724,0.010005,366,16570,454,-2063,-1229,-87,178,0.21906945190429686,9.917980377197265,0.27174188842773433,30.462352941176473,-33774.04580152672,-2390.8396946564885,4891.603053435115
494297,0,0,0,4945480323,4927.282729,0.010005,396,16506,498,-2062,-1226,-89,183,0.23702596435546874,9.879673150634765,0.2980781066894531,30.465294117647062,-33691.603053435116,-2445.8015267175574,5029.007633587787
494298,0,0,0,4945490328,4927.292734,0.010005,380,16562,484,-2060,-1230,-86,178,0.22744915771484372,9.913191973876952,0.28969840087890625,30.471176470588237,-33801.52671755725,-2363.3587786259545,4891.603053435115
494299,0,0,0,4945500334,4927.30274,0.010006,412,16570,478,-2057,-1229,-88,178,0.24660277099609373,9.917980377197265,0.2861070983886719,30.48,-33774.04580152672,-2418.320610687023,4891.603053435115
494300,0,0,0,4945510339,4927.312745,0.010005,332,16522,400,-2062,-1235,-83,182,0.19871873779296872,9.889249957275391,0.239420166015625,30.465294117647062,-33938.931297709925,-2280.916030534351,5001.526717557253
494301,0,0,0,4945520344,4927.32275,0.010005,378,16564,438,-2057,-1236,-88,194,0.2262520568847656,9.91438907470703,0.26216508178710934,30.48,-33966.41221374046,-2418.320610687023,5331.297709923664
494302,0,0,0,4945530349,4927.332755,0.010005,374,16564,506,-2058,-1231,-87,192,0.22385785522460935,9.91438907470703,0.3028665100097656,30.47705882352941,-33829.00763358779,-2390.8396946564885,5276.335877862595
494303,0,0,0,4945540355,4927.342761,0.010006,354,16544,476,-2061,-1227,-85,182,0.21188684692382811,9.90241806640625,0.28490999755859375,30.468235294117648,-33719.08396946565,-2335.87786259542,5001.526717557253
494304,0,0,0,4945550360,4927.352766,0.010005,336,16528,514,-2056,-1231,-85,179,0.201112939453125,9.892841259765625,0.3076549133300781,30.48294117647059,-33829.00763358779,-2335.87786259542,4919.083969465649
494305,0,0,0,4945560365,4927.362771,0.010005,372,16492,500,-2062,-1229,-91,183,0.22266075439453123,9.871293444824218,0.29927520751953124,30.465294117647062,-33774.04580152672,-2500.7633587786263,5029.007633587787
494306,0,0,0,4945570370,4927.372776,0.010005,372,16526,514,-2060,-1232,-86,184,0.22266075439453123,9.891644158935547,0.3076549133300781,30.471176470588237,-33856.48854961832,-2363.3587786259545,5056.488549618321
494307,0,0,0,4945580375,4927.382781,0.010005,336,16540,390,-2056,-1232,-93,182,0.201112939453125,9.900023864746093,0.23343466186523437,30.48294117647059,-33856.48854961832,-2555.7251908396947,5001.526717557253
494308,0,0,0,4945590381,4927.392787,0.010006,372,16556,522,-2064,-1231,-89,184,0.22266075439453123,9.909600671386718,0.3124433166503906,30.459411764705884,-33829.00763358779,-2445.8015267175574,5056.488549618321
494309,0,0,0,4945600386,4927.402792,0.010005,372,16576,396,-2061,-1229,-85,179,0.22266075439453123,9.9215716796875,0.23702596435546874,30.468235294117648,-33774.04580152672,-2335.87786259542,4919.083969465649
494310,0,0,0,4945610391,4927.412797,0.010005,388,16522,440,-2058,-1233,-81,190,0.23223756103515625,9.889249957275391,0.26336218261718747,30.47705882352941,-33883.96946564886,-2225.9541984732828,5221.374045801527
494311,0,0,0,4945620396,4927.422802,0.010005,392,16498,496,-2061,-1228,-83,191,0.2346317626953125,9.874884747314452,0.296881005859375,30.468235294117648,-33746.564885496184,-2280.916030534351,5248.854961832061
494312,0,0,0,4945630401,4927.432807,0.010005,342,16552,470,-2052,-1225,-87,188,0.20470424194335937,9.907206469726562,0.2813186950683594,30.494705882352942,-33664.122137404585,-2390.8396946564885,5166.412213740458
494313,0,0,0,4945640407,4927.442813,0.010006,372,16530,484,-2053,-1221,-92,183,0.22266075439453123,9.894038360595703,0.28969840087890625,30.491764705882353,-33554.19847328244,-2528.2442748091603,5029.007633587787
494314,0,0,0,4945650412,4927.452818,0.010005,400,16552,440,-2049,-1224,-91,189,0.239420166015625,9.907206469726562,0.26336218261718747,30.503529411764706,-33636.64122137405,-2500.7633587786263,5193.893129770992
494315,0,0,0,4945660417,4927.462823,0.010005,404,16558,450,-2063,-1235,-84,184,0.24181436767578124,9.910797772216796,0.2693476867675781,30.462352941176473,-33938.931297709925,-2308.3969465648856,5056.488549618321
494316,0,0,0,4945670422,4927.472828,0.010005,394,16534,524,-2058,-1232,-85,186,0.23582886352539062,9.896432562255859,0.3136404174804687,30.47705882352941,-33856.48854961832,-2335.87786259542,5111.4503816793895
494317,0,0,0,4945680427,4927.482833,0.010005,400,16534,424,-2058,-1224,-85,189,0.239420166015625,9.896432562255859,0.2537853759765625,30.47705882352941,-33636.64122137405,-2335.87786259542,5193.893129770992
494318,0,0,0,4945690433,4927.492839,0.010006,354,16554,434,-2059,-1235,-81,193,0.21188684692382811,9.90840357055664,0.2597708801269531,30.474117647058826,-33938.931297709925,-2225.9541984732828,5303.81679389313
494319,0,0,0,4945700438,4927.502844,0.010005,316,16540,438,-2063,-1224,-87,182,0.18914193115234373,9.900023864746093,0.26216508178710934,30.462352941176473,-33636.64122137405,-2390.8396946564885,5001.526717557253
494320,0,0,0,4945710443,4927.512849,0.010005,376,16548,504,-2059,-1226,-83,182,0.22505495605468748,9.904812268066406,0.3016694091796875,30.474117647058826,-33691.603053435116,-2280.916030534351,5001.526717557253
494321,0,0,0,4945720448,4927.522854,0.010005,350,16578,488,-2062,-1227,-87,178,0.20949264526367187,9.922768780517577,0.2920926025390625,30.465294117647062,-33719.08396946565,-2390.8396946564885,4891.603053435115
494322,0,0,0,4945730454,4927.53286,0.010006,378,16538,428,-2059,-1224,-92,177,0.2262520568847656,9.898826763916015,0.2561795776367187,30.474117647058826,-33636.64122137405,-2528.2442748091603,4864.122137404581
494323,0,0,0,4945740459,4927.542865,0.010005,358,16576,504,-2054,-1228,-88,185,0.21428104858398436,9.9215716796875,0.3016694091796875,30.488823529411768,-33746.564885496184,-2418.320610687023,5083.9694656488555
494324,0,0,0,4945750464,4927.55287,0.010005,358,16570,460,-2056,-1232,-87,182,0.21428104858398436,9.917980377197265,0.2753331909179687,30.48294117647059,-33856.48854961832,-2390.8396946564885,5001.526717557253
494325,0,0,0,4945760469,4927.562875,0.010005,394,16564,480,-2058,-1229,-86,184,0.23582886352539062,9.91438907470703,0.28730419921875,30.47705882352941,-33774.04580152672,-2363.3587786259545,5056.488549618321
494326,0,0,0,4945770474,4927.57288,0.010005,396,16540,454,-2060,-1228,-93,191,0.23702596435546874,9.900023864746093,0.27174188842773433,30.471176470588237,-33746.564885496184,-2555.7251908396947,5248.854961832061
494327,0,0,0,4945780480,4927.582886,0.010006,396,16518,466,-2063,-1230,-90,191,0.23702596435546874,9.886855755615233,0.27892449340820313,30.462352941176473,-33801.52671755725,-2473.282442748092,5248.854961832061
494328,0,0,0,4945790485,4927.592891,0.010005,380,16558,394,-2060,-1232,-81,180,0.22744915771484372,9.910797772216796,0.23582886352539062,30.471176470588237,-33856.48854961832,-2225.9541984732828,4946.564885496184
494329,0,0,0,4945800490,4927.602896,0.010005,362,16538,498,-2063,-1231,-84,188,0.2166752502441406,9.898826763916015,0.2980781066894531,30.462352941176473,-33829.00763358779,-2308.3969465648856,5166.412213740458
494330,0,0,0,4945810495,4927.612901,0.010005,362,16566,506,-2059,-1228,-83,182,0.2166752502441406,9.91558617553711,0.3028665100097656,30.474117647058826,-33746.564885496184,-2280.916030534351,5001.526717557253
494331,0,0,0,4945820500,4927.622906,0.010005,366,16522,494,-2058,-1230,-81,187,0.21906945190429686,9.889249957275391,0.29568390502929687,30.47705882352941,-33801.52671755725,-2225.9541984732828,5138.931297709924
494332,0,0,0,4945830506,4927.632912,0.010006,414,16548,456,-2056,-1237,-84,185,0.24779987182617186,9.904812268066406,0.27293898925781246,30.48294117647059,-33993.89312977099,-2308.3969465648856,5083.9694656488555
494333,0,0,0,4945840511,4927.642917,0.010005,378,16562,512,-2057,-1229,-91,190,0.2262520568847656,9.913191973876952,0.3064578125,30.48,-33774.04580152672,-2500.7633587786263,5221.374045801527
494334,0,0,0,4945850516,4927.652922,0.010005,344,16540,446,-2057,-1223,-90,186,0.2059013427734375,9.900023864746093,0.26695348510742184,30.48,-33609.16030534351,-2473.282442748092,5111.4503816793895
494335,0,0,0,4945860521,4927.662927,0.010005,388,16530,478,-2060,-1222,-89,178,0.23223756103515625,9.894038360595703,0.2861070983886719,30.471176470588237,-33581.67938931298,-2445.8015267175574,4891.603053435115
494336,0,0,0,4945870526,4927.672932,0.010005,344,16500,516,-2058,-1225,-87,180,0.2059013427734375,9.87608184814453,0.30885201416015623,30.47705882352941,-33664.122137404585,-2390.8396946564885,4946.564885496184
494337,0,0,0,4945880532,4927.682938,0.010006,374,16530,486,-2060,-1226,-89,180,0.22385785522460935,9.894038360595703,0.29089550170898437,30.471176470588237,-33691.603053435116,-2445.8015267175574,4946.564885496184
494338,0,0,0,4945890537,4927.692943,0.010005,374,16548,468,-2059,-1231,-87,186,0.22385785522460935,9.904812268066406,0.28012159423828126,30.474117647058826,-33829.00763358779,-2390.8396946564885,5111.4503816793895
494339,0,0,0,4945900542,4927.702948,0.010005,348,16550,476,-2065,-1229,-95,183,0.20829554443359374,9.906009368896484,0.28490999755859375,30.456470588235295,-33774.04580152672,-2610.6870229007636,5029.007633587787
494340,0,0,0,4945910547,4927.712953,0.010005,370,16568,450,-2058,-1225,-85,184,0.2214636535644531,9.916783276367187,0.2693476867675781,30.47705882352941,-33664.122137404585,-2335.87786259542,5056.488549618321
494341,0,0,0,4945920553,4927.722959,0.010006,390,16504,474,-2063,-1223,-87,188,0.23343466186523437,9.878476049804688,0.28371289672851563,30.462352941176473,-33609.16030534351,-2390.8396946564885,5166.412213740458
494342,0,0,0,4945930558,4927.732964,0.010005,370,16518,478,-2065,-1228,-85,183,0.2214636535644531,9.886855755615233,0.2861070983886719,30.456470588235295,-33746.564885496184,-2335.87786259542,5029.007633587787
494343,0,0,0,4945940563,4927.742969,0.010005,322,16562,470,-2060,-1227,-87,178,0.1927332336425781,9.913191973876952,0.2813186950683594,30.471176470588237,-33719.08396946565,-2390.8396946564885,4891.603053435115
494344,0,0,0,4945950568,4927.752974,0.010005,350,16538,426,-2065,-1232,-92,196,0.20949264526367187,9.898826763916015,0.2549824768066406,30.456470588235295,-33856.48854961832,-2528.2442748091603,5386.259541984733
494345,0,0,0,4945960573,4927.762979,0.010005,406,16540,446,-2063,-1226,-86,192,0.24301146850585936,9.900023864746093,0.26695348510742184,30.462352941176473,-33691.603053435116,-2363.3587786259545,5276.335877862595
494346,0,0,0,4945970579,4927.772985,0.010006,368,16544,404,-2055,-1221,-83,190,0.22026655273437498,9.90241806640625,0.24181436767578124,30.48588235294118,-33554.19847328244,-2280.916030534351,5221.374045801527
494347,0,0,0,4945980584,4927.78299,0.010005,378,16520,504,-2058,-1227,-86,194,0.2262520568847656,9.888052856445311,0.3016694091796875,30.47705882352941,-33719.08396946565,-2363.3587786259545,5331.297709923664
494348,0,0,0,4945990589,4927.792995,0.010005,332,16534,500,-2064,-1227,-86,190,0.19871873779296872,9.896432562255859,0.29927520751953124,30.459411764705884,-33719.08396946565,-2363.3587786259545,5221.374045801527
494349,0,0,0,4946000594,4927.803,0.010005,380,16540,412,-2058,-1225,-83,190,0.22744915771484372,9.900023864746093,0.24660277099609373,30.47705882352941,-33664.122137404585,-2280.916030534351,5221.374045801527
494350,0,0,0,4946010599,4927.813005,0.010005,372,16536,482,-2061,-1232,-81,182,0.22266075439453123,9.897629663085937,0.2885013000488281,30.468235294117648,-33856.48854961832,-2225.9541984732828,5001.526717557253
494351,0,0,0,4946020605,4927.823011,0.010006,384,16544,466,-2059,-1231,-84,179,0.229843359375,9.90241806640625,0.27892449340820313,30.474117647058826,-33829.00763358779,-2308.3969465648856,4919.083969465649
494352,0,0,0,4946030610,4927.833016,0.010005,398,16546,470,-2060,-1221,-85,188,0.23822306518554687,9.903615167236328,0.2813186950683594,30.471176470588237,-33554.19847328244,-2335.87786259542,5166.412213740458
494353,0,0,0,4946040615,4927.843021,0.010005,382,16520,494,-2064,-1233,-85,186,0.22864625854492185,9.888052856445311,0.29568390502929687,30.459411764705884,-33883.96946564886,-2335.87786259542,5111.4503816793895
494354,0,0,0,4946050620,4927.853026,0.010005,366,16490,482,-2058,-1227,-92,189,0.21906945190429686,9.87009634399414,0.2885013000488281,30.47705882352941,-33719.08396946565,-2528.2442748091603,5193.893129770992
494355,0,0,0,4946060626,4927.863032,0.010006,360,16552,424,-2052,-1236,-86,194,0.2154781494140625,9.907206469726562,0.2537853759765625,30.494705882352942,-33966.41221374046,-2363.3587786259545,5331.297709923664
494356,0,0,0,4946070631,4927.873037,0.010005,390,16554,456,-2055,-1232,-80,186,0.23343466186523437,9.90840357055664,0.27293898925781246,30.48588235294118,-33856.48854961832,-2198.4732824427483,5111.4503816793895
494357,0,0,0,4946080636,4927.883042,0.010005,410,16534,514,-2058,-1236,-85,187,0.2454056701660156,9.896432562255859,0.3076549133300781,30.47705882352941,-33966.41221374046,-2335.87786259542,5138.931297709924
494358,0,0,0,4946090641,4927.893047,0.010005,394,16572,532,-2053,-1236,-90,194,0.23582886352539062,9.919177478027343,0.3184288208007812,30.491764705882353,-33966.41221374046,-2473.282442748092,5331.297709923664
494359,0,0,0,4946100646,4927.903052,0.010005,376,16538,502,-2057,-1229,-83,189,0.22505495605468748,9.898826763916015,0.30047230834960936,30.48,-33774.04580152672,-2280.916030534351,5193.893129770992
494360,0,0,0,4946110652,4927.913058,0.010006,384,16534,466,-2055,-1230,-87,178,0.229843359375,9.896432562255859,0.27892449340820313,30.48588235294118,-33801.52671755725,-2390.8396946564885,4891.603053435115
494361,0,0,0,4946120657,4927.923063,0.010005,356,16526,488,-2057,-1232,-86,179,0.21308394775390624,9.891644158935547,0.2920926025390625,30.48,-33856.48854961832,-2363.3587786259545,4919.083969465649
494362,0,0,0,4946130662,4927.933068,0.010005,360,16526,506,-2052,-1232,-87,181,0.2154781494140625,9.891644158935547,0.3028665100097656,30.494705882352942,-33856.48854961832,-2390.8396946564885,4974.045801526718
494363,0,0,0,4946140667,4927.943073,0.010005,374,16544,446,-2051,-1230,-87,184,0.22385785522460935,9.90241806640625,0.26695348510742184,30.49764705882353,-33801.52671755725,-2390.8396946564885,5056.488549618321
494364,0,0,0,4946150672,4927.953078,0.010005,374,16562,480,-2056,-1231,-84,187,0.22385785522460935,9.913191973876952,0.28730419921875,30.48294117647059,-33829.00763358779,-2308.3969465648856,5138.931297709924
494365,0,0,0,4946160678,4927.963084,0.010006,358,16558,494,-2055,-1234,-74,188,0.21428104858398436,9.910797772216796,0.29568390502929687,30.48588235294118,-33911.45038167939,-2033.587786259542,5166.412213740458
494366,0,0,0,4946170683,4927.973089,0.010005,382,16552,434,-2053,-1227,-79,193,0.22864625854492185,9.907206469726562,0.2597708801269531,30.491764705882353,-33719.08396946565,-2170.992366412214,5303.81679389313
494367,0,0,0,4946180688,4927.983094,0.010005,386,16540,458,-2058,-1225,-85,185,0.23104046020507812,9.900023864746093,0.2741360900878906,30.47705882352941,-33664.122137404585,-2335.87786259542,5083.9694656488555
494368,0,0,0,4946190693,4927.993099,0.010005,372,16574,438,-2054,-1232,-87,185,0.22266075439453123,9.920374578857421,0.26216508178710934,30.488823529411768,-33856.48854961832,-2390.8396946564885,5083.9694656488555
494369,0,0,0,4946200698,4928.003104,0.010005,384,16528,450,-2059,-1235,-92,190,0.229843359375,9.892841259765625,0.2693476867675781,30.474117647058826,-33938.931297709925,-2528.2442748091603,5221.374045801527
494370,0,0,0,4946210704,4928.01311,0.010006,348,16546,432,-2060,-1231,-87,190,0.20829554443359374,9.903615167236328,0.258573779296875,30.471176470588237,-33829.00763358779,-2390.8396946564885,5221.374045801527
494371,0,0,0,4946220709,4928.023115,0.010005,352,16536,488,-2059,-1225,-78,185,0.21068974609375,9.897629663085937,0.2920926025390625,30.474117647058826,-33664.122137404585,-2143.5114503816794,5083.9694656488555
494372,0,0,0,4946230714,4928.03312,0.010005,398,16564,438,-2060,-1225,-84,185,0.23822306518554687,9.91438907470703,0.26216508178710934,30.471176470588237,-33664.122137404585,-2308.3969465648856,5083.9694656488555
494373,0,0,0,4946240719,4928.043125,0.010005,356,16542,472,-2060,-1225,-82,186,0.21308394775390624,9.90122096557617,0.2825157958984375,30.471176470588237,-33664.122137404585,-2253.4351145038167,5111.4503816793895
494374,0,0,0,4946250725,4928.053131,0.010006,342,16574,422,-2059,-1230,-83,185,0.20470424194335937,9.920374578857421,0.25258827514648435,30.474117647058826,-33801.52671755725,-2280.916030534351,5083.9694656488555
494375,0,0,0,4946260730,4928.063136,0.010005,402,16554,472,-2060,-1229,-89,190,0.24061726684570311,9.90840357055664,0.2825157958984375,30.471176470588237,-33774.04580152672,-2445.8015267175574,5221.374045801527
494376,0,0,0,4946270735,4928.073141,0.010005,382,16562,526,-2056,-1233,-84,183,0.22864625854492185,9.913191973876952,0.31483751831054685,30.48294117647059,-33883.96946564886,-2308.3969465648856,5029.007633587787
494377,0,0,0,4946280740,4928.083146,0.010005,378,16536,498,-2058,-1229,-93,180,0.2262520568847656,9.897629663085937,0.2980781066894531,30.47705882352941,-33774.04580152672,-2555.7251908396947,4946.564885496184
494378,0,0,0,4946290745,4928.093151,0.010005,394,16546,508,-2059,-1228,-87,183,0.23582886352539062,9.903615167236328,0.30406361083984373,30.474117647058826,-33746.564885496184,-2390.8396946564885,5029.007633587787
494379,0,0,0,4946300751,4928.103157,0.010006,350,16566,518,-2058,-1228,-85,180,0.20949264526367187,9.91558617553711,0.31004911499023435,30.47705882352941,-33746.564885496184,-2335.87786259542,4946.564885496184
494380,0,0,0,4946310756,4928.113162,0.010005,368,16566,512,-2057,-1227,-80,192,0.22026655273437498,9.91558617553711,0.3064578125,30.48,-33719.08396946565,-2198.4732824427483,5276.335877862595
494381,0,0,0,4946320761,4928.123167,0.010005,382,16510,514,-2059,-1228,-87,178,0.22864625854492185,9.882067352294921,0.3076549133300781,30.474117647058826,-33746.564885496184,-2390.8396946564885,4891.603053435115
494382,0,0,0,4946330766,4928.133172,0.010005,360,16502,540,-2061,-1229,-80,189,0.2154781494140625,9.87727894897461,0.3232172241210937,30.468235294117648,-33774.04580152672,-2198.4732824427483,5193.893129770992
494383,0,0,0,4946340771,4928.143177,0.010005,368,16576,448,-2063,-1233,-88,189,0.22026655273437498,9.9215716796875,0.26815058593749996,30.462352941176473,-33883.96946564886,-2418.320610687023,5193.893129770992
494384,0,0,0,4946350777,4928.153183,0.010006,390,16554,474,-2057,-1231,-82,187,0.23343466186523437,9.90840357055664,0.28371289672851563,30.48,-33829.00763358779,-2253.4351145038167,5138.931297709924
494385,0,0,0,4946360782,4928.163188,0.010005,366,16518,524,-2052,-1235,-84,192,0.21906945190429686,9.886855755615233,0.3136404174804687,30.494705882352942,-33938.931297709925,-2308.3969465648856,5276.335877862595
494386,0,0,0,4946370787,4928.173193,0.010005,354,16516,524,-2054,-1231,-91,185,0.21188684692382811,9.885658654785155,0.3136404174804687,30.488823529411768,-33829.00763358779,-2500.7633587786263,5083.9694656488555
494387,0,0,0,4946380792,4928.183198,0.010005,370,16552,510,-2057,-1237,-88,184,0.2214636535644531,9.907206469726562,0.30526071166992186,30.48,-33993.89312977099,-2418.320610687023,5056.488549618321
494388,0,0,0,4946390798,4928.193204,0.010006,370,16574,460,-2060,-1232,-88,193,0.2214636535644531,9.920374578857421,0.2753331909179687,30.471176470588237,-33856.48854961832,-2418.320610687023,5303.81679389313
494389,0,0,0,4946400803,4928.203209,0.010005,348,16590,486,-2057,-1232,-92,190,0.20829554443359374,9.929951385498047,0.29089550170898437,30.48,-33856.48854961832,-2528.2442748091603,5221.374045801527
494390,0,0,0,4946410808,4928.213214,0.010005,378,16494,488,-2053,-1231,-90,184,0.2262520568847656,9.872490545654296,0.2920926025390625,30.491764705882353,-33829.00763358779,-2473.282442748092,5056.488549618321
494391,0,0,0,4946420813,4928.223219,0.010005,376,16542,484,-2057,-1230,-86,183,0.22505495605468748,9.90122096557617,0.28969840087890625,30.48,-33801.52671755725,-2363.3587786259545,5029.007633587787
494392,0,0,0,4946430818,4928.233224,0.010005,374,16608,506,-2054,-1231,-88,182,0.22385785522460935,9.94072529296875,0.3028665100097656,30.488823529411768,-33829.00763358779,-2418.320610687023,5001.526717557253
494393,0,0,0,4946440824,4928.24323,0.010006,364,16596,494,-2058,-1230,-90,180,0.21787235107421873,9.93354268798828,0.29568390502929687,30.47705882352941,-33801.52671755725,-2473.282442748092,4946.564885496184
494394,0,0,0,4946450829,4928.253235,0.010005,370,16510,468,-2060,-1231,-84,181,0.2214636535644531,9.882067352294921,0.28012159423828126,30.471176470588237,-33829.00763358779,-2308.3969465648856,4974.045801526718
494395,0,0,0,4946460834,4928.26324,0.010005,392,16558,424,-2054,-1227,-87,181,0.2346317626953125,9.910797772216796,0.2537853759765625,30.488823529411768,-33719.08396946565,-2390.8396946564885,4974.045801526718
494396,0,0,0,4946470839,4928.273245,0.010005,432,16518,486,-2053,-1230,-93,182,0.258573779296875,9.886855755615233,0.29089550170898437,30.491764705882353,-33801.52671755725,-2555.7251908396947,5001.526717557253
494397,0,0,0,4946480844,4928.28325,0.010005,384,16556,502,-2053,-1236,-82,180,0.229843359375,9.909600671386718,0.30047230834960936,30.491764705882353,-33966.41221374046,-2253.4351145038167,4946.564885496184
494398,0,0,0,4946490850,4928.293256,0.010006,376,16530,486,-2057,-1229,-86,189,0.22505495605468748,9.894038360595703,0.29089550170898437,30.48,-33774.04580152672,-2363.3587786259545,5193.893129770992
494399,0,0,0,4946500855,4928.303261,0.010005,368,16582,426,-2057,-1231,-84,189,0.22026655273437498,9.925162982177733,0.2549824768066406,30.48,-33829.00763358779,-2308.3969465648856,5193.893129770992
494400,0,0,0,4946510860,4928.313266,0.010005,374,16554,466,-2055,-1229,-91,190,0.22385785522460935,9.90840357055664,0.27892449340820313,30.48588235294118,-33774.04580152672,-2500.7633587786263,5221.374045801527
494401,0,0,0,4946520865,4928.323271,0.010005,362,16552,468,-2058,-1232,-79,185,0.2166752502441406,9.907206469726562,0.28012159423828126,30.47705882352941,-33856.48854961832,-2170.992366412214,5083.9694656488555
494402,0,0,0,4946530870,4928.333276,0.010005,370,16552,436,-2057,-1226,-82,188,0.2214636535644531,9.907206469726562,0.2609679809570312,30.48,-33691.603053435116,-2253.4351145038167,5166.412213740458
494403,0,0,0,4946540876,4928.343282,0.010006,344,16548,498,-2059,-1228,-82,187,0.2059013427734375,9.904812268066406,0.2980781066894531,30.474117647058826,-33746.564885496184,-2253.4351145038167,5138.931297709924
494404,0,0,0,4946550881,4928.353287,0.010005,350,16564,492,-2053,-1229,-85,184,0.20949264526367187,9.91438907470703,0.29448680419921874,30.491764705882353,-33774.04580152672,-2335.87786259542,5056.488549618321
494405,0,0,0,4946560886,4928.363292,0.010005,342,16582,462,-2051,-1234,-87,189,0.20470424194335937,9.925162982177733,0.2765302917480469,30.49764705882353,-33911.45038167939,-2390.8396946564885,5193.893129770992
494406,0,0,0,4946570891,4928.373297,0.010005,360,16578,450,-2059,-1232,-89,190,0.2154781494140625,9.922768780517577,0.2693476867675781,30.474117647058826,-33856.48854961832,-2445.8015267175574,5221.374045801527
494407,0,0,0,4946580897,4928.383303,0.010006,368,16574,496,-2058,-1232,-86,190,0.22026655273437498,9.920374578857421,0.296881005859375,30.47705882352941,-33856.48854961832,-2363.3587786259545,5221.374045801527
494408,0,0,0,4946590902,4928.393308,0.010005,382,16540,472,-2056,-1238,-88,187,0.22864625854492185,9.900023864746093,0.2825157958984375,30.48294117647059,-34021.37404580153,-2418.320610687023,5138.931297709924
494409,0,0,0,4946600907,4928.403313,0.010005,358,16562,522,-2056,-1233,-81,187,0.21428104858398436,9.913191973876952,0.3124433166503906,30.48294117647059,-33883.96946564886,-2225.9541984732828,5138.931297709924
494410,0,0,0,4946610912,4928.413318,0.010005,364,16538,434,-2056,-1238,-82,188,0.21787235107421873,9.898826763916015,0.2597708801269531,30.48294117647059,-34021.37404580153,-2253.4351145038167,5166.412213740458
494411,0,0,0,4946620917,4928.423323,0.010005,366,16574,436,-2053,-1227,-83,180,0.21906945190429686,9.920374578857421,0.2609679809570312,30.491764705882353,-33719.08396946565,-2280.916030534351,4946.564885496184
494412,0,0,0,4946630923,4928.433329,0.010006,374,16574,492,-2060,-1230,-85,188,0.22385785522460935,9.920374578857421,0.29448680419921874,30.471176470588237,-33801.52671755725,-2335.87786259542,5166.412213740458
494413,0,0,0,4946640928,4928.443334,0.010005,368,16516,518,-2056,-1227,-75,187,0.22026655273437498,9.885658654785155,0.31004911499023435,30.48294117647059,-33719.08396946565,-2061.0687022900765,5138.931297709924
494414,0,0,0,4946650933,4928.453339,0.010005,364,16512,490,-2051,-1236,-79,190,0.21787235107421873,9.883264453125,0.2932897033691406,30.49764705882353,-33966.41221374046,-2170.992366412214,5221.374045801527
494415,0,0,0,4946660938,4928.463344,0.010005,370,16518,460,-2053,-1237,-86,188,0.2214636535644531,9.886855755615233,0.2753331909179687,30.491764705882353,-33993.89312977099,-2363.3587786259545,5166.412213740458
494416,0,0,0,4946670943,4928.473349,0.010005,354,16558,442,-2059,-1232,-82,193,0.21188684692382811,9.910797772216796,0.2645592834472656,30.474117647058826,-33856.48854961832,-2253.4351145038167,5303.81679389313
494417,0,0,0,4946680949,4928.483355,0.010006,370,16530,462,-2057,-1229,-91,193,0.2214636535644531,9.894038360595703,0.2765302917480469,30.48,-33774.04580152672,-2500.7633587786263,5303.81679389313
494418,0,0,0,4946690954,4928.49336,0.010005,416,16562,466,-2059,-1226,-87,188,0.24899697265624998,9.913191973876952,0.27892449340820313,30.474117647058826,-33691.603053435116,-2390.8396946564885,5166.412213740458
494419,0,0,0,4946700959,4928.503365,0.010005,362,16572,530,-2061,-1227,-84,181,0.2166752502441406,9.919177478027343,0.3172317199707031,30.468235294117648,-33719.08396946565,-2308.3969465648856,4974.045801526718
494420,0,0,0,4946710964,4928.51337,0.010005,328,16554,494,-2059,-1228,-73,186,0.19632453613281248,9.90840357055664,0.29568390502929687,30.474117647058826,-33746.564885496184,-2006.1068702290077,5111.4503816793895
494421,0,0,0,4946720970,4928.523376,0.010006,382,16556,424,-2058,-1222,-84,188,0.22864625854492185,9.909600671386718,0.2537853759765625,30.47705882352941,-33581.67938931298,-2308.3969465648856,5166.412213740458
494422,0,0,0,4946730975,4928.533381,0.010005,392,16510,470,-2058,-1229,-85,179,0.2346317626953125,9.882067352294921,0.2813186950683594,30.47705882352941,-33774.04580152672,-2335.87786259542,4919.083969465649
494423,0,0,0,4946740980,4928.543386,0.010005,350,16534,484,-2056,-1234,-92,174,0.20949264526367187,9.896432562255859,0.28969840087890625,30.48294117647059,-33911.45038167939,-2528.2442748091603,4781.679389312977
494424,0,0,0,4946750985,4928.553391,0.010005,378,16554,474,-2054,-1220,-80,183,0.2262520568847656,9.90840357055664,0.28371289672851563,30.488823529411768,-33526.71755725191,-2198.4732824427483,5029.007633587787
494425,0,0,0,4946760990,4928.563396,0.010005,366,16560,480,-2055,-1230,-86,186,0.21906945190429686,9.911994873046874,0.28730419921875,30.48588235294118,-33801.52671755725,-2363.3587786259545,5111.4503816793895
494426,0,0,0,4946770996,4928.573402,0.010006,376,16564,484,-2049,-1229,-87,182,0.22505495605468748,9.91438907470703,0.28969840087890625,30.503529411764706,-33774.04580152672,-2390.8396946564885,5001.526717557253
494427,0,0,0,4946781001,4928.583407,0.010005,390,16558,498,-2049,-1229,-82,185,0.23343466186523437,9.910797772216796,0.2980781066894531,30.503529411764706,-33774.04580152672,-2253.4351145038167,5083.9694656488555
494428,0,0,0,4946791006,4928.593412,0.010005,374,16542,464,-2053,-1227,-81,185,0.22385785522460935,9.90122096557617,0.277727392578125,30.491764705882353,-33719.08396946565,-2225.9541984732828,5083.9694656488555
494429,0,0,0,4946801011,4928.603417,0.010005,396,16542,490,-2049,-1232,-86,186,0.23702596435546874,9.90122096557617,0.2932897033691406,30.503529411764706,-33856.48854961832,-2363.3587786259545,5111.4503816793895
494430,0,0,0,4946811016,4928.613422,0.010005,352,16564,496,-2058,-1228,-83,184,0.21068974609375,9.91438907470703,0.296881005859375,30.47705882352941,-33746.564885496184,-2280.916030534351,5056.488549618321
494431,0,0,0,4946821022,4928.623428,0.010006,382,16498,462,-2057,-1233,-89,191,0.22864625854492185,9.874884747314452,0.2765302917480469,30.48,-33883.96946564886,-2445.8015267175574,5248.854961832061
494432,0,0,0,4946831027,4928.633433,0.010005,362,16498,432,-2054,-1231,-85,183,0.2166752502441406,9.874884747314452,0.258573779296875,30.488823529411768,-33829.00763358779,-2335.87786259542,5029.007633587787
494433,0,0,0,4946841032,4928.643438,0.010005,406,16518,416,-2054,-1231,-85,189,0.24301146850585936,9.886855755615233,0.24899697265624998,30.488823529411768,-33829.00763358779,-2335.87786259542,5193.893129770992
494434,0,0,0,4946851037,4928.653443,0.010005,418,16570,442,-2054,-1227,-89,189,0.2501940734863281,9.917980377197265,0.2645592834472656,30.488823529411768,-33719.08396946565,-2445.8015267175574,5193.893129770992
494435,0,0,0,4946861042,4928.663448,0.010005,372,16534,494,-2050,-1230,-90,188,0.22266075439453123,9.896432562255859,0.29568390502929687,30.500588235294117,-33801.52671755725,-2473.282442748092,5166.412213740458
494436,0,0,0,4946871048,4928.673454,0.010006,396,16526,516,-2056,-1225,-77,182,0.23702596435546874,9.891644158935547,0.30885201416015623,30.48294117647059,-33664.122137404585,-2116.030534351145,5001.526717557253
494437,0,0,0,4946881053,4928.683459,0.010005,382,16504,538,-2058,-1233,-82,182,0.22864625854492185,9.878476049804688,0.3220201232910156,30.47705882352941,-33883.96946564886,-2253.4351145038167,5001.526717557253
494438,0,0,0,4946891058,4928.693464,0.010005,376,16544,434,-2060,-1232,-83,186,0.22505495605468748,9.90241806640625,0.2597708801269531,30.471176470588237,-33856.48854961832,-2280.916030534351,5111.4503816793895
494439,0,0,0,4946901063,4928.703469,0.010005,384,16534,494,-2058,-1227,-84,188,0.229843359375,9.896432562255859,0.29568390502929687,30.47705882352941,-33719.08396946565,-2308.3969465648856,5166.412213740458
494440,0,0,0,4946911069,4928.713475,0.010006,354,16534,540,-2060,-1226,-88,186,0.21188684692382811,9.896432562255859,0.3232172241210937,30.471176470588237,-33691.603053435116,-2418.320610687023,5111.4503816793895
494441,0,0,0,4946921074,4928.72348,0.010005,398,16562,438,-2059,-1234,-89,191,0.23822306518554687,9.913191973876952,0.26216508178710934,30.474117647058826,-33911.45038167939,-2445.8015267175574,5248.854961832061
494442,0,0,0,4946931079,4928.733485,0.010005,370,16576,436,-2055,-1233,-84,187,0.2214636535644531,9.9215716796875,0.2609679809570312,30.48588235294118,-33883.96946564886,-2308.3969465648856,5138.931297709924
494443,0,0,0,4946941084,4928.74349,0.010005,386,16552,466,-2054,-1232,-85,185,0.23104046020507812,9.907206469726562,0.27892449340820313,30.488823529411768,-33856.48854961832,-2335.87786259542,5083.9694656488555
494444,0,0,0,4946951089,4928.753495,0.010005,374,16538,446,-2051,-1226,-84,178,0.22385785522460935,9.898826763916015,0.26695348510742184,30.49764705882353,-33691.603053435116,-2308.3969465648856,4891.603053435115
494445,0,0,0,4946961095,4928.763501,0.010006,402,16574,442,-2056,-1229,-86,190,0.24061726684570311,9.920374578857421,0.2645592834472656,30.48294117647059,-33774.04580152672,-2363.3587786259545,5221.374045801527
494446,0,0,0,4946971100,4928.773506,0.010005,370,16532,460,-2058,-1229,-95,190,0.2214636535644531,9.89523546142578,0.2753331909179687,30.47705882352941,-33774.04580152672,-2610.6870229007636,5221.374045801527
494447,0,0,0,4946981105,4928.783511,0.010005,396,16588,462,-2058,-1228,-90,191,0.23702596435546874,9.928754284667969,0.2765302917480469,30.47705882352941,-33746.564885496184,-2473.282442748092,5248.854961832061
494448,0,0,0,4946991110,4928.793516,0.010005,408,16516,472,-2054,-1231,-82,190,0.2442085693359375,9.885658654785155,0.2825157958984375,30.488823529411768,-33829.00763358779,-2253.4351145038167,5221.374045801527
494449,0,0,0,4947001115,4928.803521,0.010005,380,16528,478,-2050,-1230,-78,190,0.22744915771484372,9.892841259765625,0.2861070983886719,30.500588235294117,-33801.52671755725,-2143.5114503816794,5221.374045801527
494450,0,0,0,4947011121,4928.813527,0.010006,374,16534,424,-2050,-1240,-88,181,0.22385785522460935,9.896432562255859,0.2537853759765625,30.500588235294117,-34076.3358778626,-2418.320610687023,4974.045801526718
494451,0,0,0,4947021126,4928.823532,0.010005,398,16532,426,-2055,-1234,-88,184,0.23822306518554687,9.89523546142578,0.2549824768066406,30.48588235294118,-33911.45038167939,-2418.320610687023,5056.488549618321
494452,0,0,0,4947031131,4928.833537,0.010005,398,16566,440,-2055,-1232,-90,181,0.23822306518554687,9.91558617553711,0.26336218261718747,30.48588235294118,-33856.48854961832,-2473.282442748092,4974.045801526718
494453,0,0,0,4947041136,4928.843542,0.010005,358,16580,508,-2060,-1230,-91,182,0.21428104858398436,9.923965881347655,0.30406361083984373,30.471176470588237,-33801.52671755725,-2500.7633587786263,5001.526717557253
494454,0,0,0,4947051142,4928.853548,0.010006,402,16568,458,-2055,-1229,-80,182,0.24061726684570311,9.916783276367187,0.2741360900878906,30.48588235294118,-33774.04580152672,-2198.4732824427483,5001.526717557253
494455,0,0,0,4947061147,4928.863553,0.010005,408,16544,504,-2056,-1231,-86,177,0.2442085693359375,9.90241806640625,0.3016694091796875,30.48294117647059,-33829.00763358779,-2363.3587786259545,4864.122137404581
494456,0,0,0,4947071152,4928.873558,0.010005,366,16572,492,-2060,-1228,-81,184,0.21906945190429686,9.919177478027343,0.29448680419921874,30.471176470588237,-33746.564885496184,-2225.9541984732828,5056.488549618321
494457,0,0,0,4947081157,4928.883563,0.010005,354,16576,476,-2057,-1227,-85,186,0.21188684692382811,9.9215716796875,0.28490999755859375,30.48,-33719.08396946565,-2335.87786259542,5111.4503816793895
494458,0,0,0,4947091162,4928.893568,0.010005,378,16584,530,-2056,-1235,-89,193,0.2262520568847656,9.926360083007811,0.3172317199707031,30.48294117647059,-33938.931297709925,-2445.8015267175574,5303.81679389313
494459,0,0,0,4947101168,4928.903574,0.010006,378,16544,502,-2058,-1228,-85,188,0.2262520568847656,9.90241806640625,0.30047230834960936,30.47705882352941,-33746.564885496184,-2335.87786259542,5166.412213740458
494460,0,0,0,4947111173,4928.913579,0.010005,392,16540,458,-2059,-1230,-78,185,0.2346317626953125,9.900023864746093,0.2741360900878906,30.474117647058826,-33801.52671755725,-2143.5114503816794,5083.9694656488555
494461,0,0,0,4947121178,4928.923584,0.010005,368,16496,428,-2056,-1229,-82,191,0.22026655273437498,9.873687646484374,0.2561795776367187,30.48294117647059,-33774.04580152672,-2253.4351145038167,5248.854961832061
494462,0,0,0,4947131183,4928.933589,0.010005,358,16498,484,-2053,-1224,-85,185,0.21428104858398436,9.874884747314452,0.28969840087890625,30.491764705882353,-33636.64122137405,-2335.87786259542,5083.9694656488555
494463,0,0,0,4947141188,4928.943594,0.010005,344,16562,454,-2057,-1224,-88,183,0.2059013427734375,9.913191973876952,0.27174188842773433,30.48,-33636.64122137405,-2418.320610687023,5029.007633587787
494464,0,0,0,4947151194,4928.9536,0.010006,374,16540,544,-2059,-1230,-83,190,0.22385785522460935,9.900023864746093,0.32561142578124996,30.474117647058826,-33801.52671755725,-2280.916030534351,5221.374045801527
494465,0,0,0,4947161199,4928.963605,0.010005,400,16556,450,-2061,-1231,-86,190,0.239420166015625,9.909600671386718,0.2693476867675781,30.468235294117648,-33829.00763358779,-2363.3587786259545,5221.374045801527
494466,0,0,0,4947171204,4928.97361,0.010005,366,16530,422,-2062,-1229,-82,190,0.21906945190429686,9.894038360595703,0.25258827514648435,30.465294117647062,-33774.04580152672,-2253.4351145038167,5221.374045801527
494467,0,0,0,4947181209,4928.983615,0.010005,386,16554,416,-2062,-1225,-89,183,0.23104046020507812,9.90840357055664,0.24899697265624998,30.465294117647062,-33664.122137404585,-2445.8015267175574,5029.007633587787
494468,0,0,0,4947191215,4928.993621,0.010006,362,16534,520,-2057,-1226,-93,177,0.2166752502441406,9.896432562255859,0.3112462158203125,30.48,-33691.603053435116,-2555.7251908396947,4864.122137404581
494469,0,0,0,4947201220,4929.003626,0.010005,422,16542,404,-2058,-1224,-82,185,0.25258827514648435,9.90122096557617,0.24181436767578124,30.47705882352941,-33636.64122137405,-2253.4351145038167,5083.9694656488555
494470,0,0,0,4947211225,4929.013631,0.010005,358,16554,424,-2055,-1232,-89,194,0.21428104858398436,9.90840357055664,0.2537853759765625,30.48588235294118,-33856.48854961832,-2445.8015267175574,5331.297709923664
494471,0,0,0,4947221230,4929.023636,0.010005,362,16522,514,-2055,-1230,-87,187,0.2166752502441406,9.889249957275391,0.3076549133300781,30.48588235294118,-33801.52671755725,-2390.8396946564885,5138.931297709924
494472,0,0,0,4947231235,4929.033641,0.010005,384,16564,528,-2057,-1236,-84,182,0.229843359375,9.91438907470703,0.316034619140625,30.48,-33966.41221374046,-2308.3969465648856,5001.526717557253
494473,0,0,0,4947241241,4929.043647,0.010006,346,16516,488,-2054,-1231,-82,180,0.20709844360351562,9.885658654785155,0.2920926025390625,30.488823529411768,-33829.00763358779,-2253.4351145038167,4946.564885496184
494474,0,0,0,4947251246,4929.053652,0.010005,400,16566,404,-2056,-1229,-85,187,0.239420166015625,9.91558617553711,0.24181436767578124,30.48294117647059,-33774.04580152672,-2335.87786259542,5138.931297709924
494475,0,0,0,4947261251,4929.063657,0.010005,404,16522,480,-2055,-1230,-91,191,0.24181436767578124,9.889249957275391,0.28730419921875,30.48588235294118,-33801.52671755725,-2500.7633587786263,5248.854961832061
494476,0,0,0,4947271256,4929.073662,0.010005,390,16528,504,-2052,-1232,-88,180,0.23343466186523437,9.892841259765625,0.3016694091796875,30.494705882352942,-33856.48854961832,-2418.320610687023,4946.564885496184
494477,0,0,0,4947281261,4929.083667,0.010005,364,16542,464,-2063,-1232,-87,193,0.21787235107421873,9.90122096557617,0.277727392578125,30.462352941176473,-33856.48854961832,-2390.8396946564885,5303.81679389313
494478,0,0,0,4947291267,4929.093673,0.010006,366,16550,488,-2057,-1230,-86,174,0.21906945190429686,9.906009368896484,0.2920926025390625,30.48,-33801.52671755725,-2363.3587786259545,4781.679389312977
494479,0,0,0,4947301272,4929.103678,0.010005,348,16552,484,-2063,-1226,-87,180,0.20829554443359374,9.907206469726562,0.28969840087890625,30.462352941176473,-33691.603053435116,-2390.8396946564885,4946.564885496184
494480,0,0,0,4947311277,4929.113683,0.010005,358,16538,486,-2060,-1228,-88,194,0.21428104858398436,9.898826763916015,0.29089550170898437,30.471176470588237,-33746.564885496184,-2418.320610687023,5331.297709923664
494481,0,0,0,4947321282,4929.123688,0.010005,384,16556,492,-2052,-1229,-83,192,0.229843359375,9.909600671386718,0.29448680419921874,30.494705882352942,-33774.04580152672,-2280.916030534351,5276.335877862595
494482,0,0,0,4947331287,4929.133693,0.010005,364,16548,458,-2057,-1226,-83,185,0.21787235107421873,9.904812268066406,0.2741360900878906,30.48,-33691.603053435116,-2280.916030534351,5083.9694656488555
494483,0,0,0,4947341293,4929.143699,0.010006,360,16568,496,-2055,-1229,-79,195,0.2154781494140625,9.916783276367187,0.296881005859375,30.48588235294118,-33774.04580152672,-2170.992366412214,5358.778625954199
494484,0,0,0,4947351298,4929.153704,0.010005,346,16520,448,-2062,-1227,-86,189,0.20709844360351562,9.888052856445311,0.26815058593749996,30.465294117647062,-33719.08396946565,-2363.3587786259545,5193.893129770992
494485,0,0,0,4947361303,4929.163709,0.010005,382,16506,472,-2056,-1232,-85,189,0.22864625854492185,9.879673150634765,0.2825157958984375,30.48294117647059,-33856.48854961832,-2335.87786259542,5193.893129770992
494486,0,0,0,4947371308,4929.173714,0.010005,352,16566,518,-2056,-1232,-96,182,0.21068974609375,9.91558617553711,0.31004911499023435,30.48294117647059,-33856.48854961832,-2638.1679389312976,5001.526717557253
494487,0,0,0,4947381314,4929.18372,0.010006,410,16566,462,-2060,-1235,-89,184,0.2454056701660156,9.91558617553711,0.2765302917480469,30.471176470588237,-33938.931297709925,-2445.8015267175574,5056.488549618321
494488,0,0,0,4947391319,4929.193725,0.010005,384,16526,454,-2057,-1231,-87,189,0.229843359375,9.891644158935547,0.27174188842773433,30.48,-33829.00763358779,-2390.8396946564885,5193.893129770992
494489,0,0,0,4947401324,4929.20373,0.010005,410,16532,460,-2056,-1235,-88,189,0.2454056701660156,9.89523546142578,0.2753331909179687,30.48294117647059,-33938.931297709925,-2418.320610687023,5193.893129770992
494490,0,0,0,4947411329,4929.213735,0.010005,394,16560,440,-2065,-1231,-87,184,0.23582886352539062,9.911994873046874,0.26336218261718747,30.456470588235295,-33829.00763358779,-2390.8396946564885,5056.488549618321
494491,0,0,0,4947421334,4929.22374,0.010005,342,16570,476,-2052,-1228,-83,188,0.20470424194335937,9.917980377197265,0.28490999755859375,30.494705882352942,-33746.564885496184,-2280.916030534351,5166.412213740458
494492,0,0,0,4947431340,4929.233746,0.010006,370,16528,502,-2054,-1233,-76,183,0.2214636535644531,9.892841259765625,0.30047230834960936,30.488823529411768,-33883.96946564886,-2088.549618320611,5029.007633587787
494493,0,0,0,4947441345,4929.243751,0.010005,380,16588,438,-2058,-1224,-86,187,0.22744915771484372,9.928754284667969,0.26216508178710934,30.47705882352941,-33636.64122137405,-2363.3587786259545,5138.931297709924
494494,0,0,0,4947451350,4929.253756,0.010005,378,16526,492,-2057,-1228,-88,191,0.2262520568847656,9.891644158935547,0.29448680419921874,30.48,-33746.564885496184,-2418.320610687023,5248.854961832061
494495,0,0,0,4947461355,4929.263761,0.010005,386,16588,444,-2061,-1226,-80,194,0.23104046020507812,9.928754284667969,0.2657563842773437,30.468235294117648,-33691.603053435116,-2198.4732824427483,5331.297709923664
494496,0,0,0,4947471360,4929.273766,0.010005,370,16568,510,-2056,-1232,-83,189,0.2214636535644531,9.916783276367187,0.30526071166992186,30.48294117647059,-33856.48854961832,-2280.916030534351,5193.893129770992
494497,0,0,0,4947481366,4929.283772,0.010006,372,16538,460,-2054,-1226,-82,193,0.22266075439453123,9.898826763916015,0.2753331909179687,30.488823529411768,-33691.603053435116,-2253.4351145038167,5303.81679389313
494498,0,0,0,4947491371,4929.293777,0.010005,402,16520,498,-2060,-1234,-80,195,0.24061726684570311,9.888052856445311,0.2980781066894531,30.471176470588237,-33911.45038167939,-2198.4732824427483,5358.778625954199
494499,0,0,0,4947501376,4929.303782,0.010005,372,16506,408,-2058,-1226,-78,188,0.22266075439453123,9.879673150634765,0.2442085693359375,30.47705882352941,-33691.603053435116,-2143.5114503816794,5166.412213740458
494500,0,0,0,4947511381,4929.313787,0.010005,334,16572,494,-2058,-1227,-82,185,0.19991583862304688,9.919177478027343,0.29568390502929687,30.47705882352941,-33719.08396946565,-2253.4351145038167,5083.9694656488555
494501,0,0,0,4947521386,4929.323792,0.010005,356,16560,454,-2056,-1227,-82,187,0.21308394775390624,9.911994873046874,0.27174188842773433,30.48294117647059,-33719.08396946565,-2253.4351145038167,5138.931297709924
494502,0,0,0,4947531392,4929.333798,0.010006,382,16558,480,-2058,-1232,-84,184,0.22864625854492185,9.910797772216796,0.28730419921875,30.47705882352941,-33856.48854961832,-2308.3969465648856,5056.488549618321
494503,0,0,0,4947541397,4929.343803,0.010005,350,16534,482,-2056,-1233,-80,187,0.20949264526367187,9.896432562255859,0.2885013000488281,30.48294117647059,-33883.96946564886,-2198.4732824427483,5138.931297709924
494504,0,0,0,4947551402,4929.353808,0.010005,346,16558,468,-2062,-1231,-83,186,0.20709844360351562,9.910797772216796,0.28012159423828126,30.465294117647062,-33829.00763358779,-2280.916030534351,5111.4503816793895
494505,0,0,0,4947561407,4929.363813,0.010005,404,16526,526,-2063,-1232,-81,183,0.24181436767578124,9.891644158935547,0.31483751831054685,30.462352941176473,-33856.48854961832,-2225.9541984732828,5029.007633587787
494506,0,0,0,4947571413,4929.373819,0.010006,394,16544,460,-2061,-1235,-89,185,0.23582886352539062,9.90241806640625,0.2753331909179687,30.468235294117648,-33938.931297709925,-2445.8015267175574,5083.9694656488555
494507,0,0,0,4947581418,4929.383824,0.010005,396,16526,472,-2059,-1233,-91,182,0.23702596435546874,9.891644158935547,0.2825157958984375,30.474117647058826,-33883.96946564886,-2500.7633587786263,5001.526717557253
494508,0,0,0,4947591423,4929.393829,0.010005,370,16522,416,-2053,-1229,-85,187,0.2214636535644531,9.889249957275391,0.24899697265624998,30.491764705882353,-33774.04580152672,-2335.87786259542,5138.931297709924
494509,0,0,0,4947601428,4929.403834,0.010005,366,16558,488,-2060,-1233,-79,190,0.21906945190429686,9.910797772216796,0.2920926025390625,30.471176470588237,-33883.96946564886,-2170.992366412214,5221.374045801527
494510,0,0,0,4947611433,4929.413839,0.010005,360,16516,460,-2054,-1227,-81,191,0.2154781494140625,9.885658654785155,0.2753331909179687,30.488823529411768,-33719.08396946565,-2225.9541984732828,5248.854961832061
494511,0,0,0,4947621439,4929.423845,0.010006,370,16544,516,-2062,-1229,-80,190,0.2214636535644531,9.90241806640625,0.30885201416015623,30.465294117647062,-33774.04580152672,-2198.4732824427483,5221.374045801527
494512,0,0,0,4947631444,4929.43385,0.010005,390,16576,426,-2058,-1236,-77,187,0.23343466186523437,9.9215716796875,0.2549824768066406,30.47705882352941,-33966.41221374046,-2116.030534351145,5138.931297709924
494513,0,0,0,4947641449,4929.443855,0.010005,370,16568,466,-2059,-1227,-81,185,0.2214636535644531,9.916783276367187,0.27892449340820313,30.474117647058826,-33719.08396946565,-2225.9541984732828,5083.9694656488555
494514,0,0,0,4947651454,4929.45386,0.010005,394,16528,492,-2050,-1223,-86,188,0.23582886352539062,9.892841259765625,0.29448680419921874,30.500588235294117,-33609.16030534351,-2363.3587786259545,5166.412213740458
494515,0,0,0,4947661459,4929.463865,0.010005,352,16556,436,-2060,-1222,-89,190,0.21068974609375,9.909600671386718,0.2609679809570312,30.471176470588237,-33581.67938931298,-2445.8015267175574,5221.374045801527
494516,0,0,0,4947671465,4929.473871,0.010006,358,16486,442,-2059,-1231,-85,190,0.21428104858398436,9.867702142333984,0.2645592834472656,30.474117647058826,-33829.00763358779,-2335.87786259542,5221.374045801527
494517,0,0,0,4947681470,4929.483876,0.010005,374,16536,498,-2058,-1229,-91,198,0.22385785522460935,9.897629663085937,0.2980781066894531,30.47705882352941,-33774.04580152672,-2500.7633587786263,5441.221374045802
494518,0,0,0,4947691475,4929.493881,0.010005,368,16554,424,-2060,-1224,-90,189,0.22026655273437498,9.90840357055664,0.2537853759765625,30.471176470588237,-33636.64122137405,-2473.282442748092,5193.893129770992
494519,0,0,0,4947701480,4929.503886,0.010005,382,16582,426,-2056,-1228,-85,186,0.22864625854492185,9.925162982177733,0.2549824768066406,30.48294117647059,-33746.564885496184,-2335.87786259542,5111.4503816793895
494520,0,0,0,4947711486,4929.513892,0.010006,354,16578,512,-2054,-1232,-86,182,0.21188684692382811,9.922768780517577,0.3064578125,30.488823529411768,-33856.48854961832,-2363.3587786259545,5001.526717557253
494521,0,0,0,4947721491,4929.523897,0.010005,400,16538,492,-2048,-1226,-87,186,0.239420166015625,9.898826763916015,0.29448680419921874,30.506470588235295,-33691.603053435116,-2390.8396946564885,5111.4503816793895
494522,0,0,0,4947731496,4929.533902,0.010005,412,16530,490,-2052,-1226,-86,185,0.24660277099609373,9.894038360595703,0.2932897033691406,30.494705882352942,-33691.603053435116,-2363.3587786259545,5083.9694656488555
494523,0,0,0,4947741501,4929.543907,0.010005,410,16544,416,-2054,-1227,-89,186,0.2454056701660156,9.90241806640625,0.24899697265624998,30.488823529411768,-33719.08396946565,-2445.8015267175574,5111.4503816793895
494524,0,0,0,4947751506,4929.553912,0.010005,366,16582,452,-2054,-1232,-96,182,0.21906945190429686,9.925162982177733,0.2705447875976562,30.488823529411768,-33856.48854961832,-2638.1679389312976,5001.526717557253
494525,0,0,0,4947761512,4929.563918,0.010006,352,16566,490,-2058,-1227,-88,194,0.21068974609375,9.91558617553711,0.2932897033691406,30.47705882352941,-33719.08396946565,-2418.320610687023,5331.297709923664
494526,0,0,0,4947771517,4929.573923,0.010005,372,16586,468,-2058,-1230,-85,189,0.22266075439453123,9.92755718383789,0.28012159423828126,30.47705882352941,-33801.52671755725,-2335.87786259542,5193.893129770992
494527,0,0,0,4947781522,4929.583928,0.010005,340,16554,492,-2057,-1230,-85,191,0.20350714111328125,9.90840357055664,0.29448680419921874,30.48,-33801.52671755725,-2335.87786259542,5248.854961832061
494528,0,0,0,4947791527,4929.593933,0.010005,350,16552,480,-2063,-1227,-87,186,0.20949264526367187,9.907206469726562,0.28730419921875,30.462352941176473,-33719.08396946565,-2390.8396946564885,5111.4503816793895
494529,0,0,0,4947801532,4929.603938,0.010005,396,16556,520,-2057,-1227,-90,185,0.23702596435546874,9.909600671386718,0.3112462158203125,30.48,-33719.08396946565,-2473.282442748092,5083.9694656488555
494530,0,0,0,4947811538,4929.613944,0.010006,364,16568,508,-2050,-1226,-92,184,0.21787235107421873,9.916783276367187,0.30406361083984373,30.500588235294117,-33691.603053435116,-2528.2442748091603,5056.488549618321
494531,0,0,0,4947821543,4929.623949,0.010005,362,16530,526,-2054,-1224,-92,187,0.2166752502441406,9.894038360595703,0.31483751831054685,30.488823529411768,-33636.64122137405,-2528.2442748091603,5138.931297709924
494532,0,0,0,4947831548,4929.633954,0.010005,376,16572,508,-2056,-1231,-83,186,0.22505495605468748,9.919177478027343,0.30406361083984373,30.48294117647059,-33829.00763358779,-2280.916030534351,5111.4503816793895
494533,0,0,0,4947841553,4929.643959,0.010005,388,16558,520,-2057,-1235,-80,188,0.23223756103515625,9.910797772216796,0.3112462158203125,30.48,-33938.931297709925,-2198.4732824427483,5166.412213740458
494534,0,0,0,4947851559,4929.653965,0.010006,370,16514,498,-2060,-1227,-85,188,0.2214636535644531,9.884461553955077,0.2980781066894531,30.471176470588237,-33719.08396946565,-2335.87786259542,5166.412213740458
494535,0,0,0,4947861564,4929.66397,0.010005,394,16532,454,-2059,-1225,-89,183,0.23582886352539062,9.89523546142578,0.27174188842773433,30.474117647058826,-33664.122137404585,-2445.8015267175574,5029.007633587787
494536,0,0,0,4947871569,4929.673975,0.010005,312,16548,458,-2058,-1229,-84,189,0.1867477294921875,9.904812268066406,0.2741360900878906,30.47705882352941,-33774.04580152672,-2308.3969465648856,5193.893129770992
494537,0,0,0,4947881574,4929.68398,0.010005,374,16542,474,-2058,-1233,-89,195,0.22385785522460935,9.90122096557617,0.28371289672851563,30.47705882352941,-33883.96946564886,-2445.8015267175574,5358.778625954199
494538,0,0,0,4947891579,4929.693985,0.010005,392,16528,458,-2054,-1228,-86,191,0.2346317626953125,9.892841259765625,0.2741360900878906,30.488823529411768,-33746.564885496184,-2363.3587786259545,5248.854961832061
494539,0,0,0,4947901585,4929.703991,0.010006,374,16578,438,-2058,-1228,-87,190,0.22385785522460935,9.922768780517577,0.26216508178710934,30.47705882352941,-33746.564885496184,-2390.8396946564885,5221.374045801527
494540,0,0,0,4947911590,4929.713996,0.010005,346,16548,502,-2057,-1233,-91,193,0.20709844360351562,9.904812268066406,0.30047230834960936,30.48,-33883.96946564886,-2500.7633587786263,5303.81679389313
494541,0,0,0,4947921595,4929.724001,0.010005,372,16524,442,-2057,-1228,-88,190,0.22266075439453123,9.890447058105469,0.2645592834472656,30.48,-33746.564885496184,-2418.320610687023,5221.374045801527
494542,0,0,0,4947931600,4929.734006,0.010005,394,16536,434,-2049,-1228,-91,190,0.23582886352539062,9.897629663085937,0.2597708801269531,30.503529411764706,-33746.564885496184,-2500.7633587786263,5221.374045801527
494543,0,0,0,4947941605,4929.744011,0.010005,372,16552,444,-2056,-1233,-92,181,0.22266075439453123,9.907206469726562,0.2657563842773437,30.48294117647059,-33883.96946564886,-2528.2442748091603,4974.045801526718
494544,0,0,0,4947951611,4929.754017,0.010006,380,16554,478,-2054,-1232,-81,181,0.22744915771484372,9.90840357055664,0.2861070983886719,30.488823529411768,-33856.48854961832,-2225.9541984732828,4974.045801526718
494545,0,0,0,4947961616,4929.764022,0.010005,384,16540,570,-2055,-1237,-87,180,0.229843359375,9.900023864746093,0.34117373657226563,30.48588235294118,-33993.89312977099,-2390.8396946564885,4946.564885496184
494546,0,0,0,4947971621,4929.774027,0.010005,368,16566,416,-2057,-1225,-89,186,0.22026655273437498,9.91558617553711,0.24899697265624998,30.48,-33664.122137404585,-2445.8015267175574,5111.4503816793895
494547,0,0,0,4947981626,4929.784032,0.010005,410,16546,446,-2062,-1230,-88,181,0.2454056701660156,9.903615167236328,0.26695348510742184,30.465294117647062,-33801.52671755725,-2418.320610687023,4974.045801526718
494548,0,0,0,4947991631,4929.794037,0.010005,372,16514,490,-2058,-1223,-85,189,0.22266075439453123,9.884461553955077,0.2932897033691406,30.47705882352941,-33609.16030534351,-2335.87786259542,5193.893129770992
494549,0,0,0,4948001637,4929.804043,0.010006,350,16520,464,-2060,-1234,-93,185,0.20949264526367187,9.888052856445311,0.277727392578125,30.471176470588237,-33911.45038167939,-2555.7251908396947,5083.9694656488555
494550,0,0,0,4948011642,4929.814048,0.010005,380,16552,514,-2062,-1232,-89,180,0.22744915771484372,9.907206469726562,0.3076549133300781,30.465294117647062,-33856.48854961832,-2445.8015267175574,4946.564885496184
494551,0,0,0,4948021647,4929.824053,0.010005,378,16592,502,-2056,-1228,-84,178,0.2262520568847656,9.931148486328125,0.30047230834960936,30.48294117647059,-33746.564885496184,-2308.3969465648856,4891.603053435115
494552,0,0,0,4948031652,4929.834058,0.010005,364,16566,498,-2056,-1233,-83,187,0.21787235107421873,9.91558617553711,0.2980781066894531,30.48294117647059,-33883.96946564886,-2280.916030534351,5138.931297709924
494553,0,0,0,4948041658,4929.844064,0.010006,372,16512,404,-2062,-1233,-87,183,0.22266075439453123,9.883264453125,0.24181436767578124,30.465294117647062,-33883.96946564886,-2390.8396946564885,5029.007633587787
494554,0,0,0,4948051663,4929.854069,0.010005,340,16528,450,-2054,-1233,-81,188,0.20350714111328125,9.892841259765625,0.2693476867675781,30.488823529411768,-33883.96946564886,-2225.9541984732828,5166.412213740458
494555,0,0,0,4948061668,4929.864074,0.010005,366,16582,494,-2055,-1228,-91,188,0.21906945190429686,9.925162982177733,0.29568390502929687,30.48588235294118,-33746.564885496184,-2500.7633587786263,5166.412213740458
494556,0,0,0,4948071673,4929.874079,0.010005,380,16570,494,-2058,-1228,-86,187,0.22744915771484372,9.917980377197265,0.29568390502929687,30.47705882352941,-33746.564885496184,-2363.3587786259545,5138.931297709924
494557,0,0,0,4948081678,4929.884084,0.010005,378,16572,420,-2057,-1226,-82,184,0.2262520568847656,9.919177478027343,0.25139117431640623,30.48,-33691.603053435116,-2253.4351145038167,5056.488549618321
494558,0,0,0,4948091684,4929.89409,0.010006,388,16526,458,-2052,-1230,-87,186,0.23223756103515625,9.891644158935547,0.2741360900878906,30.494705882352942,-33801.52671755725,-2390.8396946564885,5111.4503816793895
494559,0,0,0,4948101689,4929.904095,0.010005,380,16574,470,-2050,-1233,-89,191,0.22744915771484372,9.920374578857421,0.2813186950683594,30.500588235294117,-33883.96946564886,-2445.8015267175574,5248.854961832061
494560,0,0,0,4948111694,4929.9141,0.010005,422,16520,448,-2052,-1227,-87,186,0.25258827514648435,9.888052856445311,0.26815058593749996,30.494705882352942,-33719.08396946565,-2390.8396946564885,5111.4503816793895
494561,0,0,0,4948121699,4929.924105,0.010005,376,16536,494,-2060,-1226,-84,185,0.22505495605468748,9.897629663085937,0.29568390502929687,30.471176470588237,-33691.603053435116,-2308.3969465648856,5083.9694656488555
494562,0,0,0,4948131704,4929.93411,0.010005,358,16542,462,-2059,-1231,-85,186,0.21428104858398436,9.90122096557617,0.2765302917480469,30.474117647058826,-33829.00763358779,-2335.87786259542,5111.4503816793895
494563,0,0,0,4948141710,4929.944116,0.010006,376,16582,438,-2058,-1234,-89,188,0.22505495605468748,9.925162982177733,0.26216508178710934,30.47705882352941,-33911.45038167939,-2445.8015267175574,5166.412213740458
494564,0,0,0,4948151715,4929.954121,0.010005,394,16510,516,-2057,-1231,-86,180,0.23582886352539062,9.882067352294921,0.30885201416015623,30.48,-33829.00763358779,-2363.3587786259545,4946.564885496184
494565,0,0,0,4948161720,4929.964126,0.010005,388,16578,452,-2056,-1228,-85,184,0.23223756103515625,9.922768780517577,0.2705447875976562,30.48294117647059,-33746.564885496184,-2335.87786259542,5056.488549618321
494566,0,0,0,4948171725,4929.974131,0.010005,352,16518,478,-2058,-1230,-79,189,0.21068974609375,9.886855755615233,0.2861070983886719,30.47705882352941,-33801.52671755725,-2170.992366412214,5193.893129770992
494567,0,0,0,4948181731,4929.984137,0.010006,374,16558,444,-2053,-1233,-82,182,0.22385785522460935,9.910797772216796,0.2657563842773437,30.491764705882353,-33883.96946564886,-2253.4351145038167,5001.526717557253
494568,0,0,0,4948191736,4929.994142,0.010005,350,16552,442,-2055,-1231,-90,183,0.20949264526367187,9.907206469726562,0.2645592834472656,30.48588235294118,-33829.00763358779,-2473.282442748092,5029.007633587787
494569,0,0,0,4948201741,4930.004147,0.010005,334,16544,462,-2059,-1232,-86,182,0.19991583862304688,9.90241806640625,0.2765302917480469,30.474117647058826,-33856.48854961832,-2363.3587786259545,5001.526717557253
494570,0,0,0,4948211746,4930.014152,0.010005,366,16510,502,-2057,-1226,-84,184,0.21906945190429686,9.882067352294921,0.30047230834960936,30.48,-33691.603053435116,-2308.3969465648856,5056.488549618321
494571,0,0,0,4948221751,4930.024157,0.010005,368,16556,504,-2058,-1229,-84,183,0.22026655273437498,9.909600671386718,0.3016694091796875,30.47705882352941,-33774.04580152672,-2308.3969465648856,5029.007633587787
494572,0,0,0,4948231757,4930.034163,0.010006,372,16498,464,-2056,-1228,-82,189,0.22266075439453123,9.874884747314452,0.277727392578125,30.48294117647059,-33746.564885496184,-2253.4351145038167,5193.893129770992
494573,0,0,0,4948241762,4930.044168,0.010005,348,16516,444,-2058,-1228,-84,182,0.20829554443359374,9.885658654785155,0.2657563842773437,30.47705882352941,-33746.564885496184,-2308.3969465648856,5001.526717557253
494574,0,0,0,4948251767,4930.054173,0.010005,316,16544,458,-2056,-1227,-86,183,0.18914193115234373,9.90241806640625,0.2741360900878906,30.48294117647059,-33719.08396946565,-2363.3587786259545,5029.007633587787
494575,0,0,0,4948261772,4930.064178,0.010005,382,16564,510,-2060,-1224,-90,181,0.22864625854492185,9.91438907470703,0.30526071166992186,30.471176470588237,-33636.64122137405,-2473.282442748092,4974.045801526718
494576,0,0,0,4948271777,4930.074183,0.010005,392,16544,466,-2057,-1233,-84,181,0.2346317626953125,9.90241806640625,0.27892449340820313,30.48,-33883.96946564886,-2308.3969465648856,4974.045801526718
494577,0,0,0,4948281783,4930.084189,0.010006,382,16566,460,-2059,-1232,-87,185,0.22864625854492185,9.91558617553711,0.2753331909179687,30.474117647058826,-33856.48854961832,-2390.8396946564885,5083.9694656488555
494578,0,0,0,4948291788,4930.094194,0.010005,400,16500,576,-2058,-1231,-86,189,0.239420166015625,9.87608184814453,0.3447650390625,30.47705882352941,-33829.00763358779,-2363.3587786259545,5193.893129770992
494579,0,0,0,4948301793,4930.104199,0.010005,374,16534,548,-2057,-1231,-89,181,0.22385785522460935,9.896432562255859,0.3280056274414062,30.48,-33829.00763358779,-2445.8015267175574,4974.045801526718
494580,0,0,0,4948311798,4930.114204,0.010005,346,16544,512,-2055,-1235,-86,189,0.20709844360351562,9.90241806640625,0.3064578125,30.48588235294118,-33938.931297709925,-2363.3587786259545,5193.893129770992
494581,0,0,0,4948321804,4930.12421,0.010006,394,16572,486,-2054,-1233,-87,183,0.23582886352539062,9.919177478027343,0.29089550170898437,30.488823529411768,-33883.96946564886,-2390.8396946564885,5029.007633587787
494582,0,0,0,4948331809,4930.134215,0.010005,376,16548,494,-2053,-1231,-88,181,0.22505495605468748,9.904812268066406,0.29568390502929687,30.491764705882353,-33829.00763358779,-2418.320610687023,4974.045801526718
494583,0,0,0,4948341814,4930.14422,0.010005,362,16614,470,-2060,-1231,-90,184,0.2166752502441406,9.944316595458984,0.2813186950683594,30.471176470588237,-33829.00763358779,-2473.282442748092,5056.488549618321
494584,0,0,0,4948351819,4930.154225,0.010005,404,16552,464,-2056,-1227,-85,192,0.24181436767578124,9.907206469726562,0.277727392578125,30.48294117647059,-33719.08396946565,-2335.87786259542,5276.335877862595
494585,0,0,0,4948361824,4930.16423,0.010005,410,16544,456,-2054,-1230,-83,182,0.2454056701660156,9.90241806640625,0.27293898925781246,30.488823529411768,-33801.52671755725,-2280.916030534351,5001.526717557253
494586,0,0,0,4948371830,4930.174236,0.010006,404,16540,474,-2053,-1230,-93,191,0.24181436767578124,9.900023864746093,0.28371289672851563,30.491764705882353,-33801.52671755725,-2555.7251908396947,5248.854961832061
494587,0,0,0,4948381835,4930.184241,0.010005,396,16562,422,-2054,-1229,-91,191,0.23702596435546874,9.913191973876952,0.25258827514648435,30.488823529411768,-33774.04580152672,-2500.7633587786263,5248.854961832061
494588,0,0,0,4948391840,4930.194246,0.010005,404,16556,538,-2060,-1234,-85,185,0.24181436767578124,9.909600671386718,0.3220201232910156,30.471176470588237,-33911.45038167939,-2335.87786259542,5083.9694656488555
494589,0,0,0,4948401845,4930.204251,0.010005,390,16552,458,-2062,-1227,-87,184,0.23343466186523437,9.907206469726562,0.2741360900878906,30.465294117647062,-33719.08396946565,-2390.8396946564885,5056.488549618321
494590,0,0,0,4948411850,4930.214256,0.010005,376,16538,528,-2060,-1232,-89,179,0.22505495605468748,9.898826763916015,0.316034619140625,30.471176470588237,-33856.48854961832,-2445.8015267175574,4919.083969465649
494591,0,0,0,4948421856,4930.224262,0.010006,372,16532,466,-2054,-1230,-91,191,0.22266075439453123,9.89523546142578,0.27892449340820313,30.488823529411768,-33801.52671755725,-2500.7633587786263,5248.854961832061
494592,0,0,0,4948431861,4930.234267,0.010005,378,16540,446,-2056,-1233,-86,194,0.2262520568847656,9.900023864746093,0.26695348510742184,30.48294117647059,-33883.96946564886,-2363.3587786259545,5331.297709923664
494593,0,0,0,4948441866,4930.244272,0.010005,352,16544,442,-2060,-1232,-86,190,0.21068974609375,9.90241806640625,0.2645592834472656,30.471176470588237,-33856.48854961832,-2363.3587786259545,5221.374045801527
494594,0,0,0,4948451871,4930.254277,0.010005,380,16570,442,-2064,-1228,-78,185,0.22744915771484372,9.917980377197265,0.2645592834472656,30.459411764705884,-33746.564885496184,-2143.5114503816794,5083.9694656488555
494595,0,0,0,4948461877,4930.264283,0.010006,380,16550,468,-2062,-1230,-80,191,0.22744915771484372,9.906009368896484,0.28012159423828126,30.465294117647062,-33801.52671755725,-2198.4732824427483,5248.854961832061
494596,0,0,0,4948471882,4930.274288,0.010005,372,16552,524,-2056,-1233,-82,183,0.22266075439453123,9.907206469726562,0.3136404174804687,30.48294117647059,-33883.96946564886,-2253.4351145038167,5029.007633587787
494597,0,0,0,4948481887,4930.284293,0.010005,364,16540,358,-2053,-1238,-82,189,0.21787235107421873,9.900023864746093,0.21428104858398436,30.491764705882353,-34021.37404580153,-2253.4351145038167,5193.893129770992
494598,0,0,0,4948491892,4930.294298,0.010005,380,16502,482,-2053,-1238,-85,194,0.22744915771484372,9.87727894897461,0.2885013000488281,30.491764705882353,-34021.37404580153,-2335.87786259542,5331.297709923664
494599,0,0,0,4948501897,4930.304303,0.010005,362,16596,516,-2056,-1232,-88,180,0.2166752502441406,9.93354268798828,0.30885201416015623,30.48294117647059,-33856.48854961832,-2418.320610687023,4946.564885496184
494600,0,0,0,4948511903,4930.314309,0.010006,364,16576,484,-2059,-1230,-80,179,0.21787235107421873,9.9215716796875,0.28969840087890625,30.474117647058826,-33801.52671755725,-2198.4732824427483,4919.083969465649
494601,0,0,0,4948521908,4930.324314,0.010005,354,16588,480,-2056,-1228,-80,180,0.21188684692382811,9.928754284667969,0.28730419921875,30.48294117647059,-33746.564885496184,-2198.4732824427483,4946.564885496184
494602,0,0,0,4948531913,4930.334319,0.010005,366,16556,478,-2059,-1228,-82,191,0.21906945190429686,9.909600671386718,0.2861070983886719,30.474117647058826,-33746.564885496184,-2253.4351145038167,5248.854961832061
494603,0,0,0,4948541918,4930.344324,0.010005,388,16530,454,-2059,-1224,-89,185,0.23223756103515625,9.894038360595703,0.27174188842773433,30.474117647058826,-33636.64122137405,-2445.8015267175574,5083.9694656488555
494604,0,0,0,4948551923,4930.354329,0.010005,388,16584,508,-2058,-1233,-89,187,0.23223756103515625,9.926360083007811,0.30406361083984373,30.47705882352941,-33883.96946564886,-2445.8015267175574,5138.931297709924
494605,0,0,0,4948561929,4930.364335,0.010006,378,16552,510,-2062,-1224,-85,185,0.2262520568847656,9.907206469726562,0.30526071166992186,30.465294117647062,-33636.64122137405,-2335.87786259542,5083.9694656488555
494606,0,0,0,4948571934,4930.37434,0.010005,366,16530,458,-2055,-1228,-74,180,0.21906945190429686,9.894038360595703,0.2741360900878906,30.48588235294118,-33746.564885496184,-2033.587786259542,4946.564885496184
494607,0,0,0,4948581939,4930.384345,0.010005,400,16568,480,-2063,-1229,-84,189,0.239420166015625,9.916783276367187,0.28730419921875,30.462352941176473,-33774.04580152672,-2308.3969465648856,5193.893129770992
494608,0,0,0,4948591944,4930.39435,0.010005,374,16544,542,-2060,-1229,-84,187,0.22385785522460935,9.90241806640625,0.32441432495117184,30.471176470588237,-33774.04580152672,-2308.3969465648856,5138.931297709924
494609,0,0,0,4948601949,4930.404355,0.010005,374,16540,452,-2058,-1233,-74,187,0.22385785522460935,9.900023864746093,0.2705447875976562,30.47705882352941,-33883.96946564886,-2033.587786259542,5138.931297709924
494610,0,0,0,4948611955,4930.414361,0.010006,396,16566,490,-2056,-1234,-80,186,0.23702596435546874,9.91558617553711,0.2932897033691406,30.48294117647059,-33911.45038167939,-2198.4732824427483,5111.4503816793895
494611,0,0,0,4948621960,4930.424366,0.010005,382,16558,458,-2057,-1230,-89,181,0.22864625854492185,9.910797772216796,0.2741360900878906,30.48,-33801.52671755725,-2445.8015267175574,4974.045801526718
494612,0,0,0,4948631965,4930.434371,0.010005,358,16584,550,-2055,-1227,-93,184,0.21428104858398436,9.926360083007811,0.32920272827148434,30.48588235294118,-33719.08396946565,-2555.7251908396947,5056.488549618321
494613,0,0,0,4948641970,4930.444376,0.010005,346,16538,462,-2053,-1229,-86,183,0.20709844360351562,9.898826763916015,0.2765302917480469,30.491764705882353,-33774.04580152672,-2363.3587786259545,5029.007633587787
494614,0,0,0,4948651976,4930.454382,0.010006,386,16600,494,-2055,-1229,-88,183,0.23104046020507812,9.935936889648437,0.29568390502929687,30.48588235294118,-33774.04580152672,-2418.320610687023,5029.007633587787
494615,0,0,0,4948661981,4930.464387,0.010005,390,16512,462,-2055,-1228,-87,186,0.23343466186523437,9.883264453125,0.2765302917480469,30.48588235294118,-33746.564885496184,-2390.8396946564885,5111.4503816793895
494616,0,0,0,4948671986,4930.474392,0.010005,334,16580,516,-2061,-1232,-81,181,0.19991583862304688,9.923965881347655,0.30885201416015623,30.468235294117648,-33856.48854961832,-2225.9541984732828,4974.045801526718
494617,0,0,0,4948681991,4930.484397,0.010005,338,16572,504,-2056,-1224,-90,188,0.20231004028320312,9.919177478027343,0.3016694091796875,30.48294117647059,-33636.64122137405,-2473.282442748092,5166.412213740458
494618,0,0,0,4948691996,4930.494402,0.010005,346,16550,446,-2057,-1227,-87,188,0.20709844360351562,9.906009368896484,0.26695348510742184,30.48,-33719.08396946565,-2390.8396946564885,5166.412213740458
494619,0,0,0,4948702002,4930.504408,0.010006,356,16544,488,-2058,-1234,-85,186,0.21308394775390624,9.90241806640625,0.2920926025390625,30.47705882352941,-33911.45038167939,-2335.87786259542,5111.4503816793895
494620,0,0,0,4948712007,4930.514413,0.010005,388,16532,512,-2058,-1226,-82,188,0.23223756103515625,9.89523546142578,0.3064578125,30.47705882352941,-33691.603053435116,-2253.4351145038167,5166.412213740458
494621,0,0,0,4948722012,4930.524418,0.010005,348,16534,458,-2061,-1229,-88,182,0.20829554443359374,9.896432562255859,0.2741360900878906,30.468235294117648,-33774.04580152672,-2418.320610687023,5001.526717557253
494622,0,0,0,4948732017,4930.534423,0.010005,344,16574,506,-2049,-1232,-83,183,0.2059013427734375,9.920374578857421,0.3028665100097656,30.503529411764706,-33856.48854961832,-2280.916030534351,5029.007633587787
494623,0,0,0,4948742022,4930.544428,0.010005,354,16556,496,-2052,-1229,-94,184,0.21188684692382811,9.909600671386718,0.296881005859375,30.494705882352942,-33774.04580152672,-2583.206106870229,5056.488549618321
494624,0,0,0,4948752028,4930.554434,0.010006,318,16520,430,-2054,-1230,-83,191,0.19033903198242186,9.888052856445311,0.25737667846679685,30.488823529411768,-33801.52671755725,-2280.916030534351,5248.854961832061
494625,0,0,0,4948762033,4930.564439,0.010005,350,16562,472,-2061,-1230,-83,185,0.20949264526367187,9.913191973876952,0.2825157958984375,30.468235294117648,-33801.52671755725,-2280.916030534351,5083.9694656488555
494626,0,0,0,4948772038,4930.574444,0.010005,378,16560,490,-2056,-1230,-85,188,0.2262520568847656,9.911994873046874,0.2932897033691406,30.48294117647059,-33801.52671755725,-2335.87786259542,5166.412213740458
494627,0,0,0,4948782043,4930.584449,0.010005,356,16574,428,-2056,-1230,-84,193,0.21308394775390624,9.920374578857421,0.2561795776367187,30.48294117647059,-33801.52671755725,-2308.3969465648856,5303.81679389313
494628,0,0,0,4948792049,4930.594455,0.010006,376,16546,436,-2057,-1225,-87,185,0.22505495605468748,9.903615167236328,0.2609679809570312,30.48,-33664.122137404585,-2390.8396946564885,5083.9694656488555
494629,0,0,0,4948802054,4930.60446,0.010005,352,16576,462,-2055,-1225,-93,183,0.21068974609375,9.9215716796875,0.2765302917480469,30.48588235294118,-33664.122137404585,-2555.7251908396947,5029.007633587787
494630,0,0,0,4948812059,4930.614465,0.010005,390,16552,394,-2056,-1233,-86,189,0.23343466186523437,9.907206469726562,0.23582886352539062,30.48294117647059,-33883.96946564886,-2363.3587786259545,5193.893129770992
494631,0,0,0,4948822064,4930.62447,0.010005,372,16520,476,-2060,-1236,-85,190,0.22266075439453123,9.888052856445311,0.28490999755859375,30.471176470588237,-33966.41221374046,-2335.87786259542,5221.374045801527
494632,0,0,0,4948832069,4930.634475,0.010005,368,16530,554,-2061,-1226,-87,190,0.22026655273437498,9.894038360595703,0.3315969299316406,30.468235294117648,-33691.603053435116,-2390.8396946564885,5221.374045801527
494633,0,0,0,4948842075,4930.644481,0.010006,386,16488,444,-2059,-1227,-79,183,0.23104046020507812,9.868899243164062,0.2657563842773437,30.474117647058826,-33719.08396946565,-2170.992366412214,5029.007633587787
494634,0,0,0,4948852080,4930.654486,0.010005,348,16508,558,-2057,-1230,-80,183,0.20829554443359374,9.880870251464843,0.33399113159179683,30.48,-33801.52671755725,-2198.4732824427483,5029.007633587787
494635,0,0,0,4948862085,4930.664491,0.010005,392,16548,482,-2055,-1228,-83,183,0.2346317626953125,9.904812268066406,0.2885013000488281,30.48588235294118,-33746.564885496184,-2280.916030534351,5029.007633587787
494636,0,0,0,4948872090,4930.674496,0.010005,406,16540,478,-2058,-1228,-91,184,0.24301146850585936,9.900023864746093,0.2861070983886719,30.47705882352941,-33746.564885496184,-2500.7633587786263,5056.488549618321
494637,0,0,0,4948882095,4930.684501,0.010005,402,16562,476,-2055,-1233,-89,186,0.24061726684570311,9.913191973876952,0.28490999755859375,30.48588235294118,-33883.96946564886,-2445.8015267175574,5111.4503816793895
494638,0,0,0,4948892101,4930.694507,0.010006,374,16546,526,-2048,-1231,-87,183,0.22385785522460935,9.903615167236328,0.31483751831054685,30.506470588235295,-33829.00763358779,-2390.8396946564885,5029.007633587787
494639,0,0,0,4948902106,4930.704512,0.010005,344,16528,468,-2056,-1225,-88,184,0.2059013427734375,9.892841259765625,0.28012159423828126,30.48294117647059,-33664.122137404585,-2418.320610687023,5056.488549618321
494640,0,0,0,4948912111,4930.714517,0.010005,344,16510,412,-2051,-1231,-83,186,0.2059013427734375,9.882067352294921,0.24660277099609373,30.49764705882353,-33829.00763358779,-2280.916030534351,5111.4503816793895
494641,0,0,0,4948922116,4930.724522,0.010005,416,16572,440,-2057,-1232,-88,186,0.24899697265624998,9.919177478027343,0.26336218261718747,30.48,-33856.48854961832,-2418.320610687023,5111.4503816793895
494642,0,0,0,4948932122,4930.734528,0.010006,406,16576,480,-2064,-1228,-91,185,0.24301146850585936,9.9215716796875,0.28730419921875,30.459411764705884,-33746.564885496184,-2500.7633587786263,5083.9694656488555
494643,0,0,0,4948942127,4930.744533,0.010005,362,16530,490,-2062,-1234,-93,181,0.2166752502441406,9.894038360595703,0.2932897033691406,30.465294117647062,-33911.45038167939,-2555.7251908396947,4974.045801526718
494644,0,0,0,4948952132,4930.754538,0.010005,364,16536,470,-2058,-1231,-85,187,0.21787235107421873,9.897629663085937,0.2813186950683594,30.47705882352941,-33829.00763358779,-2335.87786259542,5138.931297709924
494645,0,0,0,4948962137,4930.764543,0.010005,334,16542,520,-2056,-1237,-90,180,0.19991583862304688,9.90122096557617,0.3112462158203125,30.48294117647059,-33993.89312977099,-2473.282442748092,4946.564885496184
494646,0,0,0,4948972142,4930.774548,0.010005,424,16544,466,-2061,-1234,-94,176,0.2537853759765625,9.90241806640625,0.27892449340820313,30.468235294117648,-33911.45038167939,-2583.206106870229,4836.641221374046
494647,0,0,0,4948982148,4930.784554,0.010006,368,16566,408,-2059,-1227,-83,180,0.22026655273437498,9.91558617553711,0.2442085693359375,30.474117647058826,-33719.08396946565,-2280.916030534351,4946.564885496184
494648,0,0,0,4948992153,4930.794559,0.010005,368,16576,480,-2060,-1231,-88,184,0.22026655273437498,9.9215716796875,0.28730419921875,30.471176470588237,-33829.00763358779,-2418.320610687023,5056.488549618321
494649,0,0,0,4949002158,4930.804564,0.010005,352,16530,492,-2060,-1230,-89,180,0.21068974609375,9.894038360595703,0.29448680419921874,30.471176470588237,-33801.52671755725,-2445.8015267175574,4946.564885496184
494650,0,0,0,4949012163,4930.814569,0.010005,360,16550,426,-2059,-1232,-93,182,0.2154781494140625,9.906009368896484,0.2549824768066406,30.474117647058826,-33856.48854961832,-2555.7251908396947,5001.526717557253
494651,0,0,0,4949022168,4930.824574,0.010005,378,16564,452,-2057,-1231,-93,189,0.2262520568847656,9.91438907470703,0.2705447875976562,30.48,-33829.00763358779,-2555.7251908396947,5193.893129770992
494652,0,0,0,4949032174,4930.83458,0.010006,368,16576,500,-2060,-1233,-84,193,0.22026655273437498,9.9215716796875,0.29927520751953124,30.471176470588237,-33883.96946564886,-2308.3969465648856,5303.81679389313
494653,0,0,0,4949042179,4930.844585,0.010005,382,16530,488,-2057,-1223,-88,189,0.22864625854492185,9.894038360595703,0.2920926025390625,30.48,-33609.16030534351,-2418.320610687023,5193.893129770992
494654,0,0,0,4949052184,4930.85459,0.010005,394,16500,468,-2062,-1226,-87,185,0.23582886352539062,9.87608184814453,0.28012159423828126,30.465294117647062,-33691.603053435116,-2390.8396946564885,5083.9694656488555
494655,0,0,0,4949062189,4930.864595,0.010005,420,16526,550,-2063,-1231,-90,182,0.25139117431640623,9.891644158935547,0.32920272827148434,30.462352941176473,-33829.00763358779,-2473.282442748092,5001.526717557253
494656,0,0,0,4949072195,4930.874601,0.010006,360,16518,510,-2057,-1234,-89,186,0.2154781494140625,9.886855755615233,0.30526071166992186,30.48,-33911.45038167939,-2445.8015267175574,5111.4503816793895
494657,0,0,0,4949082200,4930.884606,0.010005,334,16536,418,-2057,-1235,-88,194,0.19991583862304688,9.897629663085937,0.2501940734863281,30.48,-33938.931297709925,-2418.320610687023,5331.297709923664
494658,0,0,0,4949092205,4930.894611,0.010005,394,16538,482,-2052,-1232,-83,191,0.23582886352539062,9.898826763916015,0.2885013000488281,30.494705882352942,-33856.48854961832,-2280.916030534351,5248.854961832061
494659,0,0,0,4949102210,4930.904616,0.010005,368,16494,436,-2054,-1236,-85,186,0.22026655273437498,9.872490545654296,0.2609679809570312,30.488823529411768,-33966.41221374046,-2335.87786259542,5111.4503816793895
494660,0,0,0,4949112215,4930.914621,0.010005,410,16536,526,-2052,-1236,-91,190,0.2454056701660156,9.897629663085937,0.31483751831054685,30.494705882352942,-33966.41221374046,-2500.7633587786263,5221.374045801527
494661,0,0,0,4949122221,4930.924627,0.010006,396,16588,528,-2052,-1230,-90,189,0.23702596435546874,9.928754284667969,0.316034619140625,30.494705882352942,-33801.52671755725,-2473.282442748092,5193.893129770992
494662,0,0,0,4949132226,4930.934632,0.010005,392,16526,470,-2051,-1233,-85,185,0.2346317626953125,9.891644158935547,0.2813186950683594,30.49764705882353,-33883.96946564886,-2335.87786259542,5083.9694656488555
494663,0,0,0,4949142231,4930.944637,0.010005,358,16560,510,-2059,-1232,-83,182,0.21428104858398436,9.911994873046874,0.30526071166992186,30.474117647058826,-33856.48854961832,-2280.916030534351,5001.526717557253
494664,0,0,0,4949152236,4930.954642,0.010005,366,16540,436,-2053,-1233,-84,184,0.21906945190429686,9.900023864746093,0.2609679809570312,30.491764705882353,-33883.96946564886,-2308.3969465648856,5056.488549618321
494665,0,0,0,4949162241,4930.964647,0.010005,348,16580,478,-2052,-1233,-88,193,0.20829554443359374,9.923965881347655,0.2861070983886719,30.494705882352942,-33883.96946564886,-2418.320610687023,5303.81679389313
494666,0,0,0,4949172247,4930.974653,0.010006,344,16546,514,-2053,-1231,-87,193,0.2059013427734375,9.903615167236328,0.3076549133300781,30.491764705882353,-33829.00763358779,-2390.8396946564885,5303.81679389313
494667,0,0,0,4949182252,4930.984658,0.010005,366,16550,446,-2056,-1233,-91,189,0.21906945190429686,9.906009368896484,0.26695348510742184,30.48294117647059,-33883.96946564886,-2500.7633587786263,5193.893129770992
494668,0,0,0,4949192257,4930.994663,0.010005,336,16574,450,-2056,-1231,-87,188,0.201112939453125,9.920374578857421,0.2693476867675781,30.48294117647059,-33829.00763358779,-2390.8396946564885,5166.412213740458
494669,0,0,0,4949202262,4931.004668,0.010005,404,16538,476,-2051,-1229,-85,188,0.24181436767578124,9.898826763916015,0.28490999755859375,30.49764705882353,-33774.04580152672,-2335.87786259542,5166.412213740458
494670,0,0,0,4949212268,4931.014674,0.010006,368,16532,528,-2054,-1230,-81,192,0.22026655273437498,9.89523546142578,0.316034619140625,30.488823529411768,-33801.52671755725,-2225.9541984732828,5276.335877862595
494671,0,0,0,4949222273,4931.024679,0.010005,384,16540,516,-2056,-1227,-86,186,0.229843359375,9.900023864746093,0.30885201416015623,30.48294117647059,-33719.08396946565,-2363.3587786259545,5111.4503816793895
494672,0,0,0,4949232278,4931.034684,0.010005,332,16544,420,-2054,-1229,-91,182,0.19871873779296872,9.90241806640625,0.25139117431640623,30.488823529411768,-33774.04580152672,-2500.7633587786263,5001.526717557253
494673,0,0,0,4949242283,4931.044689,0.010005,386,16572,410,-2049,-1223,-86,192,0.23104046020507812,9.919177478027343,0.2454056701660156,30.503529411764706,-33609.16030534351,-2363.3587786259545,5276.335877862595
494674,0,0,0,4949252288,4931.054694,0.010005,344,16536,448,-2054,-1230,-81,187,0.2059013427734375,9.897629663085937,0.26815058593749996,30.488823529411768,-33801.52671755725,-2225.9541984732828,5138.931297709924
494675,0,0,0,4949262294,4931.0647,0.010006,436,16536,488,-2063,-1228,-89,187,0.2609679809570312,9.897629663085937,0.2920926025390625,30.462352941176473,-33746.564885496184,-2445.8015267175574,5138.931297709924
494676,0,0,0,4949272299,4931.074705,0.010005,352,16516,524,-2056,-1231,-91,181,0.21068974609375,9.885658654785155,0.3136404174804687,30.48294117647059,-33829.00763358779,-2500.7633587786263,4974.045801526718
494677,0,0,0,4949282304,4931.08471,0.010005,362,16566,440,-2054,-1225,-80,181,0.2166752502441406,9.91558617553711,0.26336218261718747,30.488823529411768,-33664.122137404585,-2198.4732824427483,4974.045801526718
494678,0,0,0,4949292309,4931.094715,0.010005,348,16548,426,-2056,-1228,-84,185,0.20829554443359374,9.904812268066406,0.2549824768066406,30.48294117647059,-33746.564885496184,-2308.3969465648856,5083.9694656488555
494679,0,0,0,4949302314,4931.10472,0.010005,348,16530,446,-2059,-1232,-86,183,0.20829554443359374,9.894038360595703,0.26695348510742184,30.474117647058826,-33856.48854961832,-2363.3587786259545,5029.007633587787
494680,0,0,0,4949312320,4931.114726,0.010006,354,16538,458,-2056,-1233,-87,185,0.21188684692382811,9.898826763916015,0.2741360900878906,30.48294117647059,-33883.96946564886,-2390.8396946564885,5083.9694656488555
494681,0,0,0,4949322325,4931.124731,0.010005,362,16548,484,-2058,-1233,-86,182,0.2166752502441406,9.904812268066406,0.28969840087890625,30.47705882352941,-33883.96946564886,-2363.3587786259545,5001.526717557253
494682,0,0,0,4949332330,4931.134736,0.010005,374,16578,456,-2056,-1231,-87,186,0.22385785522460935,9.922768780517577,0.27293898925781246,30.48294117647059,-33829.00763358779,-2390.8396946564885,5111.4503816793895
494683,0,0,0,4949342335,4931.144741,0.010005,388,16568,522,-2058,-1235,-90,189,0.23223756103515625,9.916783276367187,0.3124433166503906,30.47705882352941,-33938.931297709925,-2473.282442748092,5193.893129770992
494684,0,0,0,4949352340,4931.154746,0.010005,332,16506,476,-2058,-1233,-78,184,0.19871873779296872,9.879673150634765,0.28490999755859375,30.47705882352941,-33883.96946564886,-2143.5114503816794,5056.488549618321
494685,0,0,0,4949362346,4931.164752,0.010006,390,16574,456,-2056,-1228,-83,189,0.23343466186523437,9.920374578857421,0.27293898925781246,30.48294117647059,-33746.564885496184,-2280.916030534351,5193.893129770992
494686,0,0,0,4949372351,4931.174757,0.010005,418,16544,442,-2055,-1222,-91,191,0.2501940734863281,9.90241806640625,0.2645592834472656,30.48588235294118,-33581.67938931298,-2500.7633587786263,5248.854961832061
494687,0,0,0,4949382356,4931.184762,0.010005,382,16522,474,-2047,-1235,-85,188,0.22864625854492185,9.889249957275391,0.28371289672851563,30.509411764705884,-33938.931297709925,-2335.87786259542,5166.412213740458
494688,0,0,0,4949392361,4931.194767,0.010005,332,16534,464,-2053,-1229,-82,182,0.19871873779296872,9.896432562255859,0.277727392578125,30.491764705882353,-33774.04580152672,-2253.4351145038167,5001.526717557253
494689,0,0,0,4949402367,4931.204773,0.010006,364,16566,406,-2057,-1236,-87,178,0.21787235107421873,9.91558617553711,0.24301146850585936,30.48,-33966.41221374046,-2390.8396946564885,4891.603053435115
494690,0,0,0,4949412372,4931.214778,0.010005,354,16564,440,-2061,-1233,-81,186,0.21188684692382811,9.91438907470703,0.26336218261718747,30.468235294117648,-33883.96946564886,-2225.9541984732828,5111.4503816793895
494691,0,0,0,4949422377,4931.224783,0.010005,372,16526,466,-2058,-1230,-77,186,0.22266075439453123,9.891644158935547,0.27892449340820313,30.47705882352941,-33801.52671755725,-2116.030534351145,5111.4503816793895
494692,0,0,0,4949432382,4931.234788,0.010005,380,16542,456,-2058,-1227,-85,181,0.22744915771484372,9.90122096557617,0.27293898925781246,30.47705882352941,-33719.08396946565,-2335.87786259542,4974.045801526718
494693,0,0,0,4949442387,4931.244793,0.010005,316,16572,498,-2058,-1233,-86,178,0.18914193115234373,9.919177478027343,0.2980781066894531,30.47705882352941,-33883.96946564886,-2363.3587786259545,4891.603053435115
494694,0,0,0,4949452393,4931.254799,0.010006,396,16542,484,-2054,-1239,-83,181,0.23702596435546874,9.90122096557617,0.28969840087890625,30.488823529411768,-34048.85496183206,-2280.916030534351,4974.045801526718
494695,0,0,0,4949462398,4931.264804,0.010005,358,16584,466,-2053,-1234,-91,174,0.21428104858398436,9.926360083007811,0.27892449340820313,30.491764705882353,-33911.45038167939,-2500.7633587786263,4781.679389312977
494696,0,0,0,4949472403,4931.274809,0.010005,334,16550,444,-2057,-1228,-84,174,0.19991583862304688,9.906009368896484,0.2657563842773437,30.48,-33746.564885496184,-2308.3969465648856,4781.679389312977
494697,0,0,0,4949482408,4931.284814,0.010005,366,16520,444,-2056,-1225,-77,188,0.21906945190429686,9.888052856445311,0.2657563842773437,30.48294117647059,-33664.122137404585,-2116.030534351145,5166.412213740458
494698,0,0,0,4949492413,4931.294819,0.010005,356,16532,512,-2055,-1229,-83,177,0.21308394775390624,9.89523546142578,0.3064578125,30.48588235294118,-33774.04580152672,-2280.916030534351,4864.122137404581
494699,0,0,0,4949502419,4931.304825,0.010006,382,16542,444,-2050,-1225,-89,181,0.22864625854492185,9.90122096557617,0.2657563842773437,30.500588235294117,-33664.122137404585,-2445.8015267175574,4974.045801526718
494700,0,0,0,4949512424,4931.31483,0.010005,354,16538,454,-2056,-1235,-88,188,0.21188684692382811,9.898826763916015,0.27174188842773433,30.48294117647059,-33938.931297709925,-2418.320610687023,5166.412213740458
494701,0,0,0,4949522429,4931.324835,0.010005,394,16552,464,-2057,-1230,-84,188,0.23582886352539062,9.907206469726562,0.277727392578125,30.48,-33801.52671755725,-2308.3969465648856,5166.412213740458
494702,0,0,0,4949532434,4931.33484,0.010005,386,16494,462,-2054,-1229,-91,188,0.23104046020507812,9.872490545654296,0.2765302917480469,30.488823529411768,-33774.04580152672,-2500.7633587786263,5166.412213740458
494703,0,0,0,4949542440,4931.344846,0.010006,346,16544,392,-2056,-1228,-85,178,0.20709844360351562,9.90241806640625,0.2346317626953125,30.48294117647059,-33746.564885496184,-2335.87786259542,4891.603053435115
494704,0,0,0,4949552445,4931.354851,0.010005,346,16550,462,-2057,-1226,-84,179,0.20709844360351562,9.906009368896484,0.2765302917480469,30.48,-33691.603053435116,-2308.3969465648856,4919.083969465649
494705,0,0,0,4949562450,4931.364856,0.010005,412,16584,452,-2056,-1226,-75,186,0.24660277099609373,9.926360083007811,0.2705447875976562,30.48294117647059,-33691.603053435116,-2061.0687022900765,5111.4503816793895
494706,0,0,0,4949572455,4931.374861,0.010005,376,16520,468,-2052,-1233,-78,182,0.22505495605468748,9.888052856445311,0.28012159423828126,30.494705882352942,-33883.96946564886,-2143.5114503816794,5001.526717557253
494707,0,0,0,4949582460,4931.384866,0.010005,376,16540,436,-2052,-1236,-84,182,0.22505495605468748,9.900023864746093,0.2609679809570312,30.494705882352942,-33966.41221374046,-2308.3969465648856,5001.526717557253
494708,0,0,0,4949592466,4931.394872,0.010006,380,16518,440,-2057,-1231,-88,182,0.22744915771484372,9.886855755615233,0.26336218261718747,30.48,-33829.00763358779,-2418.320610687023,5001.526717557253
494709,0,0,0,4949602471,4931.404877,0.010005,342,16552,410,-2055,-1234,-89,181,0.20470424194335937,9.907206469726562,0.2454056701660156,30.48588235294118,-33911.45038167939,-2445.8015267175574,4974.045801526718
494710,0,0,0,4949612476,4931.414882,0.010005,372,16524,484,-2060,-1234,-88,189,0.22266075439453123,9.890447058105469,0.28969840087890625,30.471176470588237,-33911.45038167939,-2418.320610687023,5193.893129770992
494711,0,0,0,4949622481,4931.424887,0.010005,322,16540,458,-2057,-1237,-87,190,0.1927332336425781,9.900023864746093,0.2741360900878906,30.48,-33993.89312977099,-2390.8396946564885,5221.374045801527
494712,0,0,0,4949632486,4931.434892,0.010005,364,16574,462,-2049,-1235,-89,182,0.21787235107421873,9.920374578857421,0.2765302917480469,30.503529411764706,-33938.931297709925,-2445.8015267175574,5001.526717557253
494713,0,0,0,4949642492,4931.444898,0.010006,374,16550,424,-2053,-1227,-90,187,0.22385785522460935,9.906009368896484,0.2537853759765625,30.491764705882353,-33719.08396946565,-2473.282442748092,5138.931297709924
494714,0,0,0,4949652497,4931.454903,0.010005,366,16526,442,-2056,-1230,-91,192,0.21906945190429686,9.891644158935547,0.2645592834472656,30.48294117647059,-33801.52671755725,-2500.7633587786263,5276.335877862595
494715,0,0,0,4949662502,4931.464908,0.010005,384,16530,418,-2052,-1232,-85,189,0.229843359375,9.894038360595703,0.2501940734863281,30.494705882352942,-33856.48854961832,-2335.87786259542,5193.893129770992
494716,0,0,0,4949672507,4931.474913,0.010005,368,16522,522,-2054,-1231,-81,181,0.22026655273437498,9.889249957275391,0.3124433166503906,30.488823529411768,-33829.00763358779,-2225.9541984732828,4974.045801526718
494717,0,0,0,4949682513,4931.484919,0.010006,368,16554,480,-2057,-1228,-85,196,0.22026655273437498,9.90840357055664,0.28730419921875,30.48,-33746.564885496184,-2335.87786259542,5386.259541984733
494718,0,0,0,4949692518,4931.494924,0.010005,372,16542,496,-2052,-1229,-92,186,0.22266075439453123,9.90122096557617,0.296881005859375,30.494705882352942,-33774.04580152672,-2528.2442748091603,5111.4503816793895
494719,0,0,0,4949702523,4931.504929,0.010005,378,16596,468,-2053,-1227,-86,191,0.2262520568847656,9.93354268798828,0.28012159423828126,30.491764705882353,-33719.08396946565,-2363.3587786259545,5248.854961832061
494720,0,0,0,4949712528,4931.514934,0.010005,368,16570,518,-2055,-1231,-79,182,0.22026655273437498,9.917980377197265,0.31004911499023435,30.48588235294118,-33829.00763358779,-2170.992366412214,5001.526717557253
494721,0,0,0,4949722533,4931.524939,0.010005,384,16562,464,-2056,-1227,-86,193,0.229843359375,9.913191973876952,0.277727392578125,30.48294117647059,-33719.08396946565,-2363.3587786259545,5303.81679389313
494722,0,0,0,4949732539,4931.534945,0.010006,382,16544,482,-2055,-1230,-85,183,0.22864625854492185,9.90241806640625,0.2885013000488281,30.48588235294118,-33801.52671755725,-2335.87786259542,5029.007633587787
494723,0,0,0,4949742544,4931.54495,0.010005,400,16588,456,-2056,-1232,-86,184,0.239420166015625,9.928754284667969,0.27293898925781246,30.48294117647059,-33856.48854961832,-2363.3587786259545,5056.488549618321
494724,0,0,0,4949752549,4931.554955,0.010005,340,16568,454,-2057,-1235,-78,190,0.20350714111328125,9.916783276367187,0.27174188842773433,30.48,-33938.931297709925,-2143.5114503816794,5221.374045801527
494725,0,0,0,4949762554,4931.56496,0.010005,338,16524,508,-2062,-1234,-88,190,0.20231004028320312,9.890447058105469,0.30406361083984373,30.465294117647062,-33911.45038167939,-2418.320610687023,5221.374045801527
494726,0,0,0,4949772559,4931.574965,0.010005,362,16508,520,-2059,-1231,-82,184,0.2166752502441406,9.880870251464843,0.3112462158203125,30.474117647058826,-33829.00763358779,-2253.4351145038167,5056.488549618321
494727,0,0,0,4949782565,4931.584971,0.010006,350,16596,476,-2055,-1231,-89,183,0.20949264526367187,9.93354268798828,0.28490999755859375,30.48588235294118,-33829.00763358779,-2445.8015267175574,5029.007633587787
494728,0,0,0,4949792570,4931.594976,0.010005,394,16540,410,-2059,-1232,-93,190,0.23582886352539062,9.900023864746093,0.2454056701660156,30.474117647058826,-33856.48854961832,-2555.7251908396947,5221.374045801527
494729,0,0,0,4949802575,4931.604981,0.010005,386,16528,450,-2062,-1226,-86,190,0.23104046020507812,9.892841259765625,0.2693476867675781,30.465294117647062,-33691.603053435116,-2363.3587786259545,5221.374045801527
494730,0,0,0,4949812580,4931.614986,0.010005,386,16532,474,-2062,-1229,-86,187,0.23104046020507812,9.89523546142578,0.28371289672851563,30.465294117647062,-33774.04580152672,-2363.3587786259545,5138.931297709924
494731,0,0,0,4949822586,4931.624992,0.010006,346,16538,498,-2053,-1232,-81,191,0.20709844360351562,9.898826763916015,0.2980781066894531,30.491764705882353,-33856.48854961832,-2225.9541984732828,5248.854961832061
494732,0,0,0,4949832591,4931.634997,0.010005,356,16544,492,-2055,-1234,-87,187,0.21308394775390624,9.90241806640625,0.29448680419921874,30.48588235294118,-33911.45038167939,-2390.8396946564885,5138.931297709924
494733,0,0,0,4949842596,4931.645002,0.010005,326,16560,470,-2060,-1230,-80,183,0.19512743530273435,9.911994873046874,0.2813186950683594,30.471176470588237,-33801.52671755725,-2198.4732824427483,5029.007633587787
494734,0,0,0,4949852601,4931.655007,0.010005,384,16520,482,-2061,-1232,-88,189,0.229843359375,9.888052856445311,0.2885013000488281,30.468235294117648,-33856.48854961832,-2418.320610687023,5193.893129770992
494735,0,0,0,4949862606,4931.665012,0.010005,370,16562,470,-2051,-1233,-86,187,0.2214636535644531,9.913191973876952,0.2813186950683594,30.49764705882353,-33883.96946564886,-2363.3587786259545,5138.931297709924
494736,0,0,0,4949872612,4931.675018,0.010006,384,16588,458,-2052,-1234,-86,182,0.229843359375,9.928754284667969,0.2741360900878906,30.494705882352942,-33911.45038167939,-2363.3587786259545,5001.526717557253
494737,0,0,0,4949882617,4931.685023,0.010005,362,16534,458,-2055,-1229,-84,188,0.2166752502441406,9.896432562255859,0.2741360900878906,30.48588235294118,-33774.04580152672,-2308.3969465648856,5166.412213740458
494738,0,0,0,4949892622,4931.695028,0.010005,366,16526,458,-2057,-1226,-86,189,0.21906945190429686,9.891644158935547,0.2741360900878906,30.48,-33691.603053435116,-2363.3587786259545,5193.893129770992
494739,0,0,0,4949902627,4931.705033,0.010005,338,16504,448,-2058,-1232,-88,184,0.20231004028320312,9.878476049804688,0.26815058593749996,30.47705882352941,-33856.48854961832,-2418.320610687023,5056.488549618321
494740,0,0,0,4949912632,4931.715038,0.010005,338,16588,472,-2057,-1227,-85,178,0.20231004028320312,9.928754284667969,0.2825157958984375,30.48,-33719.08396946565,-2335.87786259542,4891.603053435115
494741,0,0,0,4949922638,4931.725044,0.010006,358,16542,502,-2059,-1230,-84,182,0.21428104858398436,9.90122096557617,0.30047230834960936,30.474117647058826,-33801.52671755725,-2308.3969465648856,5001.526717557253
494742,0,0,0,4949932643,4931.735049,0.010005,328,16552,454,-2063,-1233,-86,189,0.19632453613281248,9.907206469726562,0.27174188842773433,30.462352941176473,-33883.96946564886,-2363.3587786259545,5193.893129770992
494743,0,0,0,4949942648,4931.745054,0.010005,406,16542,486,-2058,-1230,-84,185,0.24301146850585936,9.90122096557617,0.29089550170898437,30.47705882352941,-33801.52671755725,-2308.3969465648856,5083.9694656488555
494744,0,0,0,4949952653,4931.755059,0.010005,370,16556,468,-2058,-1233,-87,187,0.2214636535644531,9.909600671386718,0.28012159423828126,30.47705882352941,-33883.96946564886,-2390.8396946564885,5138.931297709924
494745,0,0,0,4949962659,4931.765065,0.010006,346,16560,466,-2059,-1233,-93,177,0.20709844360351562,9.911994873046874,0.27892449340820313,30.474117647058826,-33883.96946564886,-2555.7251908396947,4864.122137404581
494746,0,0,0,4949972664,4931.77507,0.010005,382,16570,468,-2059,-1228,-85,185,0.22864625854492185,9.917980377197265,0.28012159423828126,30.474117647058826,-33746.564885496184,-2335.87786259542,5083.9694656488555
494747,0,0,0,4949982669,4931.785075,0.010005,296,16530,458,-2058,-1232,-86,183,0.1771709228515625,9.894038360595703,0.2741360900878906,30.47705882352941,-33856.48854961832,-2363.3587786259545,5029.007633587787
494748,0,0,0,4949992674,4931.79508,0.010005,384,16576,416,-2051,-1236,-85,186,0.229843359375,9.9215716796875,0.24899697265624998,30.49764705882353,-33966.41221374046,-2335.87786259542,5111.4503816793895
494749,0,0,0,4950002679,4931.805085,0.010005,364,16524,444,-2052,-1234,-81,182,0.21787235107421873,9.890447058105469,0.2657563842773437,30.494705882352942,-33911.45038167939,-2225.9541984732828,5001.526717557253
494750,0,0,0,4950012685,4931.815091,0.010006,352,16534,464,-2059,-1229,-86,191,0.21068974609375,9.896432562255859,0.277727392578125,30.474117647058826,-33774.04580152672,-2363.3587786259545,5248.854961832061
494751,0,0,0,4950022690,4931.825096,0.010005,350,16532,522,-2054,-1226,-85,183,0.20949264526367187,9.89523546142578,0.3124433166503906,30.488823529411768,-33691.603053435116,-2335.87786259542,5029.007633587787
494752,0,0,0,4950032695,4931.835101,0.010005,362,16580,522,-2058,-1228,-83,186,0.2166752502441406,9.923965881347655,0.3124433166503906,30.47705882352941,-33746.564885496184,-2280.916030534351,5111.4503816793895
494753,0,0,0,4950042700,4931.845106,0.010005,362,16512,414,-2058,-1232,-91,181,0.2166752502441406,9.883264453125,0.24779987182617186,30.47705882352941,-33856.48854961832,-2500.7633587786263,4974.045801526718
494754,0,0,0,4950052705,4931.855111,0.010005,370,16556,466,-2057,-1233,-92,179,0.2214636535644531,9.909600671386718,0.27892449340820313,30.48,-33883.96946564886,-2528.2442748091603,4919.083969465649
494755,0,0,0,4950062711,4931.865117,0.010006,368,16556,492,-2055,-1235,-93,176,0.22026655273437498,9.909600671386718,0.29448680419921874,30.48588235294118,-33938.931297709925,-2555.7251908396947,4836.641221374046
494756,0,0,0,4950072716,4931.875122,0.010005,358,16566,496,-2056,-1231,-84,184,0.21428104858398436,9.91558617553711,0.296881005859375,30.48294117647059,-33829.00763358779,-2308.3969465648856,5056.488549618321
494757,0,0,0,4950082721,4931.885127,0.010005,398,16516,442,-2056,-1225,-77,189,0.23822306518554687,9.885658654785155,0.2645592834472656,30.48294117647059,-33664.122137404585,-2116.030534351145,5193.893129770992
494758,0,0,0,4950092726,4931.895132,0.010005,370,16528,448,-2054,-1231,-84,192,0.2214636535644531,9.892841259765625,0.26815058593749996,30.488823529411768,-33829.00763358779,-2308.3969465648856,5276.335877862595
494759,0,0,0,4950102732,4931.905138,0.010006,346,16592,488,-2061,-1234,-83,193,0.20709844360351562,9.931148486328125,0.2920926025390625,30.468235294117648,-33911.45038167939,-2280.916030534351,5303.81679389313
494760,0,0,0,4950112737,4931.915143,0.010005,366,16556,498,-2055,-1230,-82,182,0.21906945190429686,9.909600671386718,0.2980781066894531,30.48588235294118,-33801.52671755725,-2253.4351145038167,5001.526717557253
494761,0,0,0,4950122742,4931.925148,0.010005,370,16544,482,-2058,-1230,-93,181,0.2214636535644531,9.90241806640625,0.2885013000488281,30.47705882352941,-33801.52671755725,-2555.7251908396947,4974.045801526718
494762,0,0,0,4950132747,4931.935153,0.010005,396,16508,470,-2053,-1231,-90,186,0.23702596435546874,9.880870251464843,0.2813186950683594,30.491764705882353,-33829.00763358779,-2473.282442748092,5111.4503816793895
494763,0,0,0,4950142752,4931.945158,0.010005,374,16548,488,-2054,-1237,-87,188,0.22385785522460935,9.904812268066406,0.2920926025390625,30.488823529411768,-33993.89312977099,-2390.8396946564885,5166.412213740458
494764,0,0,0,4950152758,4931.955164,0.010006,372,16566,416,-2051,-1234,-86,187,0.22266075439453123,9.91558617553711,0.24899697265624998,30.49764705882353,-33911.45038167939,-2363.3587786259545,5138.931297709924
494765,0,0,0,4950162763,4931.965169,0.010005,378,16516,460,-2048,-1231,-91,193,0.2262520568847656,9.885658654785155,0.2753331909179687,30.506470588235295,-33829.00763358779,-2500.7633587786263,5303.81679389313
494766,0,0,0,4950172768,4931.975174,0.010005,368,16534,436,-2054,-1229,-81,184,0.22026655273437498,9.896432562255859,0.2609679809570312,30.488823529411768,-33774.04580152672,-2225.9541984732828,5056.488549618321
494767,0,0,0,4950182773,4931.985179,0.010005,374,16536,378,-2058,-1238,-89,189,0.22385785522460935,9.897629663085937,0.2262520568847656,30.47705882352941,-34021.37404580153,-2445.8015267175574,5193.893129770992
494768,0,0,0,4950192778,4931.995184,0.010005,412,16554,456,-2059,-1235,-87,187,0.24660277099609373,9.90840357055664,0.27293898925781246,30.474117647058826,-33938.931297709925,-2390.8396946564885,5138.931297709924
494769,0,0,0,4950202784,4932.00519,0.010006,398,16508,500,-2055,-1232,-101,185,0.23822306518554687,9.880870251464843,0.29927520751953124,30.48588235294118,-33856.48854961832,-2775.5725190839694,5083.9694656488555
494770,0,0,0,4950212789,4932.015195,0.010005,362,16558,514,-2053,-1223,-90,182,0.2166752502441406,9.910797772216796,0.3076549133300781,30.491764705882353,-33609.16030534351,-2473.282442748092,5001.526717557253
494771,0,0,0,4950222794,4932.0252,0.010005,362,16568,462,-2048,-1228,-83,185,0.2166752502441406,9.916783276367187,0.2765302917480469,30.506470588235295,-33746.564885496184,-2280.916030534351,5083.9694656488555
494772,0,0,0,4950232799,4932.035205,0.010005,350,16554,520,-2054,-1228,-82,182,0.20949264526367187,9.90840357055664,0.3112462158203125,30.488823529411768,-33746.564885496184,-2253.4351145038167,5001.526717557253
494773,0,0,0,4950242805,4932.045211,0.010006,362,16582,412,-2060,-1226,-88,191,0.2166752502441406,9.925162982177733,0.24660277099609373,30.471176470588237,-33691.603053435116,-2418.320610687023,5248.854961832061
494774,0,0,0,4950252810,4932.055216,0.010005,390,16538,452,-2055,-1234,-91,191,0.23343466186523437,9.898826763916015,0.2705447875976562,30.48588235294118,-33911.45038167939,-2500.7633587786263,5248.854961832061
494775,0,0,0,4950262815,4932.065221,0.010005,424,16506,416,-2053,-1237,-94,185,0.2537853759765625,9.879673150634765,0.24899697265624998,30.491764705882353,-33993.89312977099,-2583.206106870229,5083.9694656488555
494776,0,0,0,4950272820,4932.075226,0.010005,374,16510,462,-2053,-1230,-89,189,0.22385785522460935,9.882067352294921,0.2765302917480469,30.491764705882353,-33801.52671755725,-2445.8015267175574,5193.893129770992
494777,0,0,0,4950282825,4932.085231,0.010005,362,16562,482,-2056,-1226,-82,184,0.2166752502441406,9.913191973876952,0.2885013000488281,30.48294117647059,-33691.603053435116,-2253.4351145038167,5056.488549618321
494778,0,0,0,4950292831,4932.095237,0.010006,388,16564,512,-2057,-1232,-90,186,0.23223756103515625,9.91438907470703,0.3064578125,30.48,-33856.48854961832,-2473.282442748092,5111.4503816793895
494779,0,0,0,4950302836,4932.105242,0.010005,370,16542,460,-2050,-1228,-88,184,0.2214636535644531,9.90122096557617,0.2753331909179687,30.500588235294117,-33746.564885496184,-2418.320610687023,5056.488549618321
494780,0,0,0,4950312841,4932.115247,0.010005,368,16540,418,-2047,-1231,-85,186,0.22026655273437498,9.900023864746093,0.2501940734863281,30.509411764705884,-33829.00763358779,-2335.87786259542,5111.4503816793895
494781,0,0,0,4950322846,4932.125252,0.010005,346,16574,452,-2052,-1232,-90,185,0.20709844360351562,9.920374578857421,0.2705447875976562,30.494705882352942,-33856.48854961832,-2473.282442748092,5083.9694656488555
494782,0,0,0,4950332851,4932.135257,0.010005,360,16568,424,-2055,-1230,-87,185,0.2154781494140625,9.916783276367187,0.2537853759765625,30.48588235294118,-33801.52671755725,-2390.8396946564885,5083.9694656488555
494783,0,0,0,4950342857,4932.145263,0.010006,366,16568,466,-2050,-1232,-88,191,0.21906945190429686,9.916783276367187,0.27892449340820313,30.500588235294117,-33856.48854961832,-2418.320610687023,5248.854961832061
494784,0,0,0,4950352862,4932.155268,0.010005,398,16512,442,-2047,-1229,-85,193,0.23822306518554687,9.883264453125,0.2645592834472656,30.509411764705884,-33774.04580152672,-2335.87786259542,5303.81679389313
494785,0,0,0,4950362867,4932.165273,0.010005,416,16532,478,-2055,-1233,-80,186,0.24899697265624998,9.89523546142578,0.2861070983886719,30.48588235294118,-33883.96946564886,-2198.4732824427483,5111.4503816793895
494786,0,0,0,4950372872,4932.175278,0.010005,388,16546,472,-2058,-1231,-91,187,0.23223756103515625,9.903615167236328,0.2825157958984375,30.47705882352941,-33829.00763358779,-2500.7633587786263,5138.931297709924
494787,0,0,0,4950382878,4932.185284,0.010006,382,16532,490,-2053,-1234,-86,184,0.22864625854492185,9.89523546142578,0.2932897033691406,30.491764705882353,-33911.45038167939,-2363.3587786259545,5056.488549618321
494788,0,0,0,4950392883,4932.195289,0.010005,326,16534,444,-2053,-1228,-87,190,0.19512743530273435,9.896432562255859,0.2657563842773437,30.491764705882353,-33746.564885496184,-2390.8396946564885,5221.374045801527
494789,0,0,0,4950402888,4932.205294,0.010005,328,16568,456,-2057,-1234,-90,183,0.19632453613281248,9.916783276367187,0.27293898925781246,30.48,-33911.45038167939,-2473.282442748092,5029.007633587787
494790,0,0,0,4950412893,4932.215299,0.010005,348,16518,452,-2055,-1233,-85,186,0.20829554443359374,9.886855755615233,0.2705447875976562,30.48588235294118,-33883.96946564886,-2335.87786259542,5111.4503816793895
494791,0,0,0,4950422898,4932.225304,0.010005,410,16536,486,-2059,-1230,-84,187,0.2454056701660156,9.897629663085937,0.29089550170898437,30.474117647058826,-33801.52671755725,-2308.3969465648856,5138.931297709924
494792,0,0,0,4950432904,4932.23531,0.010006,388,16544,542,-2053,-1226,-83,192,0.23223756103515625,9.90241806640625,0.32441432495117184,30.491764705882353,-33691.603053435116,-2280.916030534351,5276.335877862595
494793,0,0,0,4950442909,4932.245315,0.010005,382,16520,468,-2050,-1229,-90,195,0.22864625854492185,9.888052856445311,0.28012159423828126,30.500588235294117,-33774.04580152672,-2473.282442748092,5358.778625954199
494794,0,0,0,4950452914,4932.25532,0.010005,356,16528,434,-2052,-1225,-85,189,0.21308394775390624,9.892841259765625,0.2597708801269531,30.494705882352942,-33664.122137404585,-2335.87786259542,5193.893129770992
494795,0,0,0,4950462919,4932.265325,0.010005,338,16534,492,-2053,-1231,-80,184,0.20231004028320312,9.896432562255859,0.29448680419921874,30.491764705882353,-33829.00763358779,-2198.4732824427483,5056.488549618321
494796,0,0,0,4950472924,4932.27533,0.010005,378,16518,432,-2053,-1232,-81,183,0.2262520568847656,9.886855755615233,0.258573779296875,30.491764705882353,-33856.48854961832,-2225.9541984732828,5029.007633587787
494797,0,0,0,4950482930,4932.285336,0.010006,368,16544,460,-2059,-1227,-82,178,0.22026655273437498,9.90241806640625,0.2753331909179687,30.474117647058826,-33719.08396946565,-2253.4351145038167,4891.603053435115
494798,0,0,0,4950492935,4932.295341,0.010005,380,16550,448,-2056,-1226,-84,180,0.22744915771484372,9.906009368896484,0.26815058593749996,30.48294117647059,-33691.603053435116,-2308.3969465648856,4946.564885496184
494799,0,0,0,4950502940,4932.305346,0.010005,366,16504,492,-2057,-1228,-88,180,0.21906945190429686,9.878476049804688,0.29448680419921874,30.48,-33746.564885496184,-2418.320610687023,4946.564885496184
494800,0,0,0,4950512945,4932.315351,0.010005,372,16518,478,-2053,-1229,-88,182,0.22266075439453123,9.886855755615233,0.2861070983886719,30.491764705882353,-33774.04580152672,-2418.320610687023,5001.526717557253
494801,0,0,0,4950522951,4932.325357,0.010006,394,16534,480,-2056,-1232,-91,178,0.23582886352539062,9.896432562255859,0.28730419921875,30.48294117647059,-33856.48854961832,-2500.7633587786263,4891.603053435115
494802,0,0,0,4950532956,4932.335362,0.010005,378,16560,438,-2057,-1231,-86,182,0.2262520568847656,9.911994873046874,0.26216508178710934,30.48,-33829.00763358779,-2363.3587786259545,5001.526717557253
494803,0,0,0,4950542961,4932.345367,0.010005,366,16516,516,-2054,-1230,-92,188,0.21906945190429686,9.885658654785155,0.30885201416015623,30.488823529411768,-33801.52671755725,-2528.2442748091603,5166.412213740458
494804,0,0,0,4950552966,4932.355372,0.010005,360,16546,514,-2051,-1232,-83,181,0.2154781494140625,9.903615167236328,0.3076549133300781,30.49764705882353,-33856.48854961832,-2280.916030534351,4974.045801526718
494805,0,0,0,4950562971,4932.365377,0.010005,400,16576,444,-2054,-1229,-91,189,0.239420166015625,9.9215716796875,0.2657563842773437,30.488823529411768,-33774.04580152672,-2500.7633587786263,5193.893129770992
494806,0,0,0,4950572977,4932.375383,0.010006,366,16518,450,-2054,-1228,-83,185,0.21906945190429686,9.886855755615233,0.2693476867675781,30.488823529411768,-33746.564885496184,-2280.916030534351,5083.9694656488555
494807,0,0,0,4950582982,4932.385388,0.010005,368,16554,504,-2056,-1231,-90,188,0.22026655273437498,9.90840357055664,0.3016694091796875,30.48294117647059,-33829.00763358779,-2473.282442748092,5166.412213740458
494808,0,0,0,4950592987,4932.395393,0.010005,404,16564,504,-2058,-1234,-81,188,0.24181436767578124,9.91438907470703,0.3016694091796875,30.47705882352941,-33911.45038167939,-2225.9541984732828,5166.412213740458
494809,0,0,0,4950602992,4932.405398,0.010005,394,16542,468,-2058,-1231,-91,184,0.23582886352539062,9.90122096557617,0.28012159423828126,30.47705882352941,-33829.00763358779,-2500.7633587786263,5056.488549618321
494810,0,0,0,4950612997,4932.415403,0.010005,370,16576,498,-2055,-1229,-97,181,0.2214636535644531,9.9215716796875,0.2980781066894531,30.48588235294118,-33774.04580152672,-2665.648854961832,4974.045801526718
494811,0,0,0,4950623003,4932.425409,0.010006,332,16530,482,-2053,-1226,-87,182,0.19871873779296872,9.894038360595703,0.2885013000488281,30.491764705882353,-33691.603053435116,-2390.8396946564885,5001.526717557253
494812,0,0,0,4950633008,4932.435414,0.010005,364,16586,480,-2052,-1228,-88,188,0.21787235107421873,9.92755718383789,0.28730419921875,30.494705882352942,-33746.564885496184,-2418.320610687023,5166.412213740458
494813,0,0,0,4950643013,4932.445419,0.010005,414,16516,478,-2058,-1231,-85,180,0.24779987182617186,9.885658654785155,0.2861070983886719,30.47705882352941,-33829.00763358779,-2335.87786259542,4946.564885496184
494814,0,0,0,4950653018,4932.455424,0.010005,402,16536,408,-2056,-1228,-86,176,0.24061726684570311,9.897629663085937,0.2442085693359375,30.48294117647059,-33746.564885496184,-2363.3587786259545,4836.641221374046
494815,0,0,0,4950663024,4932.46543,0.010006,370,16546,490,-2056,-1230,-91,176,0.2214636535644531,9.903615167236328,0.2932897033691406,30.48294117647059,-33801.52671755725,-2500.7633587786263,4836.641221374046
494816,0,0,0,4950673029,4932.475435,0.010005,380,16530,466,-2059,-1232,-82,182,0.22744915771484372,9.894038360595703,0.27892449340820313,30.474117647058826,-33856.48854961832,-2253.4351145038167,5001.526717557253
494817,0,0,0,4950683034,4932.48544,0.010005,340,16492,508,-2057,-1233,-87,186,0.20350714111328125,9.871293444824218,0.30406361083984373,30.48,-33883.96946564886,-2390.8396946564885,5111.4503816793895
494818,0,0,0,4950693039,4932.495445,0.010005,328,16516,488,-2059,-1226,-84,183,0.19632453613281248,9.885658654785155,0.2920926025390625,30.474117647058826,-33691.603053435116,-2308.3969465648856,5029.007633587787
494819,0,0,0,4950703044,4932.50545,0.010005,356,16556,484,-2059,-1229,-82,184,0.21308394775390624,9.909600671386718,0.28969840087890625,30.474117647058826,-33774.04580152672,-2253.4351145038167,5056.488549618321
494820,0,0,0,4950713050,4932.515456,0.010006,336,16536,452,-2057,-1230,-84,189,0.201112939453125,9.897629663085937,0.2705447875976562,30.48,-33801.52671755725,-2308.3969465648856,5193.893129770992
494821,0,0,0,4950723055,4932.525461,0.010005,326,16564,516,-2055,-1228,-86,197,0.19512743530273435,9.91438907470703,0.30885201416015623,30.48588235294118,-33746.564885496184,-2363.3587786259545,5413.740458015267
494822,0,0,0,4950733060,4932.535466,0.010005,370,16538,478,-2051,-1227,-92,189,0.2214636535644531,9.898826763916015,0.2861070983886719,30.49764705882353,-33719.08396946565,-2528.2442748091603,5193.893129770992
494823,0,0,0,4950743065,4932.545471,0.010005,412,16556,528,-2050,-1233,-87,179,0.24660277099609373,9.909600671386718,0.316034619140625,30.500588235294117,-33883.96946564886,-2390.8396946564885,4919.083969465649
494824,0,0,0,4950753070,4932.555476,0.010005,374,16500,486,-2046,-1236,-80,186,0.22385785522460935,9.87608184814453,0.29089550170898437,30.512352941176474,-33966.41221374046,-2198.4732824427483,5111.4503816793895
494825,0,0,0,4950763076,4932.565482,0.010006,422,16532,408,-2050,-1234,-80,188,0.25258827514648435,9.89523546142578,0.2442085693359375,30.500588235294117,-33911.45038167939,-2198.4732824427483,5166.412213740458
494826,0,0,0,4950773081,4932.575487,0.010005,386,16528,484,-2053,-1228,-80,192,0.23104046020507812,9.892841259765625,0.28969840087890625,30.491764705882353,-33746.564885496184,-2198.4732824427483,5276.335877862595
494827,0,0,0,4950783086,4932.585492,0.010005,372,16554,496,-2050,-1234,-84,189,0.22266075439453123,9.90840357055664,0.296881005859375,30.500588235294117,-33911.45038167939,-2308.3969465648856,5193.893129770992
494828,0,0,0,4950793091,4932.595497,0.010005,360,16542,472,-2056,-1233,-84,191,0.2154781494140625,9.90122096557617,0.2825157958984375,30.48294117647059,-33883.96946564886,-2308.3969465648856,5248.854961832061
494829,0,0,0,4950803097,4932.605503,0.010006,384,16534,406,-2057,-1235,-82,185,0.229843359375,9.896432562255859,0.24301146850585936,30.48,-33938.931297709925,-2253.4351145038167,5083.9694656488555
494830,0,0,0,4950813102,4932.615508,0.010005,378,16536,512,-2054,-1233,-87,190,0.2262520568847656,9.897629663085937,0.3064578125,30.488823529411768,-33883.96946564886,-2390.8396946564885,5221.374045801527
494831,0,0,0,4950823107,4932.625513,0.010005,350,16560,460,-2051,-1230,-82,183,0.20949264526367187,9.911994873046874,0.2753331909179687,30.49764705882353,-33801.52671755725,-2253.4351145038167,5029.007633587787
494832,0,0,0,4950833112,4932.635518,0.010005,380,16536,370,-2049,-1236,-88,190,0.22744915771484372,9.897629663085937,0.2214636535644531,30.503529411764706,-33966.41221374046,-2418.320610687023,5221.374045801527
494833,0,0,0,4950843117,4932.645523,0.010005,386,16552,410,-2050,-1235,-84,191,0.23104046020507812,9.907206469726562,0.2454056701660156,30.500588235294117,-33938.931297709925,-2308.3969465648856,5248.854961832061
494834,0,0,0,4950853123,4932.655529,0.010006,392,16536,460,-2052,-1232,-90,190,0.2346317626953125,9.897629663085937,0.2753331909179687,30.494705882352942,-33856.48854961832,-2473.282442748092,5221.374045801527
494835,0,0,0,4950863128,4932.665534,0.010005,326,16532,480,-2055,-1229,-85,188,0.19512743530273435,9.89523546142578,0.28730419921875,30.48588235294118,-33774.04580152672,-2335.87786259542,5166.412213740458
494836,0,0,0,4950873133,4932.675539,0.010005,354,16532,480,-2061,-1226,-83,188,0.21188684692382811,9.89523546142578,0.28730419921875,30.468235294117648,-33691.603053435116,-2280.916030534351,5166.412213740458
494837,0,0,0,4950883138,4932.685544,0.010005,352,16570,468,-2058,-1228,-90,185,0.21068974609375,9.917980377197265,0.28012159423828126,30.47705882352941,-33746.564885496184,-2473.282442748092,5083.9694656488555
494838,0,0,0,4950893143,4932.695549,0.010005,382,16558,420,-2053,-1234,-90,184,0.22864625854492185,9.910797772216796,0.25139117431640623,30.491764705882353,-33911.45038167939,-2473.282442748092,5056.488549618321
494839,0,0,0,4950903149,4932.705555,0.010006,368,16560,514,-2058,-1236,-87,180,0.22026655273437498,9.911994873046874,0.3076549133300781,30.47705882352941,-33966.41221374046,-2390.8396946564885,4946.564885496184
494840,0,0,0,4950913154,4932.71556,0.010005,350,16568,512,-2061,-1227,-87,187,0.20949264526367187,9.916783276367187,0.3064578125,30.468235294117648,-33719.08396946565,-2390.8396946564885,5138.931297709924
494841,0,0,0,4950923159,4932.725565,0.010005,410,16544,458,-2057,-1229,-92,183,0.2454056701660156,9.90241806640625,0.2741360900878906,30.48,-33774.04580152672,-2528.2442748091603,5029.007633587787
494842,0,0,0,4950933164,4932.73557,0.010005,392,16552,494,-2059,-1232,-85,179,0.2346317626953125,9.907206469726562,0.29568390502929687,30.474117647058826,-33856.48854961832,-2335.87786259542,4919.083969465649
494843,0,0,0,4950943170,4932.745576,0.010006,372,16576,440,-2059,-1232,-86,181,0.22266075439453123,9.9215716796875,0.26336218261718747,30.474117647058826,-33856.48854961832,-2363.3587786259545,4974.045801526718
494844,0,0,0,4950953175,4932.755581,0.010005,342,16530,474,-2054,-1233,-85,187,0.20470424194335937,9.894038360595703,0.28371289672851563,30.488823529411768,-33883.96946564886,-2335.87786259542,5138.931297709924
494845,0,0,0,4950963180,4932.765586,0.010005,346,16544,478,-2056,-1238,-86,181,0.20709844360351562,9.90241806640625,0.2861070983886719,30.48294117647059,-34021.37404580153,-2363.3587786259545,4974.045801526718
494846,0,0,0,4950973185,4932.775591,0.010005,330,16566,468,-2056,-1231,-83,193,0.1975216369628906,9.91558617553711,0.28012159423828126,30.48294117647059,-33829.00763358779,-2280.916030534351,5303.81679389313
494847,0,0,0,4950983190,4932.785596,0.010005,364,16554,426,-2055,-1238,-85,188,0.21787235107421873,9.90840357055664,0.2549824768066406,30.48588235294118,-34021.37404580153,-2335.87786259542,5166.412213740458
494848,0,0,0,4950993196,4932.795602,0.010006,398,16518,486,-2053,-1230,-88,185,0.23822306518554687,9.886855755615233,0.29089550170898437,30.491764705882353,-33801.52671755725,-2418.320610687023,5083.9694656488555
494849,0,0,0,4951003201,4932.805607,0.010005,394,16532,496,-2054,-1226,-88,186,0.23582886352539062,9.89523546142578,0.296881005859375,30.488823529411768,-33691.603053435116,-2418.320610687023,5111.4503816793895
494850,0,0,0,4951013206,4932.815612,0.010005,340,16582,424,-2057,-1232,-80,190,0.20350714111328125,9.925162982177733,0.2537853759765625,30.48,-33856.48854961832,-2198.4732824427483,5221.374045801527
494851,0,0,0,4951023211,4932.825617,0.010005,406,16518,472,-2056,-1228,-92,189,0.24301146850585936,9.886855755615233,0.2825157958984375,30.48294117647059,-33746.564885496184,-2528.2442748091603,5193.893129770992
494852,0,0,0,4951033216,4932.835622,0.010005,366,16562,480,-2059,-1228,-88,187,0.21906945190429686,9.913191973876952,0.28730419921875,30.474117647058826,-33746.564885496184,-2418.320610687023,5138.931297709924
494853,0,0,0,4951043222,4932.845628,0.010006,330,16560,502,-2060,-1234,-88,184,0.1975216369628906,9.911994873046874,0.30047230834960936,30.471176470588237,-33911.45038167939,-2418.320610687023,5056.488549618321
494854,0,0,0,4951053227,4932.855633,0.010005,348,16522,450,-2064,-1227,-87,186,0.20829554443359374,9.889249957275391,0.2693476867675781,30.459411764705884,-33719.08396946565,-2390.8396946564885,5111.4503816793895
494855,0,0,0,4951063232,4932.865638,0.010005,388,16566,436,-2061,-1229,-85,186,0.23223756103515625,9.91558617553711,0.2609679809570312,30.468235294117648,-33774.04580152672,-2335.87786259542,5111.4503816793895
494856,0,0,0,4951073237,4932.875643,0.010005,394,16526,494,-2059,-1231,-87,185,0.23582886352539062,9.891644158935547,0.29568390502929687,30.474117647058826,-33829.00763358779,-2390.8396946564885,5083.9694656488555
494857,0,0,0,4951083243,4932.885649,0.010006,368,16560,450,-2053,-1230,-88,193,0.22026655273437498,9.911994873046874,0.2693476867675781,30.491764705882353,-33801.52671755725,-2418.320610687023,5303.81679389313
494858,0,0,0,4951093248,4932.895654,0.010005,352,16516,442,-2057,-1235,-81,188,0.21068974609375,9.885658654785155,0.2645592834472656,30.48,-33938.931297709925,-2225.9541984732828,5166.412213740458
494859,0,0,0,4951103253,4932.905659,0.010005,352,16550,462,-2056,-1234,-85,185,0.21068974609375,9.906009368896484,0.2765302917480469,30.48294117647059,-33911.45038167939,-2335.87786259542,5083.9694656488555
494860,0,0,0,4951113258,4932.915664,0.010005,372,16534,468,-2058,-1238,-87,181,0.22266075439453123,9.896432562255859,0.28012159423828126,30.47705882352941,-34021.37404580153,-2390.8396946564885,4974.045801526718
494861,0,0,0,4951123263,4932.925669,0.010005,372,16518,468,-2056,-1234,-90,181,0.22266075439453123,9.886855755615233,0.28012159423828126,30.48294117647059,-33911.45038167939,-2473.282442748092,4974.045801526718
494862,0,0,0,4951133269,4932.935675,0.010006,338,16538,412,-2054,-1227,-86,183,0.20231004028320312,9.898826763916015,0.24660277099609373,30.488823529411768,-33719.08396946565,-2363.3587786259545,5029.007633587787
494863,0,0,0,4951143274,4932.94568,0.010005,354,16528,452,-2053,-1232,-86,178,0.21188684692382811,9.892841259765625,0.2705447875976562,30.491764705882353,-33856.48854961832,-2363.3587786259545,4891.603053435115
494864,0,0,0,4951153279,4932.955685,0.010005,382,16516,472,-2055,-1230,-86,189,0.22864625854492185,9.885658654785155,0.2825157958984375,30.48588235294118,-33801.52671755725,-2363.3587786259545,5193.893129770992
494865,0,0,0,4951163284,4932.96569,0.010005,360,16572,406,-2057,-1232,-84,183,0.2154781494140625,9.919177478027343,0.24301146850585936,30.48,-33856.48854961832,-2308.3969465648856,5029.007633587787
494866,0,0,0,4951173290,4932.975696,0.010006,414,16564,428,-2053,-1229,-86,187,0.24779987182617186,9.91438907470703,0.2561795776367187,30.491764705882353,-33774.04580152672,-2363.3587786259545,5138.931297709924
494867,0,0,0,4951183295,4932.985701,0.010005,392,16494,462,-2053,-1231,-89,190,0.2346317626953125,9.872490545654296,0.2765302917480469,30.491764705882353,-33829.00763358779,-2445.8015267175574,5221.374045801527
494868,0,0,0,4951193300,4932.995706,0.010005,352,16526,514,-2051,-1234,-85,196,0.21068974609375,9.891644158935547,0.3076549133300781,30.49764705882353,-33911.45038167939,-2335.87786259542,5386.259541984733
494869,0,0,0,4951203305,4933.005711,0.010005,374,16560,408,-2057,-1231,-82,185,0.22385785522460935,9.911994873046874,0.2442085693359375,30.48,-33829.00763358779,-2253.4351145038167,5083.9694656488555
494870,0,0,0,4951213310,4933.015716,0.010005,352,16518,462,-2058,-1231,-84,183,0.21068974609375,9.886855755615233,0.2765302917480469,30.47705882352941,-33829.00763358779,-2308.3969465648856,5029.007633587787
494871,0,0,0,4951223316,4933.025722,0.010006,344,16564,466,-2052,-1239,-83,187,0.2059013427734375,9.91438907470703,0.27892449340820313,30.494705882352942,-34048.85496183206,-2280.916030534351,5138.931297709924
494872,0,0,0,4951233321,4933.035727,0.010005,356,16542,466,-2054,-1238,-83,191,0.21308394775390624,9.90122096557617,0.27892449340820313,30.488823529411768,-34021.37404580153,-2280.916030534351,5248.854961832061
494873,0,0,0,4951243326,4933.045732,0.010005,388,16554,462,-2053,-1226,-82,185,0.23223756103515625,9.90840357055664,0.2765302917480469,30.491764705882353,-33691.603053435116,-2253.4351145038167,5083.9694656488555
494874,0,0,0,4951253331,4933.055737,0.010005,420,16548,454,-2051,-1229,-80,184,0.25139117431640623,9.904812268066406,0.27174188842773433,30.49764705882353,-33774.04580152672,-2198.4732824427483,5056.488549618321
494875,0,0,0,4951263336,4933.065742,0.010005,388,16568,464,-2051,-1235,-86,184,0.23223756103515625,9.916783276367187,0.277727392578125,30.49764705882353,-33938.931297709925,-2363.3587786259545,5056.488549618321
494876,0,0,0,4951273342,4933.075748,0.010006,376,16568,386,-2057,-1231,-82,191,0.22505495605468748,9.916783276367187,0.23104046020507812,30.48,-33829.00763358779,-2253.4351145038167,5248.854961832061
494877,0,0,0,4951283347,4933.085753,0.010005,420,16538,444,-2052,-1228,-85,184,0.25139117431640623,9.898826763916015,0.2657563842773437,30.494705882352942,-33746.564885496184,-2335.87786259542,5056.488549618321
494878,0,0,0,4951293352,4933.095758,0.010005,384,16596,442,-2052,-1234,-87,183,0.229843359375,9.93354268798828,0.2645592834472656,30.494705882352942,-33911.45038167939,-2390.8396946564885,5029.007633587787
494879,0,0,0,4951303357,4933.105763,0.010005,402,16576,562,-2054,-1232,-90,190,0.24061726684570311,9.9215716796875,0.3363853332519531,30.488823529411768,-33856.48854961832,-2473.282442748092,5221.374045801527
494880,0,0,0,4951313363,4933.115769,0.010006,396,16552,460,-2058,-1233,-87,186,0.23702596435546874,9.907206469726562,0.2753331909179687,30.47705882352941,-33883.96946564886,-2390.8396946564885,5111.4503816793895
494881,0,0,0,4951323368,4933.125774,0.010005,356,16512,466,-2058,-1234,-86,181,0.21308394775390624,9.883264453125,0.27892449340820313,30.47705882352941,-33911.45038167939,-2363.3587786259545,4974.045801526718
494882,0,0,0,4951333373,4933.135779,0.010005,328,16548,488,-2058,-1231,-82,182,0.19632453613281248,9.904812268066406,0.2920926025390625,30.47705882352941,-33829.00763358779,-2253.4351145038167,5001.526717557253
494883,0,0,0,4951343378,4933.145784,0.010005,370,16538,442,-2059,-1222,-81,187,0.2214636535644531,9.898826763916015,0.2645592834472656,30.474117647058826,-33581.67938931298,-2225.9541984732828,5138.931297709924
494884,0,0,0,4951353383,4933.155789,0.010005,340,16520,428,-2059,-1234,-81,182,0.20350714111328125,9.888052856445311,0.2561795776367187,30.474117647058826,-33911.45038167939,-2225.9541984732828,5001.526717557253
494885,0,0,0,4951363389,4933.165795,0.010006,350,16550,476,-2056,-1232,-86,182,0.20949264526367187,9.906009368896484,0.28490999755859375,30.48294117647059,-33856.48854961832,-2363.3587786259545,5001.526717557253
494886,0,0,0,4951373394,4933.1758,0.010005,328,16550,458,-2053,-1232,-89,188,0.19632453613281248,9.906009368896484,0.2741360900878906,30.491764705882353,-33856.48854961832,-2445.8015267175574,5166.412213740458
494887,0,0,0,4951383399,4933.185805,0.010005,398,16568,484,-2048,-1229,-85,188,0.23822306518554687,9.916783276367187,0.28969840087890625,30.506470588235295,-33774.04580152672,-2335.87786259542,5166.412213740458
494888,0,0,0,4951393404,4933.19581,0.010005,352,16552,416,-2055,-1227,-82,187,0.21068974609375,9.907206469726562,0.24899697265624998,30.48588235294118,-33719.08396946565,-2253.4351145038167,5138.931297709924
494889,0,0,0,4951403409,4933.205815,0.010005,408,16586,512,-2056,-1233,-86,190,0.2442085693359375,9.92755718383789,0.3064578125,30.48294117647059,-33883.96946564886,-2363.3587786259545,5221.374045801527
494890,0,0,0,4951413415,4933.215821,0.010006,366,16566,492,-2057,-1237,-88,187,0.21906945190429686,9.91558617553711,0.29448680419921874,30.48,-33993.89312977099,-2418.320610687023,5138.931297709924
494891,0,0,0,4951423420,4933.225826,0.010005,348,16526,446,-2055,-1239,-90,187,0.20829554443359374,9.891644158935547,0.26695348510742184,30.48588235294118,-34048.85496183206,-2473.282442748092,5138.931297709924
494892,0,0,0,4951433425,4933.235831,0.010005,404,16510,420,-2058,-1228,-92,179,0.24181436767578124,9.882067352294921,0.25139117431640623,30.47705882352941,-33746.564885496184,-2528.2442748091603,4919.083969465649
494893,0,0,0,4951443430,4933.245836,0.010005,316,16580,480,-2059,-1229,-86,196,0.18914193115234373,9.923965881347655,0.28730419921875,30.474117647058826,-33774.04580152672,-2363.3587786259545,5386.259541984733
494894,0,0,0,4951453436,4933.255842,0.010006,346,16558,532,-2051,-1237,-81,199,0.20709844360351562,9.910797772216796,0.3184288208007812,30.49764705882353,-33993.89312977099,-2225.9541984732828,5468.702290076336
494895,0,0,0,4951463441,4933.265847,0.010005,400,16534,506,-2052,-1230,-86,191,0.239420166015625,9.896432562255859,0.3028665100097656,30.494705882352942,-33801.52671755725,-2363.3587786259545,5248.854961832061
494896,0,0,0,4951473446,4933.275852,0.010005,350,16544,482,-2054,-1225,-89,184,0.20949264526367187,9.90241806640625,0.2885013000488281,30.488823529411768,-33664.122137404585,-2445.8015267175574,5056.488549618321
494897,0,0,0,4951483451,4933.285857,0.010005,370,16536,446,-2061,-1224,-86,190,0.2214636535644531,9.897629663085937,0.26695348510742184,30.468235294117648,-33636.64122137405,-2363.3587786259545,5221.374045801527
494898,0,0,0,4951493456,4933.295862,0.010005,398,16558,486,-2062,-1227,-83,179,0.23822306518554687,9.910797772216796,0.29089550170898437,30.465294117647062,-33719.08396946565,-2280.916030534351,4919.083969465649
494899,0,0,0,4951503462,4933.305868,0.010006,354,16556,464,-2056,-1230,-80,175,0.21188684692382811,9.909600671386718,0.277727392578125,30.48294117647059,-33801.52671755725,-2198.4732824427483,4809.160305343512
494900,0,0,0,4951513467,4933.315873,0.010005,372,16520,490,-2055,-1232,-85,178,0.22266075439453123,9.888052856445311,0.2932897033691406,30.48588235294118,-33856.48854961832,-2335.87786259542,4891.603053435115
494901,0,0,0,4951523472,4933.325878,0.010005,364,16568,506,-2060,-1226,-91,178,0.21787235107421873,9.916783276367187,0.3028665100097656,30.471176470588237,-33691.603053435116,-2500.7633587786263,4891.603053435115
494902,0,0,0,4951533477,4933.335883,0.010005,336,16522,424,-2057,-1229,-93,186,0.201112939453125,9.889249957275391,0.2537853759765625,30.48,-33774.04580152672,-2555.7251908396947,5111.4503816793895
494903,0,0,0,4951543482,4933.345888,0.010005,334,16524,404,-2055,-1229,-93,182,0.19991583862304688,9.890447058105469,0.24181436767578124,30.48588235294118,-33774.04580152672,-2555.7251908396947,5001.526717557253
494904,0,0,0,4951553488,4933.355894,0.010006,384,16538,436,-2059,-1233,-86,190,0.229843359375,9.898826763916015,0.2609679809570312,30.474117647058826,-33883.96946564886,-2363.3587786259545,5221.374045801527
494905,0,0,0,4951563493,4933.365899,0.010005,388,16564,494,-2056,-1234,-88,191,0.23223756103515625,9.91438907470703,0.29568390502929687,30.48294117647059,-33911.45038167939,-2418.320610687023,5248.854961832061
494906,0,0,0,4951573498,4933.375904,0.010005,416,16526,500,-2061,-1235,-87,190,0.24899697265624998,9.891644158935547,0.29927520751953124,30.468235294117648,-33938.931297709925,-2390.8396946564885,5221.374045801527
494907,0,0,0,4951583503,4933.385909,0.010005,368,16574,472,-2056,-1233,-87,190,0.22026655273437498,9.920374578857421,0.2825157958984375,30.48294117647059,-33883.96946564886,-2390.8396946564885,5221.374045801527
494908,0,0,0,4951593509,4933.395915,0.010006,392,16558,432,-2056,-1233,-84,182,0.2346317626953125,9.910797772216796,0.258573779296875,30.48294117647059,-33883.96946564886,-2308.3969465648856,5001.526717557253
494909,0,0,0,4951603514,4933.40592,0.010005,376,16546,504,-2055,-1234,-84,179,0.22505495605468748,9.903615167236328,0.3016694091796875,30.48588235294118,-33911.45038167939,-2308.3969465648856,4919.083969465649
494910,0,0,0,4951613519,4933.415925,0.010005,370,16554,456,-2050,-1228,-86,193,0.2214636535644531,9.90840357055664,0.27293898925781246,30.500588235294117,-33746.564885496184,-2363.3587786259545,5303.81679389313
494911,0,0,0,4951623524,4933.42593,0.010005,364,16588,488,-2048,-1229,-87,189,0.21787235107421873,9.928754284667969,0.2920926025390625,30.506470588235295,-33774.04580152672,-2390.8396946564885,5193.893129770992
494912,0,0,0,4951633529,4933.435935,0.010005,416,16536,388,-2058,-1226,-86,185,0.24899697265624998,9.897629663085937,0.23223756103515625,30.47705882352941,-33691.603053435116,-2363.3587786259545,5083.9694656488555
494913,0,0,0,4951643535,4933.445941,0.010006,376,16554,478,-2053,-1224,-79,189,0.22505495605468748,9.90840357055664,0.2861070983886719,30.491764705882353,-33636.64122137405,-2170.992366412214,5193.893129770992
494914,0,0,0,4951653540,4933.455946,0.010005,380,16548,470,-2051,-1231,-80,195,0.22744915771484372,9.904812268066406,0.2813186950683594,30.49764705882353,-33829.00763358779,-2198.4732824427483,5358.778625954199
494915,0,0,0,4951663545,4933.465951,0.010005,374,16542,470,-2055,-1235,-82,187,0.22385785522460935,9.90122096557617,0.2813186950683594,30.48588235294118,-33938.931297709925,-2253.4351145038167,5138.931297709924
494916,0,0,0,4951673550,4933.475956,0.010005,384,16522,434,-2051,-1229,-90,188,0.229843359375,9.889249957275391,0.2597708801269531,30.49764705882353,-33774.04580152672,-2473.282442748092,5166.412213740458
494917,0,0,0,4951683555,4933.485961,0.010005,334,16534,472,-2053,-1230,-82,179,0.19991583862304688,9.896432562255859,0.2825157958984375,30.491764705882353,-33801.52671755725,-2253.4351145038167,4919.083969465649
494918,0,0,0,4951693561,4933.495967,0.010006,378,16518,498,-2051,-1226,-82,187,0.2262520568847656,9.886855755615233,0.2980781066894531,30.49764705882353,-33691.603053435116,-2253.4351145038167,5138.931297709924
494919,0,0,0,4951703566,4933.505972,0.010005,386,16534,460,-2050,-1228,-86,188,0.23104046020507812,9.896432562255859,0.2753331909179687,30.500588235294117,-33746.564885496184,-2363.3587786259545,5166.412213740458
494920,0,0,0,4951713571,4933.515977,0.010005,362,16578,458,-2062,-1225,-85,185,0.2166752502441406,9.922768780517577,0.2741360900878906,30.465294117647062,-33664.122137404585,-2335.87786259542,5083.9694656488555
494921,0,0,0,4951723576,4933.525982,0.010005,332,16534,478,-2061,-1232,-89,184,0.19871873779296872,9.896432562255859,0.2861070983886719,30.468235294117648,-33856.48854961832,-2445.8015267175574,5056.488549618321
494922,0,0,0,4951733582,4933.535988,0.010006,354,16564,510,-2060,-1229,-84,183,0.21188684692382811,9.91438907470703,0.30526071166992186,30.471176470588237,-33774.04580152672,-2308.3969465648856,5029.007633587787
494923,0,0,0,4951743587,4933.545993,0.010005,392,16490,498,-2052,-1234,-88,182,0.2346317626953125,9.87009634399414,0.2980781066894531,30.494705882352942,-33911.45038167939,-2418.320610687023,5001.526717557253
494924,0,0,0,4951753592,4933.555998,0.010005,364,16542,458,-2048,-1235,-87,185,0.21787235107421873,9.90122096557617,0.2741360900878906,30.506470588235295,-33938.931297709925,-2390.8396946564885,5083.9694656488555
494925,0,0,0,4951763597,4933.566003,0.010005,390,16566,490,-2056,-1233,-86,187,0.23343466186523437,9.91558617553711,0.2932897033691406,30.48294117647059,-33883.96946564886,-2363.3587786259545,5138.931297709924
494926,0,0,0,4951773602,4933.576008,0.010005,346,16550,508,-2057,-1230,-82,180,0.20709844360351562,9.906009368896484,0.30406361083984373,30.48,-33801.52671755725,-2253.4351145038167,4946.564885496184
494927,0,0,0,4951783608,4933.586014,0.010006,368,16518,452,-2050,-1227,-82,186,0.22026655273437498,9.886855755615233,0.2705447875976562,30.500588235294117,-33719.08396946565,-2253.4351145038167,5111.4503816793895
494928,0,0,0,4951793613,4933.596019,0.010005,424,16516,500,-2051,-1224,-89,190,0.2537853759765625,9.885658654785155,0.29927520751953124,30.49764705882353,-33636.64122137405,-2445.8015267175574,5221.374045801527
494929,0,0,0,4951803618,4933.606024,0.010005,354,16544,460,-2053,-1236,-88,179,0.21188684692382811,9.90241806640625,0.2753331909179687,30.491764705882353,-33966.41221374046,-2418.320610687023,4919.083969465649
494930,0,0,0,4951813623,4933.616029,0.010005,346,16556,468,-2055,-1231,-86,188,0.20709844360351562,9.909600671386718,0.28012159423828126,30.48588235294118,-33829.00763358779,-2363.3587786259545,5166.412213740458
494931,0,0,0,4951823628,4933.626034,0.010005,358,16560,508,-2052,-1235,-85,190,0.21428104858398436,9.911994873046874,0.30406361083984373,30.494705882352942,-33938.931297709925,-2335.87786259542,5221.374045801527
494932,0,0,0,4951833634,4933.63604,0.010006,380,16588,478,-2053,-1229,-84,183,0.22744915771484372,9.928754284667969,0.2861070983886719,30.491764705882353,-33774.04580152672,-2308.3969465648856,5029.007633587787
494933,0,0,0,4951843639,4933.646045,0.010005,408,16500,472,-2057,-1228,-82,182,0.2442085693359375,9.87608184814453,0.2825157958984375,30.48,-33746.564885496184,-2253.4351145038167,5001.526717557253
494934,0,0,0,4951853644,4933.65605,0.010005,360,16544,428,-2054,-1231,-86,190,0.2154781494140625,9.90241806640625,0.2561795776367187,30.488823529411768,-33829.00763358779,-2363.3587786259545,5221.374045801527
494935,0,0,0,4951863649,4933.666055,0.010005,342,16590,470,-2054,-1231,-88,193,0.20470424194335937,9.929951385498047,0.2813186950683594,30.488823529411768,-33829.00763358779,-2418.320610687023,5303.81679389313
494936,0,0,0,4951873655,4933.676061,0.010006,346,16538,466,-2055,-1227,-84,191,0.20709844360351562,9.898826763916015,0.27892449340820313,30.48588235294118,-33719.08396946565,-2308.3969465648856,5248.854961832061
494937,0,0,0,4951883660,4933.686066,0.010005,368,16506,458,-2056,-1230,-90,195,0.22026655273437498,9.879673150634765,0.2741360900878906,30.48294117647059,-33801.52671755725,-2473.282442748092,5358.778625954199
494938,0,0,0,4951893665,4933.696071,0.010005,392,16534,454,-2050,-1235,-89,188,0.2346317626953125,9.896432562255859,0.27174188842773433,30.500588235294117,-33938.931297709925,-2445.8015267175574,5166.412213740458
494939,0,0,0,4951903670,4933.706076,0.010005,400,16552,480,-2052,-1229,-86,183,0.239420166015625,9.907206469726562,0.28730419921875,30.494705882352942,-33774.04580152672,-2363.3587786259545,5029.007633587787
494940,0,0,0,4951913675,4933.716081,0.010005,360,16552,446,-2055,-1228,-83,189,0.2154781494140625,9.907206469726562,0.26695348510742184,30.48588235294118,-33746.564885496184,-2280.916030534351,5193.893129770992
494941,0,0,0,4951923681,4933.726087,0.010006,386,16540,396,-2053,-1236,-85,190,0.23104046020507812,9.900023864746093,0.23702596435546874,30.491764705882353,-33966.41221374046,-2335.87786259542,5221.374045801527
494942,0,0,0,4951933686,4933.736092,0.010005,378,16530,504,-2049,-1231,-81,183,0.2262520568847656,9.894038360595703,0.3016694091796875,30.503529411764706,-33829.00763358779,-2225.9541984732828,5029.007633587787
494943,0,0,0,4951943691,4933.746097,0.010005,368,16524,472,-2055,-1235,-78,186,0.22026655273437498,9.890447058105469,0.2825157958984375,30.48588235294118,-33938.931297709925,-2143.5114503816794,5111.4503816793895
494944,0,0,0,4951953696,4933.756102,0.010005,396,16508,420,-2058,-1232,-81,185,0.23702596435546874,9.880870251464843,0.25139117431640623,30.47705882352941,-33856.48854961832,-2225.9541984732828,5083.9694656488555
494945,0,0,0,4951963701,4933.766107,0.010005,362,16562,444,-2052,-1228,-87,187,0.2166752502441406,9.913191973876952,0.2657563842773437,30.494705882352942,-33746.564885496184,-2390.8396946564885,5138.931297709924
494946,0,0,0,4951973707,4933.776113,0.010006,360,16544,502,-2055,-1223,-86,189,0.2154781494140625,9.90241806640625,0.30047230834960936,30.48588235294118,-33609.16030534351,-2363.3587786259545,5193.893129770992
494947,0,0,0,4951983712,4933.786118,0.010005,380,16548,508,-2049,-1230,-85,182,0.22744915771484372,9.904812268066406,0.30406361083984373,30.503529411764706,-33801.52671755725,-2335.87786259542,5001.526717557253
494948,0,0,0,4951993717,4933.796123,0.010005,390,16556,472,-2052,-1226,-87,184,0.23343466186523437,9.909600671386718,0.2825157958984375,30.494705882352942,-33691.603053435116,-2390.8396946564885,5056.488549618321
494949,0,0,0,4952003722,4933.806128,0.010005,334,16552,502,-2060,-1227,-84,179,0.19991583862304688,9.907206469726562,0.30047230834960936,30.471176470588237,-33719.08396946565,-2308.3969465648856,4919.083969465649
494950,0,0,0,4952013728,4933.816134,0.010006,372,16502,452,-2059,-1232,-87,186,0.22266075439453123,9.87727894897461,0.2705447875976562,30.474117647058826,-33856.48854961832,-2390.8396946564885,5111.4503816793895
494951,0,0,0,4952023733,4933.826139,0.010005,362,16534,438,-2065,-1225,-78,193,0.2166752502441406,9.896432562255859,0.26216508178710934,30.456470588235295,-33664.122137404585,-2143.5114503816794,5303.81679389313
494952,0,0,0,4952033738,4933.836144,0.010005,366,16548,424,-2054,-1229,-79,185,0.21906945190429686,9.904812268066406,0.2537853759765625,30.488823529411768,-33774.04580152672,-2170.992366412214,5083.9694656488555
494953,0,0,0,4952043743,4933.846149,0.010005,364,16580,450,-2050,-1239,-86,182,0.21787235107421873,9.923965881347655,0.2693476867675781,30.500588235294117,-34048.85496183206,-2363.3587786259545,5001.526717557253
494954,0,0,0,4952053748,4933.856154,0.010005,368,16576,466,-2056,-1233,-79,194,0.22026655273437498,9.9215716796875,0.27892449340820313,30.48294117647059,-33883.96946564886,-2170.992366412214,5331.297709923664
494955,0,0,0,4952063754,4933.86616,0.010006,358,16546,502,-2056,-1228,-85,187,0.21428104858398436,9.903615167236328,0.30047230834960936,30.48294117647059,-33746.564885496184,-2335.87786259542,5138.931297709924
494956,0,0,0,4952073759,4933.876165,0.010005,380,16556,476,-2054,-1234,-90,190,0.22744915771484372,9.909600671386718,0.28490999755859375,30.488823529411768,-33911.45038167939,-2473.282442748092,5221.374045801527
494957,0,0,0,4952083764,4933.88617,0.010005,398,16550,452,-2051,-1233,-85,188,0.23822306518554687,9.906009368896484,0.2705447875976562,30.49764705882353,-33883.96946564886,-2335.87786259542,5166.412213740458
494958,0,0,0,4952093769,4933.896175,0.010005,334,16546,494,-2052,-1232,-87,188,0.19991583862304688,9.903615167236328,0.29568390502929687,30.494705882352942,-33856.48854961832,-2390.8396946564885,5166.412213740458
494959,0,0,0,4952103774,4933.90618,0.010005,406,16530,388,-2054,-1236,-85,181,0.24301146850585936,9.894038360595703,0.23223756103515625,30.488823529411768,-33966.41221374046,-2335.87786259542,4974.045801526718
494960,0,0,0,4952113780,4933.916186,0.010006,384,16550,472,-2054,-1234,-90,185,0.229843359375,9.906009368896484,0.2825157958984375,30.488823529411768,-33911.45038167939,-2473.282442748092,5083.9694656488555
494961,0,0,0,4952123785,4933.926191,0.010005,400,16522,496,-2053,-1229,-87,186,0.239420166015625,9.889249957275391,0.296881005859375,30.491764705882353,-33774.04580152672,-2390.8396946564885,5111.4503816793895
494962,0,0,0,4952133790,4933.936196,0.010005,358,16504,434,-2056,-1229,-82,185,0.21428104858398436,9.878476049804688,0.2597708801269531,30.48294117647059,-33774.04580152672,-2253.4351145038167,5083.9694656488555
494963,0,0,0,4952143795,4933.946201,0.010005,362,16554,520,-2052,-1229,-82,182,0.2166752502441406,9.90840357055664,0.3112462158203125,30.494705882352942,-33774.04580152672,-2253.4351145038167,5001.526717557253
494964,0,0,0,4952153801,4933.956207,0.010006,376,16568,456,-2054,-1232,-88,185,0.22505495605468748,9.916783276367187,0.27293898925781246,30.488823529411768,-33856.48854961832,-2418.320610687023,5083.9694656488555
494965,0,0,0,4952163806,4933.966212,0.010005,314,16528,484,-2053,-1228,-88,189,0.1879448303222656,9.892841259765625,0.28969840087890625,30.491764705882353,-33746.564885496184,-2418.320610687023,5193.893129770992
494966,0,0,0,4952173811,4933.976217,0.010005,370,16516,468,-2053,-1224,-84,186,0.2214636535644531,9.885658654785155,0.28012159423828126,30.491764705882353,-33636.64122137405,-2308.3969465648856,5111.4503816793895
494967,0,0,0,4952183816,4933.986222,0.010005,398,16570,426,-2056,-1230,-80,186,0.23822306518554687,9.917980377197265,0.2549824768066406,30.48294117647059,-33801.52671755725,-2198.4732824427483,5111.4503816793895
494968,0,0,0,4952193821,4933.996227,0.010005,332,16548,518,-2054,-1232,-81,186,0.19871873779296872,9.904812268066406,0.31004911499023435,30.488823529411768,-33856.48854961832,-2225.9541984732828,5111.4503816793895
494969,0,0,0,4952203827,4934.006233,0.010006,388,16598,518,-2059,-1236,-85,191,0.23223756103515625,9.934739788818359,0.31004911499023435,30.474117647058826,-33966.41221374046,-2335.87786259542,5248.854961832061
494970,0,0,0,4952213832,4934.016238,0.010005,358,16522,498,-2052,-1234,-94,190,0.21428104858398436,9.889249957275391,0.2980781066894531,30.494705882352942,-33911.45038167939,-2583.206106870229,5221.374045801527
494971,0,0,0,4952223837,4934.026243,0.010005,382,16540,486,-2057,-1232,-84,184,0.22864625854492185,9.900023864746093,0.29089550170898437,30.48,-33856.48854961832,-2308.3969465648856,5056.488549618321
494972,0,0,0,4952233842,4934.036248,0.010005,372,16544,550,-2055,-1234,-84,194,0.22266075439453123,9.90241806640625,0.32920272827148434,30.48588235294118,-33911.45038167939,-2308.3969465648856,5331.297709923664
494973,0,0,0,4952243847,4934.046253,0.010005,376,16562,498,-2053,-1232,-87,184,0.22505495605468748,9.913191973876952,0.2980781066894531,30.491764705882353,-33856.48854961832,-2390.8396946564885,5056.488549618321
494974,0,0,0,4952253853,4934.056259,0.010006,382,16558,514,-2056,-1227,-93,180,0.22864625854492185,9.910797772216796,0.3076549133300781,30.48294117647059,-33719.08396946565,-2555.7251908396947,4946.564885496184
494975,0,0,0,4952263858,4934.066264,0.010005,376,16586,506,-2052,-1231,-82,193,0.22505495605468748,9.92755718383789,0.3028665100097656,30.494705882352942,-33829.00763358779,-2253.4351145038167,5303.81679389313
494976,0,0,0,4952273863,4934.076269,0.010005,368,16500,450,-2056,-1227,-87,185,0.22026655273437498,9.87608184814453,0.2693476867675781,30.48294117647059,-33719.08396946565,-2390.8396946564885,5083.9694656488555
494977,0,0,0,4952283868,4934.086274,0.010005,354,16528,452,-2060,-1227,-85,179,0.21188684692382811,9.892841259765625,0.2705447875976562,30.471176470588237,-33719.08396946565,-2335.87786259542,4919.083969465649
494978,0,0,0,4952293874,4934.09628,0.010006,378,16534,436,-2057,-1231,-86,186,0.2262520568847656,9.896432562255859,0.2609679809570312,30.48,-33829.00763358779,-2363.3587786259545,5111.4503816793895
494979,0,0,0,4952303879,4934.106285,0.010005,360,16538,542,-2052,-1228,-84,189,0.2154781494140625,9.898826763916015,0.32441432495117184,30.494705882352942,-33746.564885496184,-2308.3969465648856,5193.893129770992
494980,0,0,0,4952313884,4934.11629,0.010005,334,16534,458,-2059,-1233,-84,187,0.19991583862304688,9.896432562255859,0.2741360900878906,30.474117647058826,-33883.96946564886,-2308.3969465648856,5138.931297709924
494981,0,0,0,4952323889,4934.126295,0.010005,346,16558,414,-2054,-1231,-84,187,0.20709844360351562,9.910797772216796,0.24779987182617186,30.488823529411768,-33829.00763358779,-2308.3969465648856,5138.931297709924
494982,0,0,0,4952333894,4934.1363,0.010005,328,16520,440,-2052,-1234,-87,187,0.19632453613281248,9.888052856445311,0.26336218261718747,30.494705882352942,-33911.45038167939,-2390.8396946564885,5138.931297709924
494983,0,0,0,4952343900,4934.146306,0.010006,380,16540,402,-2054,-1231,-92,188,0.22744915771484372,9.900023864746093,0.24061726684570311,30.488823529411768,-33829.00763358779,-2528.2442748091603,5166.412213740458
494984,0,0,0,4952353905,4934.156311,0.010005,390,16568,460,-2056,-1228,-82,185,0.23343466186523437,9.916783276367187,0.2753331909179687,30.48294117647059,-33746.564885496184,-2253.4351145038167,5083.9694656488555
494985,0,0,0,4952363910,4934.166316,0.010005,372,16578,396,-2058,-1225,-82,184,0.22266075439453123,9.922768780517577,0.23702596435546874,30.47705882352941,-33664.122137404585,-2253.4351145038167,5056.488549618321
494986,0,0,0,4952373915,4934.176321,0.010005,366,16534,416,-2052,-1231,-88,190,0.21906945190429686,9.896432562255859,0.24899697265624998,30.494705882352942,-33829.00763358779,-2418.320610687023,5221.374045801527
494987,0,0,0,4952383921,4934.186327,0.010006,390,16552,438,-2051,-1236,-82,192,0.23343466186523437,9.907206469726562,0.26216508178710934,30.49764705882353,-33966.41221374046,-2253.4351145038167,5276.335877862595
494988,0,0,0,4952393926,4934.196332,0.010005,350,16520,478,-2054,-1232,-82,183,0.20949264526367187,9.888052856445311,0.2861070983886719,30.488823529411768,-33856.48854961832,-2253.4351145038167,5029.007633587787
494989,0,0,0,4952403931,4934.206337,0.010005,354,16530,498,-2063,-1228,-81,178,0.21188684692382811,9.894038360595703,0.2980781066894531,30.462352941176473,-33746.564885496184,-2225.9541984732828,4891.603053435115
494990,0,0,0,4952413936,4934.216342,0.010005,344,16568,436,-2063,-1233,-82,181,0.2059013427734375,9.916783276367187,0.2609679809570312,30.462352941176473,-33883.96946564886,-2253.4351145038167,4974.045801526718
494991,0,0,0,4952423941,4934.226347,0.010005,372,16554,458,-2056,-1227,-77,182,0.22266075439453123,9.90840357055664,0.2741360900878906,30.48294117647059,-33719.08396946565,-2116.030534351145,5001.526717557253
494992,0,0,0,4952433947,4934.236353,0.010006,430,16522,448,-2056,-1230,-83,182,0.25737667846679685,9.889249957275391,0.26815058593749996,30.48294117647059,-33801.52671755725,-2280.916030534351,5001.526717557253
494993,0,0,0,4952443952,4934.246358,0.010005,364,16542,460,-2061,-1225,-86,183,0.21787235107421873,9.90122096557617,0.2753331909179687,30.468235294117648,-33664.122137404585,-2363.3587786259545,5029.007633587787
494994,0,0,0,4952453957,4934.256363,0.010005,406,16572,482,-2056,-1220,-86,183,0.24301146850585936,9.919177478027343,0.2885013000488281,30.48294117647059,-33526.71755725191,-2363.3587786259545,5029.007633587787
494995,0,0,0,4952463962,4934.266368,0.010005,376,16550,438,-2056,-1230,-89,189,0.22505495605468748,9.906009368896484,0.26216508178710934,30.48294117647059,-33801.52671755725,-2445.8015267175574,5193.893129770992
494996,0,0,0,4952473967,4934.276373,0.010005,330,16524,536,-2057,-1229,-86,193,0.1975216369628906,9.890447058105469,0.32082302246093747,30.48,-33774.04580152672,-2363.3587786259545,5303.81679389313
494997,0,0,0,4952483973,4934.286379,0.010006,342,16566,478,-2056,-1230,-80,185,0.20470424194335937,9.91558617553711,0.2861070983886719,30.48294117647059,-33801.52671755725,-2198.4732824427483,5083.9694656488555
494998,0,0,0,4952493978,4934.296384,0.010005,340,16544,432,-2056,-1235,-92,184,0.20350714111328125,9.90241806640625,0.258573779296875,30.48294117647059,-33938.931297709925,-2528.2442748091603,5056.488549618321
494999,0,0,0,4952503983,4934.306389,0.010005,388,16532,452,-2057,-1238,-82,186,0.23223756103515625,9.89523546142578,0.2705447875976562,30.48,-34021.37404580153,-2253.4351145038167,5111.4503816793895
495000,0,0,0,4952513988,4934.316394,0.010005,392,16548,454,-2051,-1232,-84,184,0.2346317626953125,9.904812268066406,0.27174188842773433,30.49764705882353,-33856.48854961832,-2308.3969465648856,5056.488549618321
495001,0,0,0,4952523994,4934.3264,0.010006,358,16558,516,-2052,-1231,-83,188,0.21428104858398436,9.910797772216796,0.30885201416015623,30.494705882352942,-33829.00763358779,-2280.916030534351,5166.412213740458
495002,0,0,0,4952533999,4934.336405,0.010005,362,16548,478,-2050,-1227,-77,180,0.2166752502441406,9.904812268066406,0.2861070983886719,30.500588235294117,-33719.08396946565,-2116.030534351145,4946.564885496184
495003,0,0,0,4952544004,4934.34641,0.010005,356,16552,440,-2051,-1230,-83,182,0.21308394775390624,9.907206469726562,0.26336218261718747,30.49764705882353,-33801.52671755725,-2280.916030534351,5001.526717557253
495004,0,0,0,4952554009,4934.356415,0.010005,394,16512,480,-2056,-1231,-80,195,0.23582886352539062,9.883264453125,0.28730419921875,30.48294117647059,-33829.00763358779,-2198.4732824427483,5358.778625954199
495005,0,0,0,4952564014,4934.36642,0.010005,380,16542,466,-2057,-1230,-87,194,0.22744915771484372,9.90122096557617,0.27892449340820313,30.48,-33801.52671755725,-2390.8396946564885,5331.297709923664
495006,0,0,0,4952574020,4934.376426,0.010006,388,16546,434,-2056,-1233,-86,189,0.23223756103515625,9.903615167236328,0.2597708801269531,30.48294117647059,-33883.96946564886,-2363.3587786259545,5193.893129770992
495007,0,0,0,4952584025,4934.386431,0.010005,370,16552,446,-2057,-1237,-87,189,0.2214636535644531,9.907206469726562,0.26695348510742184,30.48,-33993.89312977099,-2390.8396946564885,5193.893129770992
495008,0,0,0,4952594030,4934.396436,0.010005,344,16530,462,-2054,-1227,-83,186,0.2059013427734375,9.894038360595703,0.2765302917480469,30.488823529411768,-33719.08396946565,-2280.916030534351,5111.4503816793895
495009,0,0,0,4952604035,4934.406441,0.010005,368,16536,502,-2053,-1232,-81,181,0.22026655273437498,9.897629663085937,0.30047230834960936,30.491764705882353,-33856.48854961832,-2225.9541984732828,4974.045801526718
495010,0,0,0,4952614040,4934.416446,0.010005,356,16538,520,-2059,-1237,-82,184,0.21308394775390624,9.898826763916015,0.3112462158203125,30.474117647058826,-33993.89312977099,-2253.4351145038167,5056.488549618321
495011,0,0,0,4952624046,4934.426452,0.010006,376,16556,486,-2059,-1227,-80,183,0.22505495605468748,9.909600671386718,0.29089550170898437,30.474117647058826,-33719.08396946565,-2198.4732824427483,5029.007633587787
495012,0,0,0,4952634051,4934.436457,0.010005,360,16546,446,-2056,-1227,-85,174,0.2154781494140625,9.903615167236328,0.26695348510742184,30.48294117647059,-33719.08396946565,-2335.87786259542,4781.679389312977
495013,0,0,0,4952644056,4934.446462,0.010005,362,16536,482,-2049,-1230,-84,179,0.2166752502441406,9.897629663085937,0.2885013000488281,30.503529411764706,-33801.52671755725,-2308.3969465648856,4919.083969465649
495014,0,0,0,4952654061,4934.456467,0.010005,390,16520,494,-2055,-1225,-86,185,0.23343466186523437,9.888052856445311,0.29568390502929687,30.48588235294118,-33664.122137404585,-2363.3587786259545,5083.9694656488555
495015,0,0,0,4952664067,4934.466473,0.010006,374,16520,460,-2057,-1228,-85,192,0.22385785522460935,9.888052856445311,0.2753331909179687,30.48,-33746.564885496184,-2335.87786259542,5276.335877862595
495016,0,0,0,4952674072,4934.476478,0.010005,384,16542,522,-2052,-1232,-79,185,0.229843359375,9.90122096557617,0.3124433166503906,30.494705882352942,-33856.48854961832,-2170.992366412214,5083.9694656488555
495017,0,0,0,4952684077,4934.486483,0.010005,380,16560,514,-2058,-1233,-87,195,0.22744915771484372,9.911994873046874,0.3076549133300781,30.47705882352941,-33883.96946564886,-2390.8396946564885,5358.778625954199
495018,0,0,0,4952694082,4934.496488,0.010005,378,16526,508,-2054,-1233,-83,184,0.2262520568847656,9.891644158935547,0.30406361083984373,30.488823529411768,-33883.96946564886,-2280.916030534351,5056.488549618321
495019,0,0,0,4952704087,4934.506493,0.010005,384,16524,490,-2052,-1232,-78,187,0.229843359375,9.890447058105469,0.2932897033691406,30.494705882352942,-33856.48854961832,-2143.5114503816794,5138.931297709924
495020,0,0,0,4952714093,4934.516499,0.010006,334,16554,476,-2055,-1231,-81,192,0.19991583862304688,9.90840357055664,0.28490999755859375,30.48588235294118,-33829.00763358779,-2225.9541984732828,5276.335877862595
495021,0,0,0,4952724098,4934.526504,0.010005,418,16540,548,-2053,-1226,-80,190,0.2501940734863281,9.900023864746093,0.3280056274414062,30.491764705882353,-33691.603053435116,-2198.4732824427483,5221.374045801527
495022,0,0,0,4952734103,4934.536509,0.010005,392,16520,458,-2051,-1225,-80,190,0.2346317626953125,9.888052856445311,0.2741360900878906,30.49764705882353,-33664.122137404585,-2198.4732824427483,5221.374045801527
495023,0,0,0,4952744108,4934.546514,0.010005,362,16562,428,-2053,-1224,-87,180,0.2166752502441406,9.913191973876952,0.2561795776367187,30.491764705882353,-33636.64122137405,-2390.8396946564885,4946.564885496184
495024,0,0,0,4952754113,4934.556519,0.010005,368,16548,492,-2060,-1227,-92,192,0.22026655273437498,9.904812268066406,0.29448680419921874,30.471176470588237,-33719.08396946565,-2528.2442748091603,5276.335877862595
495025,0,0,0,4952764119,4934.566525,0.010006,382,16562,514,-2060,-1231,-86,195,0.22864625854492185,9.913191973876952,0.3076549133300781,30.471176470588237,-33829.00763358779,-2363.3587786259545,5358.778625954199
495026,0,0,0,4952774124,4934.57653,0.010005,364,16582,494,-2051,-1234,-79,185,0.21787235107421873,9.925162982177733,0.29568390502929687,30.49764705882353,-33911.45038167939,-2170.992366412214,5083.9694656488555
495027,0,0,0,4952784129,4934.586535,0.010005,390,16530,484,-2055,-1229,-79,187,0.23343466186523437,9.894038360595703,0.28969840087890625,30.48588235294118,-33774.04580152672,-2170.992366412214,5138.931297709924
495028,0,0,0,4952794134,4934.59654,0.010005,364,16546,480,-2054,-1234,-81,186,0.21787235107421873,9.903615167236328,0.28730419921875,30.488823529411768,-33911.45038167939,-2225.9541984732828,5111.4503816793895
495029,0,0,0,4952804140,4934.606546,0.010006,392,16504,516,-2057,-1232,-86,182,0.2346317626953125,9.878476049804688,0.30885201416015623,30.48,-33856.48854961832,-2363.3587786259545,5001.526717557253
495030,0,0,0,4952814145,4934.616551,0.010005,376,16568,460,-2057,-1235,-86,175,0.22505495605468748,9.916783276367187,0.2753331909179687,30.48,-33938.931297709925,-2363.3587786259545,4809.160305343512
495031,0,0,0,4952824150,4934.626556,0.010005,340,16554,486,-2053,-1234,-88,178,0.20350714111328125,9.90840357055664,0.29089550170898437,30.491764705882353,-33911.45038167939,-2418.320610687023,4891.603053435115
495032,0,0,0,4952834155,4934.636561,0.010005,332,16518,472,-2054,-1227,-78,186,0.19871873779296872,9.886855755615233,0.2825157958984375,30.488823529411768,-33719.08396946565,-2143.5114503816794,5111.4503816793895
495033,0,0,0,4952844160,4934.646566,0.010005,344,16544,460,-2050,-1231,-75,182,0.2059013427734375,9.90241806640625,0.2753331909179687,30.500588235294117,-33829.00763358779,-2061.0687022900765,5001.526717557253
495034,0,0,0,4952854166,4934.656572,0.010006,368,16482,456,-2053,-1231,-87,174,0.22026655273437498,9.865307940673828,0.27293898925781246,30.491764705882353,-33829.00763358779,-2390.8396946564885,4781.679389312977
495035,0,0,0,4952864171,4934.666577,0.010005,368,16544,432,-2053,-1227,-85,182,0.22026655273437498,9.90241806640625,0.258573779296875,30.491764705882353,-33719.08396946565,-2335.87786259542,5001.526717557253
495036,0,0,0,4952874176,4934.676582,0.010005,342,16582,430,-2048,-1229,-86,191,0.20470424194335937,9.925162982177733,0.25737667846679685,30.506470588235295,-33774.04580152672,-2363.3587786259545,5248.854961832061
495037,0,0,0,4952884181,4934.686587,0.010005,372,16568,482,-2054,-1231,-90,188,0.22266075439453123,9.916783276367187,0.2885013000488281,30.488823529411768,-33829.00763358779,-2473.282442748092,5166.412213740458
495038,0,0,0,4952894187,4934.696593,0.010006,380,16544,482,-2052,-1229,-84,184,0.22744915771484372,9.90241806640625,0.2885013000488281,30.494705882352942,-33774.04580152672,-2308.3969465648856,5056.488549618321
495039,0,0,0,4952904192,4934.706598,0.010005,374,16572,500,-2056,-1232,-77,188,0.22385785522460935,9.919177478027343,0.29927520751953124,30.48294117647059,-33856.48854961832,-2116.030534351145,5166.412213740458
495040,0,0,0,4952914197,4934.716603,0.010005,396,16518,460,-2053,-1231,-90,186,0.23702596435546874,9.886855755615233,0.2753331909179687,30.491764705882353,-33829.00763358779,-2473.282442748092,5111.4503816793895
495041,0,0,0,4952924202,4934.726608,0.010005,382,16550,498,-2058,-1234,-79,183,0.22864625854492185,9.906009368896484,0.2980781066894531,30.47705882352941,-33911.45038167939,-2170.992366412214,5029.007633587787
495042,0,0,0,4952934207,4934.736613,0.010005,402,16540,494,-2060,-1229,-91,194,0.24061726684570311,9.900023864746093,0.29568390502929687,30.471176470588237,-33774.04580152672,-2500.7633587786263,5331.297709923664
495043,0,0,0,4952944213,4934.746619,0.010006,352,16518,444,-2059,-1230,-83,193,0.21068974609375,9.886855755615233,0.2657563842773437,30.474117647058826,-33801.52671755725,-2280.916030534351,5303.81679389313
495044,0,0,0,4952954218,4934.756624,0.010005,386,16508,462,-2056,-1235,-85,188,0.23104046020507812,9.880870251464843,0.2765302917480469,30.48294117647059,-33938.931297709925,-2335.87786259542,5166.412213740458
495045,0,0,0,4952964223,4934.766629,0.010005,370,16548,484,-2059,-1232,-83,192,0.2214636535644531,9.904812268066406,0.28969840087890625,30.474117647058826,-33856.48854961832,-2280.916030534351,5276.335877862595
495046,0,0,0,4952974228,4934.776634,0.010005,360,16508,460,-2059,-1228,-80,190,0.2154781494140625,9.880870251464843,0.2753331909179687,30.474117647058826,-33746.564885496184,-2198.4732824427483,5221.374045801527
495047,0,0,0,4952984233,4934.786639,0.010005,404,16566,484,-2056,-1230,-78,189,0.24181436767578124,9.91558617553711,0.28969840087890625,30.48294117647059,-33801.52671755725,-2143.5114503816794,5193.893129770992
495048,0,0,0,4952994239,4934.796645,0.010006,374,16534,408,-2051,-1232,-89,193,0.22385785522460935,9.896432562255859,0.2442085693359375,30.49764705882353,-33856.48854961832,-2445.8015267175574,5303.81679389313
495049,0,0,0,4953004244,4934.80665,0.010005,384,16572,432,-2057,-1231,-85,179,0.229843359375,9.919177478027343,0.258573779296875,30.48,-33829.00763358779,-2335.87786259542,4919.083969465649
495050,0,0,0,4953014249,4934.816655,0.010005,374,16542,468,-2056,-1226,-86,182,0.22385785522460935,9.90122096557617,0.28012159423828126,30.48294117647059,-33691.603053435116,-2363.3587786259545,5001.526717557253
495051,0,0,0,4953024254,4934.82666,0.010005,372,16538,510,-2053,-1228,-83,188,0.22266075439453123,9.898826763916015,0.30526071166992186,30.491764705882353,-33746.564885496184,-2280.916030534351,5166.412213740458
495052,0,0,0,4953034260,4934.836666,0.010006,340,16542,512,-2050,-1229,-81,190,0.20350714111328125,9.90122096557617,0.3064578125,30.500588235294117,-33774.04580152672,-2225.9541984732828,5221.374045801527
495053,0,0,0,4953044265,4934.846671,0.010005,368,16532,444,-2057,-1226,-80,187,0.22026655273437498,9.89523546142578,0.2657563842773437,30.48,-33691.603053435116,-2198.4732824427483,5138.931297709924
495054,0,0,0,4953054270,4934.856676,0.010005,382,16498,480,-2057,-1232,-84,193,0.22864625854492185,9.874884747314452,0.28730419921875,30.48,-33856.48854961832,-2308.3969465648856,5303.81679389313
495055,0,0,0,4953064275,4934.866681,0.010005,384,16538,436,-2059,-1230,-88,189,0.229843359375,9.898826763916015,0.2609679809570312,30.474117647058826,-33801.52671755725,-2418.320610687023,5193.893129770992
495056,0,0,0,4953074280,4934.876686,0.010005,364,16552,448,-2059,-1228,-90,187,0.21787235107421873,9.907206469726562,0.26815058593749996,30.474117647058826,-33746.564885496184,-2473.282442748092,5138.931297709924
495057,0,0,0,4953084286,4934.886692,0.010006,344,16598,456,-2052,-1231,-86,188,0.2059013427734375,9.934739788818359,0.27293898925781246,30.494705882352942,-33829.00763358779,-2363.3587786259545,5166.412213740458
495058,0,0,0,4953094291,4934.896697,0.010005,344,16546,536,-2057,-1228,-87,185,0.2059013427734375,9.903615167236328,0.32082302246093747,30.48,-33746.564885496184,-2390.8396946564885,5083.9694656488555
495059,0,0,0,4953104296,4934.906702,0.010005,372,16522,464,-2056,-1228,-85,191,0.22266075439453123,9.889249957275391,0.277727392578125,30.48294117647059,-33746.564885496184,-2335.87786259542,5248.854961832061
495060,0,0,0,4953114301,4934.916707,0.010005,338,16536,468,-2054,-1231,-88,187,0.20231004028320312,9.897629663085937,0.28012159423828126,30.488823529411768,-33829.00763358779,-2418.320610687023,5138.931297709924
495061,0,0,0,4953124306,4934.926712,0.010005,390,16516,478,-2055,-1233,-85,195,0.23343466186523437,9.885658654785155,0.2861070983886719,30.48588235294118,-33883.96946564886,-2335.87786259542,5358.778625954199
495062,0,0,0,4953134312,4934.936718,0.010006,380,16532,430,-2055,-1234,-81,184,0.22744915771484372,9.89523546142578,0.25737667846679685,30.48588235294118,-33911.45038167939,-2225.9541984732828,5056.488549618321
495063,0,0,0,4953144317,4934.946723,0.010005,366,16550,458,-2053,-1236,-84,181,0.21906945190429686,9.906009368896484,0.2741360900878906,30.491764705882353,-33966.41221374046,-2308.3969465648856,4974.045801526718
495064,0,0,0,4953154322,4934.956728,0.010005,376,16508,438,-2051,-1236,-88,179,0.22505495605468748,9.880870251464843,0.26216508178710934,30.49764705882353,-33966.41221374046,-2418.320610687023,4919.083969465649
495065,0,0,0,4953164327,4934.966733,0.010005,336,16550,460,-2048,-1227,-85,181,0.201112939453125,9.906009368896484,0.2753331909179687,30.506470588235295,-33719.08396946565,-2335.87786259542,4974.045801526718
495066,0,0,0,4953174333,4934.976739,0.010006,392,16596,426,-2054,-1222,-87,188,0.2346317626953125,9.93354268798828,0.2549824768066406,30.488823529411768,-33581.67938931298,-2390.8396946564885,5166.412213740458
495067,0,0,0,4953184338,4934.986744,0.010005,402,16532,452,-2050,-1231,-89,189,0.24061726684570311,9.89523546142578,0.2705447875976562,30.500588235294117,-33829.00763358779,-2445.8015267175574,5193.893129770992
495068,0,0,0,4953194343,4934.996749,0.010005,382,16528,502,-2052,-1233,-88,186,0.22864625854492185,9.892841259765625,0.30047230834960936,30.494705882352942,-33883.96946564886,-2418.320610687023,5111.4503816793895
495069,0,0,0,4953204348,4935.006754,0.010005,376,16554,484,-2053,-1231,-86,182,0.22505495605468748,9.90840357055664,0.28969840087890625,30.491764705882353,-33829.00763358779,-2363.3587786259545,5001.526717557253
495070,0,0,0,4953214353,4935.016759,0.010005,392,16538,440,-2049,-1228,-85,186,0.2346317626953125,9.898826763916015,0.26336218261718747,30.503529411764706,-33746.564885496184,-2335.87786259542,5111.4503816793895
495071,0,0,0,4953224359,4935.026765,0.010006,386,16570,494,-2056,-1226,-83,176,0.23104046020507812,9.917980377197265,0.29568390502929687,30.48294117647059,-33691.603053435116,-2280.916030534351,4836.641221374046
495072,0,0,0,4953234364,4935.03677,0.010005,392,16546,436,-2052,-1226,-90,189,0.2346317626953125,9.903615167236328,0.2609679809570312,30.494705882352942,-33691.603053435116,-2473.282442748092,5193.893129770992
495073,0,0,0,4953244369,4935.046775,0.010005,398,16520,460,-2052,-1226,-88,193,0.23822306518554687,9.888052856445311,0.2753331909179687,30.494705882352942,-33691.603053435116,-2418.320610687023,5303.81679389313
495074,0,0,0,4953254374,4935.05678,0.010005,326,16520,476,-2049,-1234,-88,183,0.19512743530273435,9.888052856445311,0.28490999755859375,30.503529411764706,-33911.45038167939,-2418.320610687023,5029.007633587787
495075,0,0,0,4953264379,4935.066785,0.010005,374,16564,486,-2054,-1230,-84,186,0.22385785522460935,9.91438907470703,0.29089550170898437,30.488823529411768,-33801.52671755725,-2308.3969465648856,5111.4503816793895
495076,0,0,0,4953274385,4935.076791,0.010006,386,16572,444,-2055,-1230,-80,187,0.23104046020507812,9.919177478027343,0.2657563842773437,30.48588235294118,-33801.52671755725,-2198.4732824427483,5138.931297709924
495077,0,0,0,4953284390,4935.086796,0.010005,426,16598,476,-2056,-1229,-88,196,0.2549824768066406,9.934739788818359,0.28490999755859375,30.48294117647059,-33774.04580152672,-2418.320610687023,5386.259541984733
495078,0,0,0,4953294395,4935.096801,0.010005,420,16552,498,-2057,-1226,-87,193,0.25139117431640623,9.907206469726562,0.2980781066894531,30.48,-33691.603053435116,-2390.8396946564885,5303.81679389313
495079,0,0,0,4953304400,4935.106806,0.010005,370,16566,492,-2052,-1228,-85,184,0.2214636535644531,9.91558617553711,0.29448680419921874,30.494705882352942,-33746.564885496184,-2335.87786259542,5056.488549618321
495080,0,0,0,4953314406,4935.116812,0.010006,376,16530,504,-2049,-1230,-86,184,0.22505495605468748,9.894038360595703,0.3016694091796875,30.503529411764706,-33801.52671755725,-2363.3587786259545,5056.488549618321
495081,0,0,0,4953324411,4935.126817,0.010005,404,16536,466,-2053,-1230,-81,185,0.24181436767578124,9.897629663085937,0.27892449340820313,30.491764705882353,-33801.52671755725,-2225.9541984732828,5083.9694656488555
495082,0,0,0,4953334416,4935.136822,0.010005,366,16588,462,-2053,-1235,-83,181,0.21906945190429686,9.928754284667969,0.2765302917480469,30.491764705882353,-33938.931297709925,-2280.916030534351,4974.045801526718
495083,0,0,0,4953344421,4935.146827,0.010005,374,16576,474,-2048,-1233,-90,190,0.22385785522460935,9.9215716796875,0.28371289672851563,30.506470588235295,-33883.96946564886,-2473.282442748092,5221.374045801527
495084,0,0,0,4953354426,4935.156832,0.010005,350,16564,444,-2051,-1230,-91,185,0.20949264526367187,9.91438907470703,0.2657563842773437,30.49764705882353,-33801.52671755725,-2500.7633587786263,5083.9694656488555
495085,0,0,0,4953364432,4935.166838,0.010006,330,16524,440,-2051,-1230,-89,183,0.1975216369628906,9.890447058105469,0.26336218261718747,30.49764705882353,-33801.52671755725,-2445.8015267175574,5029.007633587787
495086,0,0,0,4953374437,4935.176843,0.010005,360,16532,486,-2051,-1230,-89,188,0.2154781494140625,9.89523546142578,0.29089550170898437,30.49764705882353,-33801.52671755725,-2445.8015267175574,5166.412213740458
495087,0,0,0,4953384442,4935.186848,0.010005,372,16566,524,-2053,-1233,-92,192,0.22266075439453123,9.91558617553711,0.3136404174804687,30.491764705882353,-33883.96946564886,-2528.2442748091603,5276.335877862595
495088,0,0,0,4953394447,4935.196853,0.010005,334,16538,434,-2057,-1230,-90,193,0.19991583862304688,9.898826763916015,0.2597708801269531,30.48,-33801.52671755725,-2473.282442748092,5303.81679389313
495089,0,0,0,4953404453,4935.206859,0.010006,370,16536,386,-2055,-1230,-80,188,0.2214636535644531,9.897629663085937,0.23104046020507812,30.48588235294118,-33801.52671755725,-2198.4732824427483,5166.412213740458
495090,0,0,0,4953414458,4935.216864,0.010005,356,16550,466,-2054,-1225,-83,184,0.21308394775390624,9.906009368896484,0.27892449340820313,30.488823529411768,-33664.122137404585,-2280.916030534351,5056.488549618321
495091,0,0,0,4953424463,4935.226869,0.010005,366,16544,396,-2053,-1228,-82,182,0.21906945190429686,9.90241806640625,0.23702596435546874,30.491764705882353,-33746.564885496184,-2253.4351145038167,5001.526717557253
495092,0,0,0,4953434468,4935.236874,0.010005,366,16536,378,-2055,-1225,-92,187,0.21906945190429686,9.897629663085937,0.2262520568847656,30.48588235294118,-33664.122137404585,-2528.2442748091603,5138.931297709924
495093,0,0,0,4953444473,4935.246879,0.010005,378,16524,446,-2061,-1225,-91,186,0.2262520568847656,9.890447058105469,0.26695348510742184,30.468235294117648,-33664.122137404585,-2500.7633587786263,5111.4503816793895
495094,0,0,0,4953454479,4935.256885,0.010006,360,16534,400,-2057,-1232,-88,187,0.2154781494140625,9.896432562255859,0.239420166015625,30.48,-33856.48854961832,-2418.320610687023,5138.931297709924
495095,0,0,0,4953464484,4935.26689,0.010005,360,16556,526,-2054,-1232,-82,189,0.2154781494140625,9.909600671386718,0.31483751831054685,30.488823529411768,-33856.48854961832,-2253.4351145038167,5193.893129770992
495096,0,0,0,4953474489,4935.276895,0.010005,402,16530,482,-2057,-1231,-85,193,0.24061726684570311,9.894038360595703,0.2885013000488281,30.48,-33829.00763358779,-2335.87786259542,5303.81679389313
495097,0,0,0,4953484494,4935.2869,0.010005,388,16532,506,-2061,-1235,-87,184,0.23223756103515625,9.89523546142578,0.3028665100097656,30.468235294117648,-33938.931297709925,-2390.8396946564885,5056.488549618321
495098,0,0,0,4953494499,4935.296905,0.010005,362,16568,494,-2054,-1233,-84,181,0.2166752502441406,9.916783276367187,0.29568390502929687,30.488823529411768,-33883.96946564886,-2308.3969465648856,4974.045801526718
495099,0,0,0,4953504505,4935.306911,0.010006,402,16622,538,-2050,-1230,-83,183,0.24061726684570311,9.949104998779296,0.3220201232910156,30.500588235294117,-33801.52671755725,-2280.916030534351,5029.007633587787
495100,0,0,0,4953514510,4935.316916,0.010005,380,16562,494,-2052,-1238,-82,193,0.22744915771484372,9.913191973876952,0.29568390502929687,30.494705882352942,-34021.37404580153,-2253.4351145038167,5303.81679389313
495101,0,0,0,4953524515,4935.326921,0.010005,406,16510,450,-2055,-1232,-81,187,0.24301146850585936,9.882067352294921,0.2693476867675781,30.48588235294118,-33856.48854961832,-2225.9541984732828,5138.931297709924
495102,0,0,0,4953534520,4935.336926,0.010005,386,16524,446,-2055,-1228,-80,188,0.23104046020507812,9.890447058105469,0.26695348510742184,30.48588235294118,-33746.564885496184,-2198.4732824427483,5166.412213740458
495103,0,0,0,4953544526,4935.346932,0.010006,366,16558,462,-2051,-1233,-88,189,0.21906945190429686,9.910797772216796,0.2765302917480469,30.49764705882353,-33883.96946564886,-2418.320610687023,5193.893129770992
495104,0,0,0,4953554531,4935.356937,0.010005,350,16604,434,-2058,-1231,-90,191,0.20949264526367187,9.938331091308592,0.2597708801269531,30.47705882352941,-33829.00763358779,-2473.282442748092,5248.854961832061
495105,0,0,0,4953564536,4935.366942,0.010005,386,16532,466,-2056,-1232,-91,184,0.23104046020507812,9.89523546142578,0.27892449340820313,30.48294117647059,-33856.48854961832,-2500.7633587786263,5056.488549618321
495106,0,0,0,4953574541,4935.376947,0.010005,370,16548,486,-2056,-1226,-86,184,0.2214636535644531,9.904812268066406,0.29089550170898437,30.48294117647059,-33691.603053435116,-2363.3587786259545,5056.488549618321
495107,0,0,0,4953584546,4935.386952,0.010005,400,16552,498,-2054,-1228,-81,188,0.239420166015625,9.907206469726562,0.2980781066894531,30.488823529411768,-33746.564885496184,-2225.9541984732828,5166.412213740458
495108,0,0,0,4953594552,4935.396958,0.010006,370,16538,490,-2052,-1231,-94,198,0.2214636535644531,9.898826763916015,0.2932897033691406,30.494705882352942,-33829.00763358779,-2583.206106870229,5441.221374045802
495109,0,0,0,4953604557,4935.406963,0.010005,392,16544,396,-2054,-1242,-81,187,0.2346317626953125,9.90241806640625,0.23702596435546874,30.488823529411768,-34131.29770992367,-2225.9541984732828,5138.931297709924
495110,0,0,0,4953614562,4935.416968,0.010005,396,16522,456,-2050,-1233,-87,186,0.23702596435546874,9.889249957275391,0.27293898925781246,30.500588235294117,-33883.96946564886,-2390.8396946564885,5111.4503816793895
495111,0,0,0,4953624567,4935.426973,0.010005,436,16530,516,-2049,-1235,-85,194,0.2609679809570312,9.894038360595703,0.30885201416015623,30.503529411764706,-33938.931297709925,-2335.87786259542,5331.297709923664
495112,0,0,0,4953634573,4935.436979,0.010006,364,16542,506,-2052,-1232,-86,184,0.21787235107421873,9.90122096557617,0.3028665100097656,30.494705882352942,-33856.48854961832,-2363.3587786259545,5056.488549618321
495113,0,0,0,4953644578,4935.446984,0.010005,366,16526,538,-2056,-1226,-87,184,0.21906945190429686,9.891644158935547,0.3220201232910156,30.48294117647059,-33691.603053435116,-2390.8396946564885,5056.488549618321
495114,0,0,0,4953654583,4935.456989,0.010005,352,16530,470,-2051,-1226,-86,185,0.21068974609375,9.894038360595703,0.2813186950683594,30.49764705882353,-33691.603053435116,-2363.3587786259545,5083.9694656488555
495115,0,0,0,4953664588,4935.466994,0.010005,352,16552,498,-2048,-1231,-88,187,0.21068974609375,9.907206469726562,0.2980781066894531,30.506470588235295,-33829.00763358779,-2418.320610687023,5138.931297709924
495116,0,0,0,4953674593,4935.476999,0.010005,344,16530,520,-2054,-1233,-90,189,0.2059013427734375,9.894038360595703,0.3112462158203125,30.488823529411768,-33883.96946564886,-2473.282442748092,5193.893129770992
495117,0,0,0,4953684599,4935.487005,0.010006,362,16524,440,-2052,-1231,-90,192,0.2166752502441406,9.890447058105469,0.26336218261718747,30.494705882352942,-33829.00763358779,-2473.282442748092,5276.335877862595
495118,0,0,0,4953694604,4935.49701,0.010005,330,16530,466,-2053,-1230,-82,190,0.1975216369628906,9.894038360595703,0.27892449340820313,30.491764705882353,-33801.52671755725,-2253.4351145038167,5221.374045801527
495119,0,0,0,4953704609,4935.507015,0.010005,384,16514,424,-2056,-1231,-85,183,0.229843359375,9.884461553955077,0.2537853759765625,30.48294117647059,-33829.00763358779,-2335.87786259542,5029.007633587787
495120,0,0,0,4953714614,4935.51702,0.010005,324,16532,410,-2054,-1226,-93,181,0.19393033447265623,9.89523546142578,0.2454056701660156,30.488823529411768,-33691.603053435116,-2555.7251908396947,4974.045801526718
495121,0,0,0,4953724619,4935.527025,0.010005,398,16554,452,-2053,-1228,-88,187,0.23822306518554687,9.90840357055664,0.2705447875976562,30.491764705882353,-33746.564885496184,-2418.320610687023,5138.931297709924
495122,0,0,0,4953734625,4935.537031,0.010006,380,16552,456,-2060,-1227,-85,183,0.22744915771484372,9.907206469726562,0.27293898925781246,30.471176470588237,-33719.08396946565,-2335.87786259542,5029.007633587787
495123,0,0,0,4953744630,4935.547036,0.010005,392,16512,478,-2058,-1224,-81,189,0.2346317626953125,9.883264453125,0.2861070983886719,30.47705882352941,-33636.64122137405,-2225.9541984732828,5193.893129770992
495124,0,0,0,4953754635,4935.557041,0.010005,376,16528,424,-2057,-1226,-87,182,0.22505495605468748,9.892841259765625,0.2537853759765625,30.48,-33691.603053435116,-2390.8396946564885,5001.526717557253
495125,0,0,0,4953764640,4935.567046,0.010005,362,16542,506,-2054,-1226,-85,190,0.2166752502441406,9.90122096557617,0.3028665100097656,30.488823529411768,-33691.603053435116,-2335.87786259542,5221.374045801527
495126,0,0,0,4953774646,4935.577052,0.010006,436,16552,458,-2062,-1229,-89,182,0.2609679809570312,9.907206469726562,0.2741360900878906,30.465294117647062,-33774.04580152672,-2445.8015267175574,5001.526717557253
495127,0,0,0,4953784651,4935.587057,0.010005,364,16566,438,-2058,-1229,-88,182,0.21787235107421873,9.91558617553711,0.26216508178710934,30.47705882352941,-33774.04580152672,-2418.320610687023,5001.526717557253
495128,0,0,0,4953794656,4935.597062,0.010005,400,16596,476,-2055,-1235,-88,180,0.239420166015625,9.93354268798828,0.28490999755859375,30.48588235294118,-33938.931297709925,-2418.320610687023,4946.564885496184
495129,0,0,0,4953804661,4935.607067,0.010005,334,16572,456,-2053,-1231,-79,182,0.19991583862304688,9.919177478027343,0.27293898925781246,30.491764705882353,-33829.00763358779,-2170.992366412214,5001.526717557253
495130,0,0,0,4953814666,4935.617072,0.010005,348,16584,382,-2051,-1228,-82,186,0.20829554443359374,9.926360083007811,0.22864625854492185,30.49764705882353,-33746.564885496184,-2253.4351145038167,5111.4503816793895
495131,0,0,0,4953824672,4935.627078,0.010006,386,16576,520,-2049,-1225,-90,185,0.23104046020507812,9.9215716796875,0.3112462158203125,30.503529411764706,-33664.122137404585,-2473.282442748092,5083.9694656488555
495132,0,0,0,4953834677,4935.637083,0.010005,358,16606,468,-2050,-1225,-86,178,0.21428104858398436,9.93952819213867,0.28012159423828126,30.500588235294117,-33664.122137404585,-2363.3587786259545,4891.603053435115
495133,0,0,0,4953844682,4935.647088,0.010005,410,16562,460,-2053,-1224,-85,183,0.2454056701660156,9.913191973876952,0.2753331909179687,30.491764705882353,-33636.64122137405,-2335.87786259542,5029.007633587787
495134,0,0,0,4953854687,4935.657093,0.010005,370,16518,476,-2057,-1228,-82,185,0.2214636535644531,9.886855755615233,0.28490999755859375,30.48,-33746.564885496184,-2253.4351145038167,5083.9694656488555
495135,0,0,0,4953864693,4935.667099,0.010006,332,16564,504,-2052,-1234,-88,198,0.19871873779296872,9.91438907470703,0.3016694091796875,30.494705882352942,-33911.45038167939,-2418.320610687023,5441.221374045802
495136,0,0,0,4953874698,4935.677104,0.010005,340,16554,506,-2051,-1232,-89,186,0.20350714111328125,9.90840357055664,0.3028665100097656,30.49764705882353,-33856.48854961832,-2445.8015267175574,5111.4503816793895
495137,0,0,0,4953884703,4935.687109,0.010005,346,16544,490,-2053,-1233,-86,188,0.20709844360351562,9.90241806640625,0.2932897033691406,30.491764705882353,-33883.96946564886,-2363.3587786259545,5166.412213740458
495138,0,0,0,4953894708,4935.697114,0.010005,378,16572,430,-2054,-1226,-88,192,0.2262520568847656,9.919177478027343,0.25737667846679685,30.488823529411768,-33691.603053435116,-2418.320610687023,5276.335877862595
495139,0,0,0,4953904713,4935.707119,0.010005,346,16576,484,-2056,-1228,-86,188,0.20709844360351562,9.9215716796875,0.28969840087890625,30.48294117647059,-33746.564885496184,-2363.3587786259545,5166.412213740458
495140,0,0,0,4953914719,4935.717125,0.010006,364,16536,474,-2056,-1235,-83,192,0.21787235107421873,9.897629663085937,0.28371289672851563,30.48294117647059,-33938.931297709925,-2280.916030534351,5276.335877862595
495141,0,0,0,4953924724,4935.72713,0.010005,352,16568,472,-2058,-1233,-85,186,0.21068974609375,9.916783276367187,0.2825157958984375,30.47705882352941,-33883.96946564886,-2335.87786259542,5111.4503816793895
495142,0,0,0,4953934729,4935.737135,0.010005,368,16526,452,-2059,-1231,-85,181,0.22026655273437498,9.891644158935547,0.2705447875976562,30.474117647058826,-33829.00763358779,-2335.87786259542,4974.045801526718
495143,0,0,0,4953944734,4935.74714,0.010005,356,16558,434,-2059,-1227,-86,185,0.21308394775390624,9.910797772216796,0.2597708801269531,30.474117647058826,-33719.08396946565,-2363.3587786259545,5083.9694656488555
495144,0,0,0,4953954739,4935.757145,0.010005,334,16550,468,-2060,-1230,-86,183,0.19991583862304688,9.906009368896484,0.28012159423828126,30.471176470588237,-33801.52671755725,-2363.3587786259545,5029.007633587787
495145,0,0,0,4953964745,4935.767151,0.010006,368,16578,496,-2055,-1227,-83,179,0.22026655273437498,9.922768780517577,0.296881005859375,30.48588235294118,-33719.08396946565,-2280.916030534351,4919.083969465649
495146,0,0,0,4953974750,4935.777156,0.010005,352,16548,442,-2054,-1228,-85,188,0.21068974609375,9.904812268066406,0.2645592834472656,30.488823529411768,-33746.564885496184,-2335.87786259542,5166.412213740458
495147,0,0,0,4953984755,4935.787161,0.010005,360,16538,426,-2053,-1234,-91,186,0.2154781494140625,9.898826763916015,0.2549824768066406,30.491764705882353,-33911.45038167939,-2500.7633587786263,5111.4503816793895
495148,0,0,0,4953994760,4935.797166,0.010005,424,16546,446,-2052,-1228,-84,186,0.2537853759765625,9.903615167236328,0.26695348510742184,30.494705882352942,-33746.564885496184,-2308.3969465648856,5111.4503816793895
495149,0,0,0,4954004766,4935.807172,0.010006,356,16570,450,-2052,-1226,-85,186,0.21308394775390624,9.917980377197265,0.2693476867675781,30.494705882352942,-33691.603053435116,-2335.87786259542,5111.4503816793895
495150,0,0,0,4954014771,4935.817177,0.010005,400,16554,434,-2051,-1233,-84,180,0.239420166015625,9.90840357055664,0.2597708801269531,30.49764705882353,-33883.96946564886,-2308.3969465648856,4946.564885496184
495151,0,0,0,4954024776,4935.827182,0.010005,404,16554,414,-2060,-1233,-84,191,0.24181436767578124,9.90840357055664,0.24779987182617186,30.471176470588237,-33883.96946564886,-2308.3969465648856,5248.854961832061
495152,0,0,0,4954034781,4935.837187,0.010005,362,16600,388,-2059,-1233,-84,195,0.2166752502441406,9.935936889648437,0.23223756103515625,30.474117647058826,-33883.96946564886,-2308.3969465648856,5358.778625954199
495153,0,0,0,4954044786,4935.847192,0.010005,366,16558,442,-2054,-1231,-79,188,0.21906945190429686,9.910797772216796,0.2645592834472656,30.488823529411768,-33829.00763358779,-2170.992366412214,5166.412213740458
495154,0,0,0,4954054792,4935.857198,0.010006,354,16586,458,-2059,-1233,-79,186,0.21188684692382811,9.92755718383789,0.2741360900878906,30.474117647058826,-33883.96946564886,-2170.992366412214,5111.4503816793895
495155,0,0,0,4954064797,4935.867203,0.010005,362,16556,526,-2058,-1232,-88,189,0.2166752502441406,9.909600671386718,0.31483751831054685,30.47705882352941,-33856.48854961832,-2418.320610687023,5193.893129770992
495156,0,0,0,4954074802,4935.877208,0.010005,446,16552,522,-2060,-1232,-87,187,0.26695348510742184,9.907206469726562,0.3124433166503906,30.471176470588237,-33856.48854961832,-2390.8396946564885,5138.931297709924
495157,0,0,0,4954084807,4935.887213,0.010005,372,16474,504,-2059,-1225,-86,186,0.22266075439453123,9.860519537353515,0.3016694091796875,30.474117647058826,-33664.122137404585,-2363.3587786259545,5111.4503816793895
495158,0,0,0,4954094812,4935.897218,0.010005,362,16538,422,-2057,-1228,-84,186,0.2166752502441406,9.898826763916015,0.25258827514648435,30.48,-33746.564885496184,-2308.3969465648856,5111.4503816793895
495159,0,0,0,4954104818,4935.907224,0.010006,348,16570,492,-2056,-1235,-88,185,0.20829554443359374,9.917980377197265,0.29448680419921874,30.48294117647059,-33938.931297709925,-2418.320610687023,5083.9694656488555
495160,0,0,0,4954114823,4935.917229,0.010005,428,16542,486,-2053,-1230,-88,187,0.2561795776367187,9.90122096557617,0.29089550170898437,30.491764705882353,-33801.52671755725,-2418.320610687023,5138.931297709924
495161,0,0,0,4954124828,4935.927234,0.010005,396,16536,508,-2052,-1224,-84,186,0.23702596435546874,9.897629663085937,0.30406361083984373,30.494705882352942,-33636.64122137405,-2308.3969465648856,5111.4503816793895
495162,0,0,0,4954134833,4935.937239,0.010005,348,16552,512,-2058,-1226,-82,177,0.20829554443359374,9.907206469726562,0.3064578125,30.47705882352941,-33691.603053435116,-2253.4351145038167,4864.122137404581
495163,0,0,0,4954144839,4935.947245,0.010006,378,16546,520,-2054,-1229,-81,187,0.2262520568847656,9.903615167236328,0.3112462158203125,30.488823529411768,-33774.04580152672,-2225.9541984732828,5138.931297709924
495164,0,0,0,4954154844,4935.95725,0.010005,368,16576,504,-2048,-1236,-86,183,0.22026655273437498,9.9215716796875,0.3016694091796875,30.506470588235295,-33966.41221374046,-2363.3587786259545,5029.007633587787
495165,0,0,0,4954164849,4935.967255,0.010005,368,16566,510,-2055,-1237,-85,192,0.22026655273437498,9.91558617553711,0.30526071166992186,30.48588235294118,-33993.89312977099,-2335.87786259542,5276.335877862595
495166,0,0,0,4954174854,4935.97726,0.010005,364,16584,436,-2046,-1233,-83,188,0.21787235107421873,9.926360083007811,0.2609679809570312,30.512352941176474,-33883.96946564886,-2280.916030534351,5166.412213740458
495167,0,0,0,4954184859,4935.987265,0.010005,396,16566,500,-2049,-1235,-89,186,0.23702596435546874,9.91558617553711,0.29927520751953124,30.503529411764706,-33938.931297709925,-2445.8015267175574,5111.4503816793895
495168,0,0,0,4954194865,4935.997271,0.010006,390,16550,508,-2052,-1230,-88,189,0.23343466186523437,9.906009368896484,0.30406361083984373,30.494705882352942,-33801.52671755725,-2418.320610687023,5193.893129770992
495169,0,0,0,4954204870,4936.007276,0.010005,382,16600,470,-2054,-1225,-86,193,0.22864625854492185,9.935936889648437,0.2813186950683594,30.488823529411768,-33664.122137404585,-2363.3587786259545,5303.81679389313
495170,0,0,0,4954214875,4936.017281,0.010005,374,16562,490,-2052,-1229,-92,191,0.22385785522460935,9.913191973876952,0.2932897033691406,30.494705882352942,-33774.04580152672,-2528.2442748091603,5248.854961832061
495171,0,0,0,4954224880,4936.027286,0.010005,388,16530,456,-2053,-1233,-90,185,0.23223756103515625,9.894038360595703,0.27293898925781246,30.491764705882353,-33883.96946564886,-2473.282442748092,5083.9694656488555
495172,0,0,0,4954234886,4936.037292,0.010006,344,16564,468,-2048,-1231,-90,184,0.2059013427734375,9.91438907470703,0.28012159423828126,30.506470588235295,-33829.00763358779,-2473.282442748092,5056.488549618321
495173,0,0,0,4954244891,4936.047297,0.010005,334,16522,470,-2050,-1228,-88,187,0.19991583862304688,9.889249957275391,0.2813186950683594,30.500588235294117,-33746.564885496184,-2418.320610687023,5138.931297709924
495174,0,0,0,4954254896,4936.057302,0.010005,332,16568,492,-2056,-1234,-86,185,0.19871873779296872,9.916783276367187,0.29448680419921874,30.48294117647059,-33911.45038167939,-2363.3587786259545,5083.9694656488555
495175,0,0,0,4954264901,4936.067307,0.010005,368,16546,486,-2059,-1228,-79,177,0.22026655273437498,9.903615167236328,0.29089550170898437,30.474117647058826,-33746.564885496184,-2170.992366412214,4864.122137404581
495176,0,0,0,4954274906,4936.077312,0.010005,344,16562,488,-2057,-1227,-87,188,0.2059013427734375,9.913191973876952,0.2920926025390625,30.48,-33719.08396946565,-2390.8396946564885,5166.412213740458
495177,0,0,0,4954284912,4936.087318,0.010006,364,16564,454,-2056,-1236,-86,186,0.21787235107421873,9.91438907470703,0.27174188842773433,30.48294117647059,-33966.41221374046,-2363.3587786259545,5111.4503816793895
495178,0,0,0,4954294917,4936.097323,0.010005,370,16558,528,-2054,-1237,-92,188,0.2214636535644531,9.910797772216796,0.316034619140625,30.488823529411768,-33993.89312977099,-2528.2442748091603,5166.412213740458
495179,0,0,0,4954304922,4936.107328,0.010005,352,16532,468,-2057,-1228,-90,182,0.21068974609375,9.89523546142578,0.28012159423828126,30.48,-33746.564885496184,-2473.282442748092,5001.526717557253
495180,0,0,0,4954314927,4936.117333,0.010005,364,16536,434,-2051,-1231,-81,189,0.21787235107421873,9.897629663085937,0.2597708801269531,30.49764705882353,-33829.00763358779,-2225.9541984732828,5193.893129770992
495181,0,0,0,4954324932,4936.127338,0.010005,354,16564,450,-2052,-1228,-82,193,0.21188684692382811,9.91438907470703,0.2693476867675781,30.494705882352942,-33746.564885496184,-2253.4351145038167,5303.81679389313
495182,0,0,0,4954334938,4936.137344,0.010006,374,16560,502,-2051,-1228,-88,197,0.22385785522460935,9.911994873046874,0.30047230834960936,30.49764705882353,-33746.564885496184,-2418.320610687023,5413.740458015267
495183,0,0,0,4954344943,4936.147349,0.010005,400,16546,494,-2056,-1231,-84,187,0.239420166015625,9.903615167236328,0.29568390502929687,30.48294117647059,-33829.00763358779,-2308.3969465648856,5138.931297709924
495184,0,0,0,4954354948,4936.157354,0.010005,392,16546,502,-2049,-1233,-92,190,0.2346317626953125,9.903615167236328,0.30047230834960936,30.503529411764706,-33883.96946564886,-2528.2442748091603,5221.374045801527
495185,0,0,0,4954364953,4936.167359,0.010005,400,16556,474,-2053,-1231,-86,189,0.239420166015625,9.909600671386718,0.28371289672851563,30.491764705882353,-33829.00763358779,-2363.3587786259545,5193.893129770992
495186,0,0,0,4954374958,4936.177364,0.010005,404,16522,456,-2055,-1228,-83,188,0.24181436767578124,9.889249957275391,0.27293898925781246,30.48588235294118,-33746.564885496184,-2280.916030534351,5166.412213740458
495187,0,0,0,4954384964,4936.18737,0.010006,370,16548,440,-2056,-1229,-83,187,0.2214636535644531,9.904812268066406,0.26336218261718747,30.48294117647059,-33774.04580152672,-2280.916030534351,5138.931297709924
495188,0,0,0,4954394969,4936.197375,0.010005,386,16546,486,-2058,-1227,-83,184,0.23104046020507812,9.903615167236328,0.29089550170898437,30.47705882352941,-33719.08396946565,-2280.916030534351,5056.488549618321
495189,0,0,0,4954404974,4936.20738,0.010005,376,16516,458,-2057,-1231,-78,188,0.22505495605468748,9.885658654785155,0.2741360900878906,30.48,-33829.00763358779,-2143.5114503816794,5166.412213740458
495190,0,0,0,4954414979,4936.217385,0.010005,348,16544,436,-2062,-1232,-82,187,0.20829554443359374,9.90241806640625,0.2609679809570312,30.465294117647062,-33856.48854961832,-2253.4351145038167,5138.931297709924
495191,0,0,0,4954424985,4936.227391,0.010006,378,16506,478,-2058,-1235,-86,187,0.2262520568847656,9.879673150634765,0.2861070983886719,30.47705882352941,-33938.931297709925,-2363.3587786259545,5138.931297709924
495192,0,0,0,4954434990,4936.237396,0.010005,396,16554,466,-2059,-1226,-84,181,0.23702596435546874,9.90840357055664,0.27892449340820313,30.474117647058826,-33691.603053435116,-2308.3969465648856,4974.045801526718
495193,0,0,0,4954444995,4936.247401,0.010005,348,16558,474,-2058,-1229,-80,183,0.20829554443359374,9.910797772216796,0.28371289672851563,30.47705882352941,-33774.04580152672,-2198.4732824427483,5029.007633587787
495194,0,0,0,4954455000,4936.257406,0.010005,362,16558,424,-2056,-1229,-76,184,0.2166752502441406,9.910797772216796,0.2537853759765625,30.48294117647059,-33774.04580152672,-2088.549618320611,5056.488549618321
495195,0,0,0,4954465005,4936.267411,0.010005,400,16530,464,-2053,-1228,-86,182,0.239420166015625,9.894038360595703,0.277727392578125,30.491764705882353,-33746.564885496184,-2363.3587786259545,5001.526717557253
495196,0,0,0,4954475011,4936.277417,0.010006,348,16592,436,-2061,-1232,-90,186,0.20829554443359374,9.931148486328125,0.2609679809570312,30.468235294117648,-33856.48854961832,-2473.282442748092,5111.4503816793895
495197,0,0,0,4954485016,4936.287422,0.010005,400,16560,520,-2059,-1234,-87,184,0.239420166015625,9.911994873046874,0.3112462158203125,30.474117647058826,-33911.45038167939,-2390.8396946564885,5056.488549618321
495198,0,0,0,4954495021,4936.297427,0.010005,380,16592,460,-2059,-1233,-90,185,0.22744915771484372,9.931148486328125,0.2753331909179687,30.474117647058826,-33883.96946564886,-2473.282442748092,5083.9694656488555
495199,0,0,0,4954505026,4936.307432,0.010005,384,16470,528,-2054,-1232,-90,189,0.229843359375,9.858125335693359,0.316034619140625,30.488823529411768,-33856.48854961832,-2473.282442748092,5193.893129770992
495200,0,0,0,4954515032,4936.317438,0.010006,362,16550,484,-2057,-1235,-91,190,0.2166752502441406,9.906009368896484,0.28969840087890625,30.48,-33938.931297709925,-2500.7633587786263,5221.374045801527
495201,0,0,0,4954525037,4936.327443,0.010005,322,16520,492,-2055,-1229,-81,183,0.1927332336425781,9.888052856445311,0.29448680419921874,30.48588235294118,-33774.04580152672,-2225.9541984732828,5029.007633587787
495202,0,0,0,4954535042,4936.337448,0.010005,344,16516,506,-2056,-1230,-84,186,0.2059013427734375,9.885658654785155,0.3028665100097656,30.48294117647059,-33801.52671755725,-2308.3969465648856,5111.4503816793895
495203,0,0,0,4954545047,4936.347453,0.010005,364,16556,460,-2053,-1232,-87,190,0.21787235107421873,9.909600671386718,0.2753331909179687,30.491764705882353,-33856.48854961832,-2390.8396946564885,5221.374045801527
495204,0,0,0,4954555052,4936.357458,0.010005,380,16544,454,-2055,-1231,-81,185,0.22744915771484372,9.90241806640625,0.27174188842773433,30.48588235294118,-33829.00763358779,-2225.9541984732828,5083.9694656488555
495205,0,0,0,4954565058,4936.367464,0.010006,340,16534,476,-2053,-1230,-85,187,0.20350714111328125,9.896432562255859,0.28490999755859375,30.491764705882353,-33801.52671755725,-2335.87786259542,5138.931297709924
495206,0,0,0,4954575063,4936.377469,0.010005,332,16570,450,-2055,-1225,-84,188,0.19871873779296872,9.917980377197265,0.2693476867675781,30.48588235294118,-33664.122137404585,-2308.3969465648856,5166.412213740458
495207,0,0,0,4954585068,4936.387474,0.010005,390,16500,446,-2052,-1224,-85,187,0.23343466186523437,9.87608184814453,0.26695348510742184,30.494705882352942,-33636.64122137405,-2335.87786259542,5138.931297709924
495208,0,0,0,4954595073,4936.397479,0.010005,370,16518,490,-2053,-1236,-84,197,0.2214636535644531,9.886855755615233,0.2932897033691406,30.491764705882353,-33966.41221374046,-2308.3969465648856,5413.740458015267
495209,0,0,0,4954605078,4936.407484,0.010005,404,16564,422,-2056,-1234,-90,188,0.24181436767578124,9.91438907470703,0.25258827514648435,30.48294117647059,-33911.45038167939,-2473.282442748092,5166.412213740458
495210,0,0,0,4954615084,4936.41749,0.010006,358,16550,478,-2058,-1231,-90,181,0.21428104858398436,9.906009368896484,0.2861070983886719,30.47705882352941,-33829.00763358779,-2473.282442748092,4974.045801526718
495211,0,0,0,4954625089,4936.427495,0.010005,340,16542,452,-2058,-1234,-80,186,0.20350714111328125,9.90122096557617,0.2705447875976562,30.47705882352941,-33911.45038167939,-2198.4732824427483,5111.4503816793895
495212,0,0,0,4954635094,4936.4375,0.010005,384,16566,482,-2056,-1228,-83,191,0.229843359375,9.91558617553711,0.2885013000488281,30.48294117647059,-33746.564885496184,-2280.916030534351,5248.854961832061
495213,0,0,0,4954645099,4936.447505,0.010005,390,16578,448,-2052,-1229,-90,186,0.23343466186523437,9.922768780517577,0.26815058593749996,30.494705882352942,-33774.04580152672,-2473.282442748092,5111.4503816793895
495214,0,0,0,4954655104,4936.45751,0.010005,340,16564,502,-2048,-1226,-82,188,0.20350714111328125,9.91438907470703,0.30047230834960936,30.506470588235295,-33691.603053435116,-2253.4351145038167,5166.412213740458
495215,0,0,0,4954665110,4936.467516,0.010006,344,16546,494,-2052,-1228,-85,194,0.2059013427734375,9.903615167236328,0.29568390502929687,30.494705882352942,-33746.564885496184,-2335.87786259542,5331.297709923664
495216,0,0,0,4954675115,4936.477521,0.010005,402,16580,524,-2050,-1229,-86,196,0.24061726684570311,9.923965881347655,0.3136404174804687,30.500588235294117,-33774.04580152672,-2363.3587786259545,5386.259541984733
495217,0,0,0,4954685120,4936.487526,0.010005,404,16572,434,-2050,-1233,-84,188,0.24181436767578124,9.919177478027343,0.2597708801269531,30.500588235294117,-33883.96946564886,-2308.3969465648856,5166.412213740458
495218,0,0,0,4954695125,4936.497531,0.010005,428,16540,430,-2054,-1231,-88,191,0.2561795776367187,9.900023864746093,0.25737667846679685,30.488823529411768,-33829.00763358779,-2418.320610687023,5248.854961832061
495219,0,0,0,4954705131,4936.507537,0.010006,358,16564,468,-2057,-1232,-82,196,0.21428104858398436,9.91438907470703,0.28012159423828126,30.48,-33856.48854961832,-2253.4351145038167,5386.259541984733
495220,0,0,0,4954715136,4936.517542,0.010005,418,16578,432,-2064,-1235,-80,190,0.2501940734863281,9.922768780517577,0.258573779296875,30.459411764705884,-33938.931297709925,-2198.4732824427483,5221.374045801527
495221,0,0,0,4954725141,4936.527547,0.010005,386,16544,468,-2054,-1232,-87,188,0.23104046020507812,9.90241806640625,0.28012159423828126,30.488823529411768,-33856.48854961832,-2390.8396946564885,5166.412213740458
495222,0,0,0,4954735146,4936.537552,0.010005,354,16592,502,-2060,-1230,-85,185,0.21188684692382811,9.931148486328125,0.30047230834960936,30.471176470588237,-33801.52671755725,-2335.87786259542,5083.9694656488555
495223,0,0,0,4954745151,4936.547557,0.010005,358,16548,444,-2059,-1230,-85,181,0.21428104858398436,9.904812268066406,0.2657563842773437,30.474117647058826,-33801.52671755725,-2335.87786259542,4974.045801526718
495224,0,0,0,4954755157,4936.557563,0.010006,406,16568,432,-2050,-1227,-86,180,0.24301146850585936,9.916783276367187,0.258573779296875,30.500588235294117,-33719.08396946565,-2363.3587786259545,4946.564885496184
495225,0,0,0,4954765162,4936.567568,0.010005,422,16500,496,-2056,-1228,-87,180,0.25258827514648435,9.87608184814453,0.296881005859375,30.48294117647059,-33746.564885496184,-2390.8396946564885,4946.564885496184
495226,0,0,0,4954775167,4936.577573,0.010005,408,16514,448,-2058,-1234,-83,182,0.2442085693359375,9.884461553955077,0.26815058593749996,30.47705882352941,-33911.45038167939,-2280.916030534351,5001.526717557253
495227,0,0,0,4954785172,4936.587578,0.010005,384,16548,478,-2056,-1235,-91,180,0.229843359375,9.904812268066406,0.2861070983886719,30.48294117647059,-33938.931297709925,-2500.7633587786263,4946.564885496184
495228,0,0,0,4954795177,4936.597583,0.010005,372,16562,396,-2054,-1232,-88,185,0.22266075439453123,9.913191973876952,0.23702596435546874,30.488823529411768,-33856.48854961832,-2418.320610687023,5083.9694656488555
495229,0,0,0,4954805183,4936.607589,0.010006,354,16532,520,-2053,-1224,-85,180,0.21188684692382811,9.89523546142578,0.3112462158203125,30.491764705882353,-33636.64122137405,-2335.87786259542,4946.564885496184
495230,0,0,0,4954815188,4936.617594,0.010005,386,16522,486,-2057,-1233,-81,192,0.23104046020507812,9.889249957275391,0.29089550170898437,30.48,-33883.96946564886,-2225.9541984732828,5276.335877862595
495231,0,0,0,4954825193,4936.627599,0.010005,356,16556,480,-2058,-1234,-81,187,0.21308394775390624,9.909600671386718,0.28730419921875,30.47705882352941,-33911.45038167939,-2225.9541984732828,5138.931297709924
495232,0,0,0,4954835198,4936.637604,0.010005,364,16546,490,-2053,-1226,-76,190,0.21787235107421873,9.903615167236328,0.2932897033691406,30.491764705882353,-33691.603053435116,-2088.549618320611,5221.374045801527
495233,0,0,0,4954845204,4936.64761,0.010006,358,16576,422,-2060,-1226,-89,189,0.21428104858398436,9.9215716796875,0.25258827514648435,30.471176470588237,-33691.603053435116,-2445.8015267175574,5193.893129770992
495234,0,0,0,4954855209,4936.657615,0.010005,344,16538,484,-2055,-1231,-88,192,0.2059013427734375,9.898826763916015,0.28969840087890625,30.48588235294118,-33829.00763358779,-2418.320610687023,5276.335877862595
495235,0,0,0,4954865214,4936.66762,0.010005,364,16548,484,-2056,-1231,-83,184,0.21787235107421873,9.904812268066406,0.28969840087890625,30.48294117647059,-33829.00763358779,-2280.916030534351,5056.488549618321
495236,0,0,0,4954875219,4936.677625,0.010005,342,16564,434,-2058,-1234,-89,184,0.20470424194335937,9.91438907470703,0.2597708801269531,30.47705882352941,-33911.45038167939,-2445.8015267175574,5056.488549618321
495237,0,0,0,4954885224,4936.68763,0.010005,378,16524,518,-2051,-1235,-83,183,0.2262520568847656,9.890447058105469,0.31004911499023435,30.49764705882353,-33938.931297709925,-2280.916030534351,5029.007633587787
495238,0,0,0,4954895230,4936.697636,0.010006,368,16522,448,-2056,-1232,-82,188,0.22026655273437498,9.889249957275391,0.26815058593749996,30.48294117647059,-33856.48854961832,-2253.4351145038167,5166.412213740458
495239,0,0,0,4954905235,4936.707641,0.010005,374,16552,422,-2059,-1229,-94,188,0.22385785522460935,9.907206469726562,0.25258827514648435,30.474117647058826,-33774.04580152672,-2583.206106870229,5166.412213740458
495240,0,0,0,4954915240,4936.717646,0.010005,370,16490,456,-2059,-1226,-92,190,0.2214636535644531,9.87009634399414,0.27293898925781246,30.474117647058826,-33691.603053435116,-2528.2442748091603,5221.374045801527
495241,0,0,0,4954925245,4936.727651,0.010005,368,16546,448,-2056,-1231,-83,185,0.22026655273437498,9.903615167236328,0.26815058593749996,30.48294117647059,-33829.00763358779,-2280.916030534351,5083.9694656488555
495242,0,0,0,4954935251,4936.737657,0.010006,402,16566,526,-2059,-1233,-81,186,0.24061726684570311,9.91558617553711,0.31483751831054685,30.474117647058826,-33883.96946564886,-2225.9541984732828,5111.4503816793895
495243,0,0,0,4954945256,4936.747662,0.010005,394,16586,482,-2061,-1235,-81,182,0.23582886352539062,9.92755718383789,0.2885013000488281,30.468235294117648,-33938.931297709925,-2225.9541984732828,5001.526717557253
495244,0,0,0,4954955261,4936.757667,0.010005,356,16578,498,-2055,-1237,-89,180,0.21308394775390624,9.922768780517577,0.2980781066894531,30.48588235294118,-33993.89312977099,-2445.8015267175574,4946.564885496184
495245,0,0,0,4954965266,4936.767672,0.010005,342,16596,432,-2054,-1235,-90,181,0.20470424194335937,9.93354268798828,0.258573779296875,30.488823529411768,-33938.931297709925,-2473.282442748092,4974.045801526718
495246,0,0,0,4954975271,4936.777677,0.010005,364,16584,532,-2053,-1235,-87,196,0.21787235107421873,9.926360083007811,0.3184288208007812,30.491764705882353,-33938.931297709925,-2390.8396946564885,5386.259541984733
495247,0,0,0,4954985277,4936.787683,0.010006,364,16522,510,-2050,-1224,-84,189,0.21787235107421873,9.889249957275391,0.30526071166992186,30.500588235294117,-33636.64122137405,-2308.3969465648856,5193.893129770992
495248,0,0,0,4954995282,4936.797688,0.010005,364,16528,500,-2054,-1231,-80,191,0.21787235107421873,9.892841259765625,0.29927520751953124,30.488823529411768,-33829.00763358779,-2198.4732824427483,5248.854961832061
495249,0,0,0,4955005287,4936.807693,0.010005,404,16552,478,-2052,-1229,-90,193,0.24181436767578124,9.907206469726562,0.2861070983886719,30.494705882352942,-33774.04580152672,-2473.282442748092,5303.81679389313
495250,0,0,0,4955015292,4936.817698,0.010005,326,16530,424,-2059,-1231,-87,188,0.19512743530273435,9.894038360595703,0.2537853759765625,30.474117647058826,-33829.00763358779,-2390.8396946564885,5166.412213740458
495251,0,0,0,4955025297,4936.827703,0.010005,398,16510,538,-2051,-1234,-88,189,0.23822306518554687,9.882067352294921,0.3220201232910156,30.49764705882353,-33911.45038167939,-2418.320610687023,5193.893129770992
495252,0,0,0,4955035303,4936.837709,0.010006,380,16528,460,-2055,-1225,-82,179,0.22744915771484372,9.892841259765625,0.2753331909179687,30.48588235294118,-33664.122137404585,-2253.4351145038167,4919.083969465649
495253,0,0,0,4955045308,4936.847714,0.010005,366,16544,464,-2053,-1227,-82,180,0.21906945190429686,9.90241806640625,0.277727392578125,30.491764705882353,-33719.08396946565,-2253.4351145038167,4946.564885496184
495254,0,0,0,4955055313,4936.857719,0.010005,366,16554,460,-2052,-1233,-85,184,0.21906945190429686,9.90840357055664,0.2753331909179687,30.494705882352942,-33883.96946564886,-2335.87786259542,5056.488549618321
495255,0,0,0,4955065318,4936.867724,0.010005,408,16600,462,-2058,-1235,-79,189,0.2442085693359375,9.935936889648437,0.2765302917480469,30.47705882352941,-33938.931297709925,-2170.992366412214,5193.893129770992
495256,0,0,0,4955075324,4936.87773,0.010006,334,16604,456,-2056,-1227,-85,195,0.19991583862304688,9.938331091308592,0.27293898925781246,30.48294117647059,-33719.08396946565,-2335.87786259542,5358.778625954199
495257,0,0,0,4955085329,4936.887735,0.010005,420,16562,420,-2061,-1227,-85,192,0.25139117431640623,9.913191973876952,0.25139117431640623,30.468235294117648,-33719.08396946565,-2335.87786259542,5276.335877862595
495258,0,0,0,4955095334,4936.89774,0.010005,416,16530,446,-2054,-1229,-82,184,0.24899697265624998,9.894038360595703,0.26695348510742184,30.488823529411768,-33774.04580152672,-2253.4351145038167,5056.488549618321
495259,0,0,0,4955105339,4936.907745,0.010005,382,16562,472,-2060,-1230,-85,181,0.22864625854492185,9.913191973876952,0.2825157958984375,30.471176470588237,-33801.52671755725,-2335.87786259542,4974.045801526718
495260,0,0,0,4955115344,4936.91775,0.010005,332,16572,496,-2050,-1223,-86,186,0.19871873779296872,9.919177478027343,0.296881005859375,30.500588235294117,-33609.16030534351,-2363.3587786259545,5111.4503816793895
495261,0,0,0,4955125350,4936.927756,0.010006,378,16562,432,-2051,-1229,-89,179,0.2262520568847656,9.913191973876952,0.258573779296875,30.49764705882353,-33774.04580152672,-2445.8015267175574,4919.083969465649
495262,0,0,0,4955135355,4936.937761,0.010005,360,16614,476,-2055,-1226,-79,180,0.2154781494140625,9.944316595458984,0.28490999755859375,30.48588235294118,-33691.603053435116,-2170.992366412214,4946.564885496184
495263,0,0,0,4955145360,4936.947766,0.010005,336,16534,454,-2051,-1227,-76,185,0.201112939453125,9.896432562255859,0.27174188842773433,30.49764705882353,-33719.08396946565,-2088.549618320611,5083.9694656488555
495264,0,0,0,4955155365,4936.957771,0.010005,402,16542,404,-2053,-1232,-88,190,0.24061726684570311,9.90122096557617,0.24181436767578124,30.491764705882353,-33856.48854961832,-2418.320610687023,5221.374045801527
495265,0,0,0,4955165370,4936.967776,0.010005,384,16510,458,-2051,-1231,-83,186,0.229843359375,9.882067352294921,0.2741360900878906,30.49764705882353,-33829.00763358779,-2280.916030534351,5111.4503816793895
495266,0,0,0,4955175376,4936.977782,0.010006,352,16560,466,-2055,-1230,-85,175,0.21068974609375,9.911994873046874,0.27892449340820313,30.48588235294118,-33801.52671755725,-2335.87786259542,4809.160305343512
495267,0,0,0,4955185381,4936.987787,0.010005,396,16548,462,-2052,-1236,-81,187,0.23702596435546874,9.904812268066406,0.2765302917480469,30.494705882352942,-33966.41221374046,-2225.9541984732828,5138.931297709924
495268,0,0,0,4955195386,4936.997792,0.010005,346,16504,464,-2054,-1236,-88,186,0.20709844360351562,9.878476049804688,0.277727392578125,30.488823529411768,-33966.41221374046,-2418.320610687023,5111.4503816793895
495269,0,0,0,4955205391,4937.007797,0.010005,412,16546,558,-2053,-1228,-84,188,0.24660277099609373,9.903615167236328,0.33399113159179683,30.491764705882353,-33746.564885496184,-2308.3969465648856,5166.412213740458
495270,0,0,0,4955215397,4937.017803,0.010006,368,16522,508,-2051,-1228,-83,190,0.22026655273437498,9.889249957275391,0.30406361083984373,30.49764705882353,-33746.564885496184,-2280.916030534351,5221.374045801527
495271,0,0,0,4955225402,4937.027808,0.010005,374,16564,438,-2054,-1231,-89,186,0.22385785522460935,9.91438907470703,0.26216508178710934,30.488823529411768,-33829.00763358779,-2445.8015267175574,5111.4503816793895
495272,0,0,0,4955235407,4937.037813,0.010005,382,16540,424,-2060,-1228,-86,188,0.22864625854492185,9.900023864746093,0.2537853759765625,30.471176470588237,-33746.564885496184,-2363.3587786259545,5166.412213740458
495273,0,0,0,4955245412,4937.047818,0.010005,364,16530,462,-2051,-1231,-85,184,0.21787235107421873,9.894038360595703,0.2765302917480469,30.49764705882353,-33829.00763358779,-2335.87786259542,5056.488549618321
495274,0,0,0,4955255417,4937.057823,0.010005,398,16518,470,-2050,-1226,-87,181,0.23822306518554687,9.886855755615233,0.2813186950683594,30.500588235294117,-33691.603053435116,-2390.8396946564885,4974.045801526718
495275,0,0,0,4955265423,4937.067829,0.010006,386,16548,468,-2050,-1226,-82,189,0.23104046020507812,9.904812268066406,0.28012159423828126,30.500588235294117,-33691.603053435116,-2253.4351145038167,5193.893129770992
495276,0,0,0,4955275428,4937.077834,0.010005,396,16544,458,-2053,-1227,-86,185,0.23702596435546874,9.90241806640625,0.2741360900878906,30.491764705882353,-33719.08396946565,-2363.3587786259545,5083.9694656488555
495277,0,0,0,4955285433,4937.087839,0.010005,374,16546,496,-2050,-1230,-84,185,0.22385785522460935,9.903615167236328,0.296881005859375,30.500588235294117,-33801.52671755725,-2308.3969465648856,5083.9694656488555
495278,0,0,0,4955295438,4937.097844,0.010005,404,16560,558,-2056,-1230,-78,188,0.24181436767578124,9.911994873046874,0.33399113159179683,30.48294117647059,-33801.52671755725,-2143.5114503816794,5166.412213740458
495279,0,0,0,4955305443,4937.107849,0.010005,408,16546,464,-2058,-1235,-83,184,0.2442085693359375,9.903615167236328,0.277727392578125,30.47705882352941,-33938.931297709925,-2280.916030534351,5056.488549618321
495280,0,0,0,4955315449,4937.117855,0.010006,382,16570,470,-2056,-1231,-91,181,0.22864625854492185,9.917980377197265,0.2813186950683594,30.48294117647059,-33829.00763358779,-2500.7633587786263,4974.045801526718
495281,0,0,0,4955325454,4937.12786,0.010005,418,16514,402,-2055,-1225,-79,182,0.2501940734863281,9.884461553955077,0.24061726684570311,30.48588235294118,-33664.122137404585,-2170.992366412214,5001.526717557253
495282,0,0,0,4955335459,4937.137865,0.010005,348,16506,452,-2055,-1230,-82,181,0.20829554443359374,9.879673150634765,0.2705447875976562,30.48588235294118,-33801.52671755725,-2253.4351145038167,4974.045801526718
495283,0,0,0,4955345464,4937.14787,0.010005,356,16528,470,-2054,-1232,-83,183,0.21308394775390624,9.892841259765625,0.2813186950683594,30.488823529411768,-33856.48854961832,-2280.916030534351,5029.007633587787
495284,0,0,0,4955355470,4937.157876,0.010006,362,16556,480,-2053,-1238,-83,189,0.2166752502441406,9.909600671386718,0.28730419921875,30.491764705882353,-34021.37404580153,-2280.916030534351,5193.893129770992
495285,0,0,0,4955365475,4937.167881,0.010005,346,16522,482,-2049,-1230,-85,182,0.20709844360351562,9.889249957275391,0.2885013000488281,30.503529411764706,-33801.52671755725,-2335.87786259542,5001.526717557253
495286,0,0,0,4955375480,4937.177886,0.010005,384,16570,456,-2052,-1226,-85,191,0.229843359375,9.917980377197265,0.27293898925781246,30.494705882352942,-33691.603053435116,-2335.87786259542,5248.854961832061
495287,0,0,0,4955385485,4937.187891,0.010005,390,16568,446,-2059,-1226,-84,179,0.23343466186523437,9.916783276367187,0.26695348510742184,30.474117647058826,-33691.603053435116,-2308.3969465648856,4919.083969465649
495288,0,0,0,4955395490,4937.197896,0.010005,324,16566,502,-2055,-1230,-89,188,0.19393033447265623,9.91558617553711,0.30047230834960936,30.48588235294118,-33801.52671755725,-2445.8015267175574,5166.412213740458
495289,0,0,0,4955405496,4937.207902,0.010006,372,16546,476,-2055,-1230,-88,185,0.22266075439453123,9.903615167236328,0.28490999755859375,30.48588235294118,-33801.52671755725,-2418.320610687023,5083.9694656488555
495290,0,0,0,4955415501,4937.217907,0.010005,362,16564,474,-2051,-1226,-87,180,0.2166752502441406,9.91438907470703,0.28371289672851563,30.49764705882353,-33691.603053435116,-2390.8396946564885,4946.564885496184
495291,0,0,0,4955425506,4937.227912,0.010005,374,16546,478,-2054,-1228,-89,178,0.22385785522460935,9.903615167236328,0.2861070983886719,30.488823529411768,-33746.564885496184,-2445.8015267175574,4891.603053435115
495292,0,0,0,4955435511,4937.237917,0.010005,388,16506,466,-2056,-1230,-91,179,0.23223756103515625,9.879673150634765,0.27892449340820313,30.48294117647059,-33801.52671755725,-2500.7633587786263,4919.083969465649
495293,0,0,0,4955445516,4937.247922,0.010005,346,16528,476,-2048,-1231,-83,191,0.20709844360351562,9.892841259765625,0.28490999755859375,30.506470588235295,-33829.00763358779,-2280.916030534351,5248.854961832061
495294,0,0,0,4955455522,4937.257928,0.010006,338,16584,498,-2050,-1232,-83,185,0.20231004028320312,9.926360083007811,0.2980781066894531,30.500588235294117,-33856.48854961832,-2280.916030534351,5083.9694656488555
495295,0,0,0,4955465527,4937.267933,0.010005,402,16516,482,-2054,-1234,-88,191,0.24061726684570311,9.885658654785155,0.2885013000488281,30.488823529411768,-33911.45038167939,-2418.320610687023,5248.854961832061
495296,0,0,0,4955475532,4937.277938,0.010005,384,16508,446,-2052,-1230,-85,191,0.229843359375,9.880870251464843,0.26695348510742184,30.494705882352942,-33801.52671755725,-2335.87786259542,5248.854961832061
495297,0,0,0,4955485537,4937.287943,0.010005,366,16566,452,-2051,-1232,-78,179,0.21906945190429686,9.91558617553711,0.2705447875976562,30.49764705882353,-33856.48854961832,-2143.5114503816794,4919.083969465649
495298,0,0,0,4955495543,4937.297949,0.010006,334,16546,530,-2055,-1230,-91,185,0.19991583862304688,9.903615167236328,0.3172317199707031,30.48588235294118,-33801.52671755725,-2500.7633587786263,5083.9694656488555
495299,0,0,0,4955505548,4937.307954,0.010005,342,16556,448,-2056,-1225,-91,183,0.20470424194335937,9.909600671386718,0.26815058593749996,30.48294117647059,-33664.122137404585,-2500.7633587786263,5029.007633587787
495300,0,0,0,4955515553,4937.317959,0.010005,382,16554,536,-2058,-1235,-93,181,0.22864625854492185,9.90840357055664,0.32082302246093747,30.47705882352941,-33938.931297709925,-2555.7251908396947,4974.045801526718
495301,0,0,0,4955525558,4937.327964,0.010005,398,16502,492,-2060,-1226,-86,183,0.23822306518554687,9.87727894897461,0.29448680419921874,30.471176470588237,-33691.603053435116,-2363.3587786259545,5029.007633587787
495302,0,0,0,4955535563,4937.337969,0.010005,380,16518,464,-2054,-1230,-81,183,0.22744915771484372,9.886855755615233,0.277727392578125,30.488823529411768,-33801.52671755725,-2225.9541984732828,5029.007633587787
495303,0,0,0,4955545569,4937.347975,0.010006,418,16558,514,-2046,-1226,-87,177,0.2501940734863281,9.910797772216796,0.3076549133300781,30.512352941176474,-33691.603053435116,-2390.8396946564885,4864.122137404581
495304,0,0,0,4955555574,4937.35798,0.010005,390,16536,478,-2047,-1232,-88,184,0.23343466186523437,9.897629663085937,0.2861070983886719,30.509411764705884,-33856.48854961832,-2418.320610687023,5056.488549618321
495305,0,0,0,4955565579,4937.367985,0.010005,374,16526,462,-2055,-1233,-96,191,0.22385785522460935,9.891644158935547,0.2765302917480469,30.48588235294118,-33883.96946564886,-2638.1679389312976,5248.854961832061
495306,0,0,0,4955575584,4937.37799,0.010005,400,16532,454,-2054,-1228,-84,187,0.239420166015625,9.89523546142578,0.27174188842773433,30.488823529411768,-33746.564885496184,-2308.3969465648856,5138.931297709924
495307,0,0,0,4955585589,4937.387995,0.010005,370,16564,510,-2050,-1231,-83,188,0.2214636535644531,9.91438907470703,0.30526071166992186,30.500588235294117,-33829.00763358779,-2280.916030534351,5166.412213740458
495308,0,0,0,4955595595,4937.398001,0.010006,370,16582,436,-2051,-1225,-88,188,0.2214636535644531,9.925162982177733,0.2609679809570312,30.49764705882353,-33664.122137404585,-2418.320610687023,5166.412213740458
495309,0,0,0,4955605600,4937.408006,0.010005,386,16540,454,-2051,-1232,-86,190,0.23104046020507812,9.900023864746093,0.27174188842773433,30.49764705882353,-33856.48854961832,-2363.3587786259545,5221.374045801527
495310,0,0,0,4955615605,4937.418011,0.010005,382,16532,514,-2052,-1229,-88,191,0.22864625854492185,9.89523546142578,0.3076549133300781,30.494705882352942,-33774.04580152672,-2418.320610687023,5248.854961832061
495311,0,0,0,4955625610,4937.428016,0.010005,388,16578,490,-2048,-1229,-88,183,0.23223756103515625,9.922768780517577,0.2932897033691406,30.506470588235295,-33774.04580152672,-2418.320610687023,5029.007633587787
495312,0,0,0,4955635616,4937.438022,0.010006,390,16542,468,-2055,-1233,-92,186,0.23343466186523437,9.90122096557617,0.28012159423828126,30.48588235294118,-33883.96946564886,-2528.2442748091603,5111.4503816793895
495313,0,0,0,4955645621,4937.448027,0.010005,366,16554,462,-2053,-1233,-88,185,0.21906945190429686,9.90840357055664,0.2765302917480469,30.491764705882353,-33883.96946564886,-2418.320610687023,5083.9694656488555
495314,0,0,0,4955655626,4937.458032,0.010005,390,16516,452,-2053,-1226,-93,181,0.23343466186523437,9.885658654785155,0.2705447875976562,30.491764705882353,-33691.603053435116,-2555.7251908396947,4974.045801526718
495315,0,0,0,4955665631,4937.468037,0.010005,384,16594,524,-2059,-1227,-87,181,0.229843359375,9.932345587158203,0.3136404174804687,30.474117647058826,-33719.08396946565,-2390.8396946564885,4974.045801526718
495316,0,0,0,4955675636,4937.478042,0.010005,350,16590,444,-2057,-1230,-90,190,0.20949264526367187,9.929951385498047,0.2657563842773437,30.48,-33801.52671755725,-2473.282442748092,5221.374045801527
495317,0,0,0,4955685642,4937.488048,0.010006,412,16534,466,-2050,-1232,-84,183,0.24660277099609373,9.896432562255859,0.27892449340820313,30.500588235294117,-33856.48854961832,-2308.3969465648856,5029.007633587787
495318,0,0,0,4955695647,4937.498053,0.010005,354,16556,458,-2052,-1228,-93,189,0.21188684692382811,9.909600671386718,0.2741360900878906,30.494705882352942,-33746.564885496184,-2555.7251908396947,5193.893129770992
495319,0,0,0,4955705652,4937.508058,0.010005,336,16570,548,-2052,-1229,-88,191,0.201112939453125,9.917980377197265,0.3280056274414062,30.494705882352942,-33774.04580152672,-2418.320610687023,5248.854961832061
495320,0,0,0,4955715657,4937.518063,0.010005,390,16534,432,-2047,-1234,-87,192,0.23343466186523437,9.896432562255859,0.258573779296875,30.509411764705884,-33911.45038167939,-2390.8396946564885,5276.335877862595
495321,0,0,0,4955725663,4937.528069,0.010006,376,16566,480,-2050,-1232,-93,187,0.22505495605468748,9.91558617553711,0.28730419921875,30.500588235294117,-33856.48854961832,-2555.7251908396947,5138.931297709924
495322,0,0,0,4955735668,4937.538074,0.010005,362,16514,500,-2048,-1234,-89,186,0.2166752502441406,9.884461553955077,0.29927520751953124,30.506470588235295,-33911.45038167939,-2445.8015267175574,5111.4503816793895
495323,0,0,0,4955745673,4937.548079,0.010005,370,16530,410,-2049,-1238,-89,183,0.2214636535644531,9.894038360595703,0.2454056701660156,30.503529411764706,-34021.37404580153,-2445.8015267175574,5029.007633587787
495324,0,0,0,4955755678,4937.558084,0.010005,358,16548,432,-2051,-1237,-85,178,0.21428104858398436,9.904812268066406,0.258573779296875,30.49764705882353,-33993.89312977099,-2335.87786259542,4891.603053435115
495325,0,0,0,4955765683,4937.568089,0.010005,370,16576,476,-2056,-1233,-82,174,0.2214636535644531,9.9215716796875,0.28490999755859375,30.48294117647059,-33883.96946564886,-2253.4351145038167,4781.679389312977
495326,0,0,0,4955775689,4937.578095,0.010006,380,16526,478,-2045,-1229,-82,187,0.22744915771484372,9.891644158935547,0.2861070983886719,30.51529411764706,-33774.04580152672,-2253.4351145038167,5138.931297709924
495327,0,0,0,4955785694,4937.5881,0.010005,394,16556,486,-2046,-1231,-79,181,0.23582886352539062,9.909600671386718,0.29089550170898437,30.512352941176474,-33829.00763358779,-2170.992366412214,4974.045801526718
495328,0,0,0,4955795699,4937.598105,0.010005,382,16574,470,-2052,-1235,-82,179,0.22864625854492185,9.920374578857421,0.2813186950683594,30.494705882352942,-33938.931297709925,-2253.4351145038167,4919.083969465649
495329,0,0,0,4955805704,4937.60811,0.010005,388,16584,490,-2050,-1230,-95,183,0.23223756103515625,9.926360083007811,0.2932897033691406,30.500588235294117,-33801.52671755725,-2610.6870229007636,5029.007633587787
495330,0,0,0,4955815709,4937.618115,0.010005,364,16542,474,-2054,-1230,-88,185,0.21787235107421873,9.90122096557617,0.28371289672851563,30.488823529411768,-33801.52671755725,-2418.320610687023,5083.9694656488555
495331,0,0,0,4955825715,4937.628121,0.010006,356,16560,490,-2048,-1229,-88,187,0.21308394775390624,9.911994873046874,0.2932897033691406,30.506470588235295,-33774.04580152672,-2418.320610687023,5138.931297709924
495332,0,0,0,4955835720,4937.638126,0.010005,410,16550,448,-2046,-1234,-84,191,0.2454056701660156,9.906009368896484,0.26815058593749996,30.512352941176474,-33911.45038167939,-2308.3969465648856,5248.854961832061
495333,0,0,0,4955845725,4937.648131,0.010005,394,16544,474,-2047,-1230,-85,193,0.23582886352539062,9.90241806640625,0.28371289672851563,30.509411764705884,-33801.52671755725,-2335.87786259542,5303.81679389313
495334,0,0,0,4955855730,4937.658136,0.010005,372,16550,440,-2045,-1229,-91,181,0.22266075439453123,9.906009368896484,0.26336218261718747,30.51529411764706,-33774.04580152672,-2500.7633587786263,4974.045801526718
495335,0,0,0,4955865736,4937.668142,0.010006,340,16548,458,-2049,-1228,-87,182,0.20350714111328125,9.904812268066406,0.2741360900878906,30.503529411764706,-33746.564885496184,-2390.8396946564885,5001.526717557253
495336,0,0,0,4955875741,4937.678147,0.010005,398,16542,518,-2051,-1236,-86,184,0.23822306518554687,9.90122096557617,0.31004911499023435,30.49764705882353,-33966.41221374046,-2363.3587786259545,5056.488549618321
495337,0,0,0,4955885746,4937.688152,0.010005,380,16542,454,-2051,-1230,-82,181,0.22744915771484372,9.90122096557617,0.27174188842773433,30.49764705882353,-33801.52671755725,-2253.4351145038167,4974.045801526718
495338,0,0,0,4955895751,4937.698157,0.010005,360,16526,372,-2054,-1229,-91,178,0.2154781494140625,9.891644158935547,0.22266075439453123,30.488823529411768,-33774.04580152672,-2500.7633587786263,4891.603053435115
495339,0,0,0,4955905756,4937.708162,0.010005,372,16528,458,-2054,-1230,-92,182,0.22266075439453123,9.892841259765625,0.2741360900878906,30.488823529411768,-33801.52671755725,-2528.2442748091603,5001.526717557253
495340,0,0,0,4955915762,4937.718168,0.010006,306,16560,516,-2052,-1224,-88,181,0.18315642700195311,9.911994873046874,0.30885201416015623,30.494705882352942,-33636.64122137405,-2418.320610687023,4974.045801526718
495341,0,0,0,4955925767,4937.728173,0.010005,392,16536,456,-2053,-1225,-86,182,0.2346317626953125,9.897629663085937,0.27293898925781246,30.491764705882353,-33664.122137404585,-2363.3587786259545,5001.526717557253
495342,0,0,0,4955935772,4937.738178,0.010005,384,16570,446,-2047,-1227,-77,180,0.229843359375,9.917980377197265,0.26695348510742184,30.509411764705884,-33719.08396946565,-2116.030534351145,4946.564885496184
495343,0,0,0,4955945777,4937.748183,0.010005,366,16492,458,-2049,-1224,-82,192,0.21906945190429686,9.871293444824218,0.2741360900878906,30.503529411764706,-33636.64122137405,-2253.4351145038167,5276.335877862595
495344,0,0,0,4955955783,4937.758189,0.010006,376,16536,458,-2050,-1231,-80,189,0.22505495605468748,9.897629663085937,0.2741360900878906,30.500588235294117,-33829.00763358779,-2198.4732824427483,5193.893129770992
495345,0,0,0,4955965788,4937.768194,0.010005,352,16566,418,-2055,-1230,-89,183,0.21068974609375,9.91558617553711,0.2501940734863281,30.48588235294118,-33801.52671755725,-2445.8015267175574,5029.007633587787
495346,0,0,0,4955975793,4937.778199,0.010005,352,16520,430,-2058,-1226,-87,184,0.21068974609375,9.888052856445311,0.25737667846679685,30.47705882352941,-33691.603053435116,-2390.8396946564885,5056.488549618321
495347,0,0,0,4955985798,4937.788204,0.010005,364,16560,454,-2046,-1228,-83,180,0.21787235107421873,9.911994873046874,0.27174188842773433,30.512352941176474,-33746.564885496184,-2280.916030534351,4946.564885496184
495348,0,0,0,4955995803,4937.798209,0.010005,360,16550,458,-2050,-1232,-90,183,0.2154781494140625,9.906009368896484,0.2741360900878906,30.500588235294117,-33856.48854961832,-2473.282442748092,5029.007633587787
495349,0,0,0,4956005809,4937.808215,0.010006,396,16508,412,-2049,-1229,-93,178,0.23702596435546874,9.880870251464843,0.24660277099609373,30.503529411764706,-33774.04580152672,-2555.7251908396947,4891.603053435115
495350,0,0,0,4956015814,4937.81822,0.010005,358,16538,464,-2047,-1232,-89,179,0.21428104858398436,9.898826763916015,0.277727392578125,30.509411764705884,-33856.48854961832,-2445.8015267175574,4919.083969465649
495351,0,0,0,4956025819,4937.828225,0.010005,378,16564,466,-2053,-1229,-86,185,0.2262520568847656,9.91438907470703,0.27892449340820313,30.491764705882353,-33774.04580152672,-2363.3587786259545,5083.9694656488555
495352,0,0,0,4956035824,4937.83823,0.010005,386,16576,438,-2052,-1230,-90,185,0.23104046020507812,9.9215716796875,0.26216508178710934,30.494705882352942,-33801.52671755725,-2473.282442748092,5083.9694656488555
495353,0,0,0,4956045829,4937.848235,0.010005,400,16610,458,-2048,-1234,-86,184,0.239420166015625,9.941922393798828,0.2741360900878906,30.506470588235295,-33911.45038167939,-2363.3587786259545,5056.488549618321
495354,0,0,0,4956055835,4937.858241,0.010006,376,16564,480,-2048,-1229,-85,185,0.22505495605468748,9.91438907470703,0.28730419921875,30.506470588235295,-33774.04580152672,-2335.87786259542,5083.9694656488555
495355,0,0,0,4956065840,4937.868246,0.010005,392,16562,474,-2051,-1227,-93,183,0.2346317626953125,9.913191973876952,0.28371289672851563,30.49764705882353,-33719.08396946565,-2555.7251908396947,5029.007633587787
495356,0,0,0,4956075845,4937.878251,0.010005,378,16548,500,-2054,-1226,-95,188,0.2262520568847656,9.904812268066406,0.29927520751953124,30.488823529411768,-33691.603053435116,-2610.6870229007636,5166.412213740458
495357,0,0,0,4956085850,4937.888256,0.010005,360,16522,432,-2057,-1219,-90,187,0.2154781494140625,9.889249957275391,0.258573779296875,30.48,-33499.236641221374,-2473.282442748092,5138.931297709924
495358,0,0,0,4956095856,4937.898262,0.010006,394,16532,492,-2050,-1230,-81,183,0.23582886352539062,9.89523546142578,0.29448680419921874,30.500588235294117,-33801.52671755725,-2225.9541984732828,5029.007633587787
495359,0,0,0,4956105861,4937.908267,0.010005,380,16566,384,-2053,-1230,-92,183,0.22744915771484372,9.91558617553711,0.229843359375,30.491764705882353,-33801.52671755725,-2528.2442748091603,5029.007633587787
495360,0,0,0,4956115866,4937.918272,0.010005,378,16548,492,-2052,-1234,-93,188,0.2262520568847656,9.904812268066406,0.29448680419921874,30.494705882352942,-33911.45038167939,-2555.7251908396947,5166.412213740458
495361,0,0,0,4956125871,4937.928277,0.010005,368,16576,482,-2053,-1231,-85,184,0.22026655273437498,9.9215716796875,0.2885013000488281,30.491764705882353,-33829.00763358779,-2335.87786259542,5056.488549618321
495362,0,0,0,4956135876,4937.938282,0.010005,350,16534,478,-2053,-1234,-89,187,0.20949264526367187,9.896432562255859,0.2861070983886719,30.491764705882353,-33911.45038167939,-2445.8015267175574,5138.931297709924
495363,0,0,0,4956145882,4937.948288,0.010006,398,16560,394,-2049,-1234,-86,195,0.23822306518554687,9.911994873046874,0.23582886352539062,30.503529411764706,-33911.45038167939,-2363.3587786259545,5358.778625954199
495364,0,0,0,4956155887,4937.958293,0.010005,388,16536,476,-2052,-1231,-87,185,0.23223756103515625,9.897629663085937,0.28490999755859375,30.494705882352942,-33829.00763358779,-2390.8396946564885,5083.9694656488555
495365,0,0,0,4956165892,4937.968298,0.010005,398,16548,498,-2053,-1229,-84,196,0.23822306518554687,9.904812268066406,0.2980781066894531,30.491764705882353,-33774.04580152672,-2308.3969465648856,5386.259541984733
495366,0,0,0,4956175897,4937.978303,0.010005,364,16554,456,-2051,-1233,-87,180,0.21787235107421873,9.90840357055664,0.27293898925781246,30.49764705882353,-33883.96946564886,-2390.8396946564885,4946.564885496184
495367,0,0,0,4956185902,4937.988308,0.010005,392,16552,476,-2048,-1231,-83,185,0.2346317626953125,9.907206469726562,0.28490999755859375,30.506470588235295,-33829.00763358779,-2280.916030534351,5083.9694656488555
495368,0,0,0,4956195908,4937.998314,0.010006,372,16560,506,-2050,-1225,-80,182,0.22266075439453123,9.911994873046874,0.3028665100097656,30.500588235294117,-33664.122137404585,-2198.4732824427483,5001.526717557253
495369,0,0,0,4956205913,4938.008319,0.010005,374,16548,492,-2050,-1227,-82,179,0.22385785522460935,9.904812268066406,0.29448680419921874,30.500588235294117,-33719.08396946565,-2253.4351145038167,4919.083969465649
495370,0,0,0,4956215918,4938.018324,0.010005,364,16560,458,-2051,-1228,-86,180,0.21787235107421873,9.911994873046874,0.2741360900878906,30.49764705882353,-33746.564885496184,-2363.3587786259545,4946.564885496184
495371,0,0,0,4956225923,4938.028329,0.010005,358,16576,438,-2052,-1230,-90,188,0.21428104858398436,9.9215716796875,0.26216508178710934,30.494705882352942,-33801.52671755725,-2473.282442748092,5166.412213740458
495372,0,0,0,4956235929,4938.038335,0.010006,388,16514,502,-2053,-1227,-85,193,0.23223756103515625,9.884461553955077,0.30047230834960936,30.491764705882353,-33719.08396946565,-2335.87786259542,5303.81679389313
495373,0,0,0,4956245934,4938.04834,0.010005,398,16586,512,-2053,-1227,-83,189,0.23822306518554687,9.92755718383789,0.3064578125,30.491764705882353,-33719.08396946565,-2280.916030534351,5193.893129770992
495374,0,0,0,4956255939,4938.058345,0.010005,370,16506,454,-2044,-1227,-86,189,0.2214636535644531,9.879673150634765,0.27174188842773433,30.51823529411765,-33719.08396946565,-2363.3587786259545,5193.893129770992
495375,0,0,0,4956265944,4938.06835,0.010005,360,16510,446,-2047,-1230,-77,188,0.2154781494140625,9.882067352294921,0.26695348510742184,30.509411764705884,-33801.52671755725,-2116.030534351145,5166.412213740458
495376,0,0,0,4956275949,4938.078355,0.010005,388,16524,476,-2051,-1228,-76,186,0.23223756103515625,9.890447058105469,0.28490999755859375,30.49764705882353,-33746.564885496184,-2088.549618320611,5111.4503816793895
495377,0,0,0,4956285955,4938.088361,0.010006,358,16554,470,-2054,-1230,-92,181,0.21428104858398436,9.90840357055664,0.2813186950683594,30.488823529411768,-33801.52671755725,-2528.2442748091603,4974.045801526718
495378,0,0,0,4956295960,4938.098366,0.010005,400,16588,498,-2051,-1229,-85,183,0.239420166015625,9.928754284667969,0.2980781066894531,30.49764705882353,-33774.04580152672,-2335.87786259542,5029.007633587787
495379,0,0,0,4956305965,4938.108371,0.010005,376,16552,460,-2055,-1232,-92,190,0.22505495605468748,9.907206469726562,0.2753331909179687,30.48588235294118,-33856.48854961832,-2528.2442748091603,5221.374045801527
495380,0,0,0,4956315970,4938.118376,0.010005,352,16512,424,-2059,-1231,-84,184,0.21068974609375,9.883264453125,0.2537853759765625,30.474117647058826,-33829.00763358779,-2308.3969465648856,5056.488549618321
495381,0,0,0,4956325975,4938.128381,0.010005,388,16524,472,-2058,-1229,-85,186,0.23223756103515625,9.890447058105469,0.2825157958984375,30.47705882352941,-33774.04580152672,-2335.87786259542,5111.4503816793895
495382,0,0,0,4956335981,4938.138387,0.010006,354,16484,498,-2056,-1229,-94,185,0.21188684692382811,9.866505041503906,0.2980781066894531,30.48294117647059,-33774.04580152672,-2583.206106870229,5083.9694656488555
495383,0,0,0,4956345986,4938.148392,0.010005,376,16512,470,-2053,-1230,-91,182,0.22505495605468748,9.883264453125,0.2813186950683594,30.491764705882353,-33801.52671755725,-2500.7633587786263,5001.526717557253
495384,0,0,0,4956355991,4938.158397,0.010005,316,16540,466,-2054,-1233,-82,186,0.18914193115234373,9.900023864746093,0.27892449340820313,30.488823529411768,-33883.96946564886,-2253.4351145038167,5111.4503816793895
495385,0,0,0,4956365996,4938.168402,0.010005,398,16552,460,-2056,-1228,-87,184,0.23822306518554687,9.907206469726562,0.2753331909179687,30.48294117647059,-33746.564885496184,-2390.8396946564885,5056.488549618321
495386,0,0,0,4956376002,4938.178408,0.010006,366,16580,448,-2061,-1224,-83,186,0.21906945190429686,9.923965881347655,0.26815058593749996,30.468235294117648,-33636.64122137405,-2280.916030534351,5111.4503816793895
495387,0,0,0,4956386007,4938.188413,0.010005,346,16530,494,-2060,-1221,-81,177,0.20709844360351562,9.894038360595703,0.29568390502929687,30.471176470588237,-33554.19847328244,-2225.9541984732828,4864.122137404581
495388,0,0,0,4956396012,4938.198418,0.010005,326,16534,468,-2058,-1227,-81,185,0.19512743530273435,9.896432562255859,0.28012159423828126,30.47705882352941,-33719.08396946565,-2225.9541984732828,5083.9694656488555
495389,0,0,0,4956406017,4938.208423,0.010005,374,16542,454,-2054,-1230,-81,182,0.22385785522460935,9.90122096557617,0.27174188842773433,30.488823529411768,-33801.52671755725,-2225.9541984732828,5001.526717557253
495390,0,0,0,4956416022,4938.218428,0.010005,382,16558,452,-2049,-1231,-84,183,0.22864625854492185,9.910797772216796,0.2705447875976562,30.503529411764706,-33829.00763358779,-2308.3969465648856,5029.007633587787
495391,0,0,0,4956426028,4938.228434,0.010006,358,16552,446,-2056,-1238,-88,187,0.21428104858398436,9.907206469726562,0.26695348510742184,30.48294117647059,-34021.37404580153,-2418.320610687023,5138.931297709924
495392,0,0,0,4956436033,4938.238439,0.010005,340,16574,478,-2051,-1234,-87,187,0.20350714111328125,9.920374578857421,0.2861070983886719,30.49764705882353,-33911.45038167939,-2390.8396946564885,5138.931297709924
495393,0,0,0,4956446038,4938.248444,0.010005,366,16544,472,-2049,-1231,-91,191,0.21906945190429686,9.90241806640625,0.2825157958984375,30.503529411764706,-33829.00763358779,-2500.7633587786263,5248.854961832061
495394,0,0,0,4956456043,4938.258449,0.010005,368,16504,404,-2048,-1231,-88,191,0.22026655273437498,9.878476049804688,0.24181436767578124,30.506470588235295,-33829.00763358779,-2418.320610687023,5248.854961832061
495395,0,0,0,4956466049,4938.268455,0.010006,376,16550,430,-2047,-1230,-91,190,0.22505495605468748,9.906009368896484,0.25737667846679685,30.509411764705884,-33801.52671755725,-2500.7633587786263,5221.374045801527
495396,0,0,0,4956476054,4938.27846,0.010005,358,16558,492,-2054,-1228,-79,187,0.21428104858398436,9.910797772216796,0.29448680419921874,30.488823529411768,-33746.564885496184,-2170.992366412214,5138.931297709924
495397,0,0,0,4956486059,4938.288465,0.010005,372,16554,530,-2054,-1231,-90,185,0.22266075439453123,9.90840357055664,0.3172317199707031,30.488823529411768,-33829.00763358779,-2473.282442748092,5083.9694656488555
495398,0,0,0,4956496064,4938.29847,0.010005,370,16604,424,-2054,-1225,-94,184,0.2214636535644531,9.938331091308592,0.2537853759765625,30.488823529411768,-33664.122137404585,-2583.206106870229,5056.488549618321
495399,0,0,0,4956506069,4938.308475,0.010005,370,16538,468,-2046,-1237,-92,184,0.2214636535644531,9.898826763916015,0.28012159423828126,30.512352941176474,-33993.89312977099,-2528.2442748091603,5056.488549618321
495400,0,0,0,4956516075,4938.318481,0.010006,380,16522,514,-2042,-1231,-83,184,0.22744915771484372,9.889249957275391,0.3076549133300781,30.524117647058823,-33829.00763358779,-2280.916030534351,5056.488549618321
495401,0,0,0,4956526080,4938.328486,0.010005,334,16572,514,-2049,-1230,-82,186,0.19991583862304688,9.919177478027343,0.3076549133300781,30.503529411764706,-33801.52671755725,-2253.4351145038167,5111.4503816793895
495402,0,0,0,4956536085,4938.338491,0.010005,370,16528,464,-2050,-1232,-85,187,0.2214636535644531,9.892841259765625,0.277727392578125,30.500588235294117,-33856.48854961832,-2335.87786259542,5138.931297709924
495403,0,0,0,4956546090,4938.348496,0.010005,358,16564,470,-2053,-1232,-80,181,0.21428104858398436,9.91438907470703,0.2813186950683594,30.491764705882353,-33856.48854961832,-2198.4732824427483,4974.045801526718
495404,0,0,0,4956556095,4938.358501,0.010005,360,16548,484,-2053,-1230,-85,186,0.2154781494140625,9.904812268066406,0.28969840087890625,30.491764705882353,-33801.52671755725,-2335.87786259542,5111.4503816793895
495405,0,0,0,4956566101,4938.368507,0.010006,350,16564,448,-2052,-1225,-81,187,0.20949264526367187,9.91438907470703,0.26815058593749996,30.494705882352942,-33664.122137404585,-2225.9541984732828,5138.931297709924
495406,0,0,0,4956576106,4938.378512,0.010005,368,16552,492,-2051,-1230,-84,181,0.22026655273437498,9.907206469726562,0.29448680419921874,30.49764705882353,-33801.52671755725,-2308.3969465648856,4974.045801526718
495407,0,0,0,4956586111,4938.388517,0.010005,348,16526,506,-2051,-1234,-87,184,0.20829554443359374,9.891644158935547,0.3028665100097656,30.49764705882353,-33911.45038167939,-2390.8396946564885,5056.488549618321
495408,0,0,0,4956596116,4938.398522,0.010005,346,16548,416,-2050,-1235,-87,191,0.20709844360351562,9.904812268066406,0.24899697265624998,30.500588235294117,-33938.931297709925,-2390.8396946564885,5248.854961832061
495409,0,0,0,4956606122,4938.408528,0.010006,376,16532,460,-2053,-1226,-87,188,0.22505495605468748,9.89523546142578,0.2753331909179687,30.491764705882353,-33691.603053435116,-2390.8396946564885,5166.412213740458
495410,0,0,0,4956616127,4938.418533,0.010005,372,16554,430,-2056,-1227,-91,184,0.22266075439453123,9.90840357055664,0.25737667846679685,30.48294117647059,-33719.08396946565,-2500.7633587786263,5056.488549618321
495411,0,0,0,4956626132,4938.428538,0.010005,350,16578,526,-2053,-1230,-93,186,0.20949264526367187,9.922768780517577,0.31483751831054685,30.491764705882353,-33801.52671755725,-2555.7251908396947,5111.4503816793895
495412,0,0,0,4956636137,4938.438543,0.010005,392,16538,500,-2055,-1229,-89,182,0.2346317626953125,9.898826763916015,0.29927520751953124,30.48588235294118,-33774.04580152672,-2445.8015267175574,5001.526717557253
495413,0,0,0,4956646142,4938.448548,0.010005,386,16574,520,-2051,-1234,-90,189,0.23104046020507812,9.920374578857421,0.3112462158203125,30.49764705882353,-33911.45038167939,-2473.282442748092,5193.893129770992
495414,0,0,0,4956656148,4938.458554,0.010006,378,16582,498,-2054,-1232,-84,186,0.2262520568847656,9.925162982177733,0.2980781066894531,30.488823529411768,-33856.48854961832,-2308.3969465648856,5111.4503816793895
495415,0,0,0,4956666153,4938.468559,0.010005,386,16556,432,-2049,-1226,-81,189,0.23104046020507812,9.909600671386718,0.258573779296875,30.503529411764706,-33691.603053435116,-2225.9541984732828,5193.893129770992
495416,0,0,0,4956676158,4938.478564,0.010005,398,16556,444,-2051,-1228,-83,187,0.23822306518554687,9.909600671386718,0.2657563842773437,30.49764705882353,-33746.564885496184,-2280.916030534351,5138.931297709924
495417,0,0,0,4956686163,4938.488569,0.010005,350,16554,472,-2055,-1226,-84,187,0.20949264526367187,9.90840357055664,0.2825157958984375,30.48588235294118,-33691.603053435116,-2308.3969465648856,5138.931297709924
495418,0,0,0,4956696169,4938.498575,0.010006,318,16574,452,-2053,-1233,-77,183,0.19033903198242186,9.920374578857421,0.2705447875976562,30.491764705882353,-33883.96946564886,-2116.030534351145,5029.007633587787
495419,0,0,0,4956706174,4938.50858,0.010005,404,16596,504,-2052,-1232,-90,184,0.24181436767578124,9.93354268798828,0.3016694091796875,30.494705882352942,-33856.48854961832,-2473.282442748092,5056.488549618321
495420,0,0,0,4956716179,4938.518585,0.010005,334,16554,502,-2050,-1231,-89,192,0.19991583862304688,9.90840357055664,0.30047230834960936,30.500588235294117,-33829.00763358779,-2445.8015267175574,5276.335877862595
495421,0,0,0,4956726184,4938.52859,0.010005,406,16544,474,-2052,-1227,-86,189,0.24301146850585936,9.90241806640625,0.28371289672851563,30.494705882352942,-33719.08396946565,-2363.3587786259545,5193.893129770992
495422,0,0,0,4956736189,4938.538595,0.010005,396,16532,426,-2049,-1224,-89,190,0.23702596435546874,9.89523546142578,0.2549824768066406,30.503529411764706,-33636.64122137405,-2445.8015267175574,5221.374045801527
495423,0,0,0,4956746195,4938.548601,0.010006,412,16552,462,-2049,-1226,-86,186,0.24660277099609373,9.907206469726562,0.2765302917480469,30.503529411764706,-33691.603053435116,-2363.3587786259545,5111.4503816793895
495424,0,0,0,4956756200,4938.558606,0.010005,354,16556,442,-2048,-1227,-84,180,0.21188684692382811,9.909600671386718,0.2645592834472656,30.506470588235295,-33719.08396946565,-2308.3969465648856,4946.564885496184
495425,0,0,0,4956766205,4938.568611,0.010005,396,16540,454,-2048,-1233,-83,191,0.23702596435546874,9.900023864746093,0.27174188842773433,30.506470588235295,-33883.96946564886,-2280.916030534351,5248.854961832061
495426,0,0,0,4956776210,4938.578616,0.010005,372,16564,522,-2056,-1228,-85,186,0.22266075439453123,9.91438907470703,0.3124433166503906,30.48294117647059,-33746.564885496184,-2335.87786259542,5111.4503816793895
495427,0,0,0,4956786215,4938.588621,0.010005,366,16516,516,-2054,-1232,-94,182,0.21906945190429686,9.885658654785155,0.30885201416015623,30.488823529411768,-33856.48854961832,-2583.206106870229,5001.526717557253
495428,0,0,0,4956796221,4938.598627,0.010006,386,16536,466,-2058,-1237,-87,190,0.23104046020507812,9.897629663085937,0.27892449340820313,30.47705882352941,-33993.89312977099,-2390.8396946564885,5221.374045801527
495429,0,0,0,4956806226,4938.608632,0.010005,380,16578,486,-2047,-1235,-79,189,0.22744915771484372,9.922768780517577,0.29089550170898437,30.509411764705884,-33938.931297709925,-2170.992366412214,5193.893129770992
495430,0,0,0,4956816231,4938.618637,0.010005,368,16578,504,-2051,-1234,-89,181,0.22026655273437498,9.922768780517577,0.3016694091796875,30.49764705882353,-33911.45038167939,-2445.8015267175574,4974.045801526718
495431,0,0,0,4956826236,4938.628642,0.010005,372,16550,470,-2054,-1232,-87,186,0.22266075439453123,9.906009368896484,0.2813186950683594,30.488823529411768,-33856.48854961832,-2390.8396946564885,5111.4503816793895
495432,0,0,0,4956836242,4938.638648,0.010006,374,16530,430,-2052,-1225,-82,187,0.22385785522460935,9.894038360595703,0.25737667846679685,30.494705882352942,-33664.122137404585,-2253.4351145038167,5138.931297709924
495433,0,0,0,4956846247,4938.648653,0.010005,388,16556,440,-2051,-1228,-87,187,0.23223756103515625,9.909600671386718,0.26336218261718747,30.49764705882353,-33746.564885496184,-2390.8396946564885,5138.931297709924
495434,0,0,0,4956856252,4938.658658,0.010005,376,16586,468,-2049,-1225,-81,188,0.22505495605468748,9.92755718383789,0.28012159423828126,30.503529411764706,-33664.122137404585,-2225.9541984732828,5166.412213740458
495435,0,0,0,4956866257,4938.668663,0.010005,372,16538,506,-2050,-1229,-84,183,0.22266075439453123,9.898826763916015,0.3028665100097656,30.500588235294117,-33774.04580152672,-2308.3969465648856,5029.007633587787
495436,0,0,0,4956876262,4938.678668,0.010005,388,16528,478,-2045,-1228,-82,188,0.23223756103515625,9.892841259765625,0.2861070983886719,30.51529411764706,-33746.564885496184,-2253.4351145038167,5166.412213740458
495437,0,0,0,4956886268,4938.688674,0.010006,374,16606,458,-2051,-1231,-91,186,0.22385785522460935,9.93952819213867,0.2741360900878906,30.49764705882353,-33829.00763358779,-2500.7633587786263,5111.4503816793895
495438,0,0,0,4956896273,4938.698679,0.010005,388,16550,468,-2053,-1238,-83,184,0.23223756103515625,9.906009368896484,0.28012159423828126,30.491764705882353,-34021.37404580153,-2280.916030534351,5056.488549618321
495439,0,0,0,4956906278,4938.708684,0.010005,334,16546,488,-2055,-1237,-88,177,0.19991583862304688,9.903615167236328,0.2920926025390625,30.48588235294118,-33993.89312977099,-2418.320610687023,4864.122137404581
495440,0,0,0,4956916283,4938.718689,0.010005,326,16590,412,-2046,-1230,-80,175,0.19512743530273435,9.929951385498047,0.24660277099609373,30.512352941176474,-33801.52671755725,-2198.4732824427483,4809.160305343512
495441,0,0,0,4956926288,4938.728694,0.010005,366,16534,512,-2046,-1231,-85,182,0.21906945190429686,9.896432562255859,0.3064578125,30.512352941176474,-33829.00763358779,-2335.87786259542,5001.526717557253
495442,0,0,0,4956936294,4938.7387,0.010006,378,16592,510,-2047,-1232,-86,190,0.2262520568847656,9.931148486328125,0.30526071166992186,30.509411764705884,-33856.48854961832,-2363.3587786259545,5221.374045801527
495443,0,0,0,4956946299,4938.748705,0.010005,382,16574,512,-2050,-1236,-81,188,0.22864625854492185,9.920374578857421,0.3064578125,30.500588235294117,-33966.41221374046,-2225.9541984732828,5166.412213740458
495444,0,0,0,4956956304,4938.75871,0.010005,390,16544,448,-2052,-1229,-88,188,0.23343466186523437,9.90241806640625,0.26815058593749996,30.494705882352942,-33774.04580152672,-2418.320610687023,5166.412213740458
495445,0,0,0,4956966309,4938.768715,0.010005,356,16548,470,-2051,-1227,-84,190,0.21308394775390624,9.904812268066406,0.2813186950683594,30.49764705882353,-33719.08396946565,-2308.3969465648856,5221.374045801527
495446,0,0,0,4956976315,4938.778721,0.010006,378,16588,426,-2052,-1225,-84,189,0.2262520568847656,9.928754284667969,0.2549824768066406,30.494705882352942,-33664.122137404585,-2308.3969465648856,5193.893129770992
495447,0,0,0,4956986320,4938.788726,0.010005,384,16538,448,-2053,-1224,-88,194,0.229843359375,9.898826763916015,0.26815058593749996,30.491764705882353,-33636.64122137405,-2418.320610687023,5331.297709923664
495448,0,0,0,4956996325,4938.798731,0.010005,350,16514,446,-2049,-1228,-85,184,0.20949264526367187,9.884461553955077,0.26695348510742184,30.503529411764706,-33746.564885496184,-2335.87786259542,5056.488549618321
495449,0,0,0,4957006330,4938.808736,0.010005,352,16530,466,-2052,-1225,-85,187,0.21068974609375,9.894038360595703,0.27892449340820313,30.494705882352942,-33664.122137404585,-2335.87786259542,5138.931297709924
495450,0,0,0,4957016335,4938.818741,0.010005,366,16574,452,-2053,-1226,-81,185,0.21906945190429686,9.920374578857421,0.2705447875976562,30.491764705882353,-33691.603053435116,-2225.9541984732828,5083.9694656488555
495451,0,0,0,4957026341,4938.828747,0.010006,398,16550,456,-2053,-1229,-78,189,0.23822306518554687,9.906009368896484,0.27293898925781246,30.491764705882353,-33774.04580152672,-2143.5114503816794,5193.893129770992
495452,0,0,0,4957036346,4938.838752,0.010005,394,16560,438,-2050,-1228,-80,179,0.23582886352539062,9.911994873046874,0.26216508178710934,30.500588235294117,-33746.564885496184,-2198.4732824427483,4919.083969465649
495453,0,0,0,4957046351,4938.848757,0.010005,328,16574,454,-2047,-1229,-86,179,0.19632453613281248,9.920374578857421,0.27174188842773433,30.509411764705884,-33774.04580152672,-2363.3587786259545,4919.083969465649
495454,0,0,0,4957056356,4938.858762,0.010005,354,16554,466,-2050,-1233,-90,177,0.21188684692382811,9.90840357055664,0.27892449340820313,30.500588235294117,-33883.96946564886,-2473.282442748092,4864.122137404581
495455,0,0,0,4957066361,4938.868767,0.010005,362,16550,494,-2056,-1225,-79,178,0.2166752502441406,9.906009368896484,0.29568390502929687,30.48294117647059,-33664.122137404585,-2170.992366412214,4891.603053435115
495456,0,0,0,4957076367,4938.878773,0.010006,378,16588,470,-2051,-1227,-83,186,0.2262520568847656,9.928754284667969,0.2813186950683594,30.49764705882353,-33719.08396946565,-2280.916030534351,5111.4503816793895
495457,0,0,0,4957086372,4938.888778,0.010005,370,16542,412,-2052,-1234,-84,183,0.2214636535644531,9.90122096557617,0.24660277099609373,30.494705882352942,-33911.45038167939,-2308.3969465648856,5029.007633587787
495458,0,0,0,4957096377,4938.898783,0.010005,358,16566,474,-2057,-1230,-79,187,0.21428104858398436,9.91558617553711,0.28371289672851563,30.48,-33801.52671755725,-2170.992366412214,5138.931297709924
495459,0,0,0,4957106382,4938.908788,0.010005,362,16520,486,-2052,-1230,-86,198,0.2166752502441406,9.888052856445311,0.29089550170898437,30.494705882352942,-33801.52671755725,-2363.3587786259545,5441.221374045802
495460,0,0,0,4957116388,4938.918794,0.010006,384,16584,516,-2046,-1236,-92,192,0.229843359375,9.926360083007811,0.30885201416015623,30.512352941176474,-33966.41221374046,-2528.2442748091603,5276.335877862595
495461,0,0,0,4957126393,4938.928799,0.010005,370,16540,518,-2045,-1236,-85,191,0.2214636535644531,9.900023864746093,0.31004911499023435,30.51529411764706,-33966.41221374046,-2335.87786259542,5248.854961832061
495462,0,0,0,4957136398,4938.938804,0.010005,404,16558,512,-2051,-1234,-87,180,0.24181436767578124,9.910797772216796,0.3064578125,30.49764705882353,-33911.45038167939,-2390.8396946564885,4946.564885496184
495463,0,0,0,4957146403,4938.948809,0.010005,342,16560,542,-2051,-1234,-86,171,0.20470424194335937,9.911994873046874,0.32441432495117184,30.49764705882353,-33911.45038167939,-2363.3587786259545,4699.236641221374
495464,0,0,0,4957156408,4938.958814,0.010005,400,16590,454,-2052,-1227,-87,177,0.239420166015625,9.929951385498047,0.27174188842773433,30.494705882352942,-33719.08396946565,-2390.8396946564885,4864.122137404581
495465,0,0,0,4957166414,4938.96882,0.010006,392,16524,402,-2052,-1235,-84,187,0.2346317626953125,9.890447058105469,0.24061726684570311,30.494705882352942,-33938.931297709925,-2308.3969465648856,5138.931297709924
495466,0,0,0,4957176419,4938.978825,0.010005,342,16522,398,-2053,-1232,-86,183,0.20470424194335937,9.889249957275391,0.23822306518554687,30.491764705882353,-33856.48854961832,-2363.3587786259545,5029.007633587787
495467,0,0,0,4957186424,4938.98883,0.010005,356,16548,456,-2055,-1232,-88,191,0.21308394775390624,9.904812268066406,0.27293898925781246,30.48588235294118,-33856.48854961832,-2418.320610687023,5248.854961832061
495468,0,0,0,4957196429,4938.998835,0.010005,400,16552,430,-2053,-1231,-82,184,0.239420166015625,9.907206469726562,0.25737667846679685,30.491764705882353,-33829.00763358779,-2253.4351145038167,5056.488549618321
495469,0,0,0,4957206435,4939.008841,0.010006,382,16566,492,-2053,-1234,-84,181,0.22864625854492185,9.91558617553711,0.29448680419921874,30.491764705882353,-33911.45038167939,-2308.3969465648856,4974.045801526718
495470,0,0,0,4957216440,4939.018846,0.010005,366,16534,528,-2048,-1223,-89,188,0.21906945190429686,9.896432562255859,0.316034619140625,30.506470588235295,-33609.16030534351,-2445.8015267175574,5166.412213740458
495471,0,0,0,4957226445,4939.028851,0.010005,372,16502,432,-2047,-1225,-81,181,0.22266075439453123,9.87727894897461,0.258573779296875,30.509411764705884,-33664.122137404585,-2225.9541984732828,4974.045801526718
495472,0,0,0,4957236450,4939.038856,0.010005,388,16566,452,-2052,-1226,-85,182,0.23223756103515625,9.91558617553711,0.2705447875976562,30.494705882352942,-33691.603053435116,-2335.87786259542,5001.526717557253
495473,0,0,0,4957246455,4939.048861,0.010005,390,16598,498,-2046,-1228,-85,187,0.23343466186523437,9.934739788818359,0.2980781066894531,30.512352941176474,-33746.564885496184,-2335.87786259542,5138.931297709924
495474,0,0,0,4957256461,4939.058867,0.010006,422,16544,504,-2054,-1232,-88,185,0.25258827514648435,9.90241806640625,0.3016694091796875,30.488823529411768,-33856.48854961832,-2418.320610687023,5083.9694656488555
495475,0,0,0,4957266466,4939.068872,0.010005,330,16576,490,-2051,-1231,-85,176,0.1975216369628906,9.9215716796875,0.2932897033691406,30.49764705882353,-33829.00763358779,-2335.87786259542,4836.641221374046
495476,0,0,0,4957276471,4939.078877,0.010005,368,16542,436,-2046,-1238,-79,179,0.22026655273437498,9.90122096557617,0.2609679809570312,30.512352941176474,-34021.37404580153,-2170.992366412214,4919.083969465649
495477,0,0,0,4957286476,4939.088882,0.010005,356,16542,478,-2052,-1237,-82,183,0.21308394775390624,9.90122096557617,0.2861070983886719,30.494705882352942,-33993.89312977099,-2253.4351145038167,5029.007633587787
495478,0,0,0,4957296481,4939.098887,0.010005,388,16530,466,-2045,-1230,-91,191,0.23223756103515625,9.894038360595703,0.27892449340820313,30.51529411764706,-33801.52671755725,-2500.7633587786263,5248.854961832061
495479,0,0,0,4957306487,4939.108893,0.010006,400,16564,444,-2051,-1236,-80,190,0.239420166015625,9.91438907470703,0.2657563842773437,30.49764705882353,-33966.41221374046,-2198.4732824427483,5221.374045801527
495480,0,0,0,4957316492,4939.118898,0.010005,402,16542,500,-2054,-1225,-85,181,0.24061726684570311,9.90122096557617,0.29927520751953124,30.488823529411768,-33664.122137404585,-2335.87786259542,4974.045801526718
495481,0,0,0,4957326497,4939.128903,0.010005,372,16616,480,-2051,-1229,-85,185,0.22266075439453123,9.945513696289062,0.28730419921875,30.49764705882353,-33774.04580152672,-2335.87786259542,5083.9694656488555
495482,0,0,0,4957336502,4939.138908,0.010005,408,16562,484,-2051,-1231,-88,185,0.2442085693359375,9.913191973876952,0.28969840087890625,30.49764705882353,-33829.00763358779,-2418.320610687023,5083.9694656488555
495483,0,0,0,4957346508,4939.148914,0.010006,372,16534,450,-2046,-1234,-84,190,0.22266075439453123,9.896432562255859,0.2693476867675781,30.512352941176474,-33911.45038167939,-2308.3969465648856,5221.374045801527
495484,0,0,0,4957356513,4939.158919,0.010005,368,16546,470,-2049,-1232,-85,185,0.22026655273437498,9.903615167236328,0.2813186950683594,30.503529411764706,-33856.48854961832,-2335.87786259542,5083.9694656488555
495485,0,0,0,4957366518,4939.168924,0.010005,348,16574,478,-2053,-1231,-84,184,0.20829554443359374,9.920374578857421,0.2861070983886719,30.491764705882353,-33829.00763358779,-2308.3969465648856,5056.488549618321
495486,0,0,0,4957376523,4939.178929,0.010005,368,16512,460,-2053,-1230,-83,179,0.22026655273437498,9.883264453125,0.2753331909179687,30.491764705882353,-33801.52671755725,-2280.916030534351,4919.083969465649
495487,0,0,0,4957386528,4939.188934,0.010005,350,16506,470,-2055,-1227,-82,179,0.20949264526367187,9.879673150634765,0.2813186950683594,30.48588235294118,-33719.08396946565,-2253.4351145038167,4919.083969465649
495488,0,0,0,4957396534,4939.19894,0.010006,382,16530,456,-2052,-1231,-88,189,0.22864625854492185,9.894038360595703,0.27293898925781246,30.494705882352942,-33829.00763358779,-2418.320610687023,5193.893129770992
495489,0,0,0,4957406539,4939.208945,0.010005,404,16548,508,-2047,-1231,-89,190,0.24181436767578124,9.904812268066406,0.30406361083984373,30.509411764705884,-33829.00763358779,-2445.8015267175574,5221.374045801527
495490,0,0,0,4957416544,4939.21895,0.010005,366,16538,500,-2047,-1230,-83,181,0.21906945190429686,9.898826763916015,0.29927520751953124,30.509411764705884,-33801.52671755725,-2280.916030534351,4974.045801526718
495491,0,0,0,4957426549,4939.228955,0.010005,366,16514,500,-2054,-1232,-88,183,0.21906945190429686,9.884461553955077,0.29927520751953124,30.488823529411768,-33856.48854961832,-2418.320610687023,5029.007633587787
495492,0,0,0,4957436555,4939.238961,0.010006,388,16536,484,-2049,-1228,-88,182,0.23223756103515625,9.897629663085937,0.28969840087890625,30.503529411764706,-33746.564885496184,-2418.320610687023,5001.526717557253
495493,0,0,0,4957446560,4939.248966,0.010005,352,16548,478,-2057,-1236,-87,187,0.21068974609375,9.904812268066406,0.2861070983886719,30.48,-33966.41221374046,-2390.8396946564885,5138.931297709924
495494,0,0,0,4957456565,4939.258971,0.010005,400,16560,402,-2056,-1232,-84,187,0.239420166015625,9.911994873046874,0.24061726684570311,30.48294117647059,-33856.48854961832,-2308.3969465648856,5138.931297709924
495495,0,0,0,4957466570,4939.268976,0.010005,360,16490,490,-2053,-1229,-82,176,0.2154781494140625,9.87009634399414,0.2932897033691406,30.491764705882353,-33774.04580152672,-2253.4351145038167,4836.641221374046
495496,0,0,0,4957476575,4939.278981,0.010005,376,16556,464,-2053,-1232,-86,185,0.22505495605468748,9.909600671386718,0.277727392578125,30.491764705882353,-33856.48854961832,-2363.3587786259545,5083.9694656488555
495497,0,0,0,4957486581,4939.288987,0.010006,398,16520,470,-2049,-1233,-82,194,0.23822306518554687,9.888052856445311,0.2813186950683594,30.503529411764706,-33883.96946564886,-2253.4351145038167,5331.297709923664
495498,0,0,0,4957496586,4939.298992,0.010005,362,16606,474,-2052,-1230,-79,190,0.2166752502441406,9.93952819213867,0.28371289672851563,30.494705882352942,-33801.52671755725,-2170.992366412214,5221.374045801527
495499,0,0,0,4957506591,4939.308997,0.010005,378,16546,510,-2051,-1228,-84,184,0.2262520568847656,9.903615167236328,0.30526071166992186,30.49764705882353,-33746.564885496184,-2308.3969465648856,5056.488549618321
495500,0,0,0,4957516596,4939.319002,0.010005,368,16540,462,-2053,-1227,-83,186,0.22026655273437498,9.900023864746093,0.2765302917480469,30.491764705882353,-33719.08396946565,-2280.916030534351,5111.4503816793895
495501,0,0,0,4957526601,4939.329007,0.010005,378,16530,498,-2043,-1229,-81,184,0.2262520568847656,9.894038360595703,0.2980781066894531,30.521176470588237,-33774.04580152672,-2225.9541984732828,5056.488549618321
495502,0,0,0,4957536607,4939.339013,0.010006,366,16540,490,-2043,-1229,-79,192,0.21906945190429686,9.900023864746093,0.2932897033691406,30.521176470588237,-33774.04580152672,-2170.992366412214,5276.335877862595
495503,0,0,0,4957546612,4939.349018,0.010005,334,16564,470,-2050,-1233,-88,185,0.19991583862304688,9.91438907470703,0.2813186950683594,30.500588235294117,-33883.96946564886,-2418.320610687023,5083.9694656488555
495504,0,0,0,4957556617,4939.359023,0.010005,386,16526,476,-2047,-1230,-90,182,0.23104046020507812,9.891644158935547,0.28490999755859375,30.509411764705884,-33801.52671755725,-2473.282442748092,5001.526717557253
495505,0,0,0,4957566622,4939.369028,0.010005,410,16484,500,-2052,-1228,-88,188,0.2454056701660156,9.866505041503906,0.29927520751953124,30.494705882352942,-33746.564885496184,-2418.320610687023,5166.412213740458
495506,0,0,0,4957576628,4939.379034,0.010006,402,16528,476,-2054,-1228,-87,196,0.24061726684570311,9.892841259765625,0.28490999755859375,30.488823529411768,-33746.564885496184,-2390.8396946564885,5386.259541984733
495507,0,0,0,4957586633,4939.389039,0.010005,370,16534,482,-2053,-1230,-84,193,0.2214636535644531,9.896432562255859,0.2885013000488281,30.491764705882353,-33801.52671755725,-2308.3969465648856,5303.81679389313
495508,0,0,0,4957596638,4939.399044,0.010005,372,16510,474,-2057,-1231,-89,187,0.22266075439453123,9.882067352294921,0.28371289672851563,30.48,-33829.00763358779,-2445.8015267175574,5138.931297709924
495509,0,0,0,4957606643,4939.409049,0.010005,370,16542,488,-2054,-1233,-85,185,0.2214636535644531,9.90122096557617,0.2920926025390625,30.488823529411768,-33883.96946564886,-2335.87786259542,5083.9694656488555
495510,0,0,0,4957616648,4939.419054,0.010005,362,16576,486,-2048,-1229,-87,183,0.2166752502441406,9.9215716796875,0.29089550170898437,30.506470588235295,-33774.04580152672,-2390.8396946564885,5029.007633587787
495511,0,0,0,4957626654,4939.42906,0.010006,364,16556,512,-2050,-1229,-88,190,0.21787235107421873,9.909600671386718,0.3064578125,30.500588235294117,-33774.04580152672,-2418.320610687023,5221.374045801527
495512,0,0,0,4957636659,4939.439065,0.010005,372,16538,504,-2054,-1228,-85,190,0.22266075439453123,9.898826763916015,0.3016694091796875,30.488823529411768,-33746.564885496184,-2335.87786259542,5221.374045801527
495513,0,0,0,4957646664,4939.44907,0.010005,374,16574,502,-2059,-1225,-83,192,0.22385785522460935,9.920374578857421,0.30047230834960936,30.474117647058826,-33664.122137404585,-2280.916030534351,5276.335877862595
495514,0,0,0,4957656669,4939.459075,0.010005,350,16538,460,-2059,-1227,-84,183,0.20949264526367187,9.898826763916015,0.2753331909179687,30.474117647058826,-33719.08396946565,-2308.3969465648856,5029.007633587787
495515,0,0,0,4957666675,4939.469081,0.010006,354,16520,460,-2052,-1231,-85,181,0.21188684692382811,9.888052856445311,0.2753331909179687,30.494705882352942,-33829.00763358779,-2335.87786259542,4974.045801526718
495516,0,0,0,4957676680,4939.479086,0.010005,412,16492,504,-2048,-1233,-93,184,0.24660277099609373,9.871293444824218,0.3016694091796875,30.506470588235295,-33883.96946564886,-2555.7251908396947,5056.488549618321
495517,0,0,0,4957686685,4939.489091,0.010005,370,16546,468,-2050,-1224,-85,182,0.2214636535644531,9.903615167236328,0.28012159423828126,30.500588235294117,-33636.64122137405,-2335.87786259542,5001.526717557253
495518,0,0,0,4957696690,4939.499096,0.010005,352,16552,486,-2054,-1229,-91,187,0.21068974609375,9.907206469726562,0.29089550170898437,30.488823529411768,-33774.04580152672,-2500.7633587786263,5138.931297709924
495519,0,0,0,4957706695,4939.509101,0.010005,360,16542,490,-2048,-1228,-89,189,0.2154781494140625,9.90122096557617,0.2932897033691406,30.506470588235295,-33746.564885496184,-2445.8015267175574,5193.893129770992
495520,0,0,0,4957716701,4939.519107,0.010006,350,16536,482,-2059,-1233,-86,185,0.20949264526367187,9.897629663085937,0.2885013000488281,30.474117647058826,-33883.96946564886,-2363.3587786259545,5083.9694656488555
495521,0,0,0,4957726706,4939.529112,0.010005,364,16576,450,-2047,-1227,-82,186,0.21787235107421873,9.9215716796875,0.2693476867675781,30.509411764705884,-33719.08396946565,-2253.4351145038167,5111.4503816793895
495522,0,0,0,4957736711,4939.539117,0.010005,352,16562,452,-2053,-1234,-86,185,0.21068974609375,9.913191973876952,0.2705447875976562,30.491764705882353,-33911.45038167939,-2363.3587786259545,5083.9694656488555
495523,0,0,0,4957746716,4939.549122,0.010005,422,16570,480,-2055,-1228,-85,183,0.25258827514648435,9.917980377197265,0.28730419921875,30.48588235294118,-33746.564885496184,-2335.87786259542,5029.007633587787
495524,0,0,0,4957756721,4939.559127,0.010005,368,16528,494,-2047,-1230,-84,183,0.22026655273437498,9.892841259765625,0.29568390502929687,30.509411764705884,-33801.52671755725,-2308.3969465648856,5029.007633587787
495525,0,0,0,4957766727,4939.569133,0.010006,392,16560,458,-2053,-1233,-82,179,0.2346317626953125,9.911994873046874,0.2741360900878906,30.491764705882353,-33883.96946564886,-2253.4351145038167,4919.083969465649
495526,0,0,0,4957776732,4939.579138,0.010005,394,16582,470,-2056,-1232,-86,187,0.23582886352539062,9.925162982177733,0.2813186950683594,30.48294117647059,-33856.48854961832,-2363.3587786259545,5138.931297709924
495527,0,0,0,4957786737,4939.589143,0.010005,406,16572,456,-2050,-1226,-79,183,0.24301146850585936,9.919177478027343,0.27293898925781246,30.500588235294117,-33691.603053435116,-2170.992366412214,5029.007633587787
495528,0,0,0,4957796742,4939.599148,0.010005,388,16546,448,-2047,-1227,-92,190,0.23223756103515625,9.903615167236328,0.26815058593749996,30.509411764705884,-33719.08396946565,-2528.2442748091603,5221.374045801527
495529,0,0,0,4957806748,4939.609154,0.010006,350,16532,456,-2059,-1230,-93,185,0.20949264526367187,9.89523546142578,0.27293898925781246,30.474117647058826,-33801.52671755725,-2555.7251908396947,5083.9694656488555
495530,0,0,0,4957816753,4939.619159,0.010005,356,16520,484,-2058,-1227,-90,188,0.21308394775390624,9.888052856445311,0.28969840087890625,30.47705882352941,-33719.08396946565,-2473.282442748092,5166.412213740458
495531,0,0,0,4957826758,4939.629164,0.010005,386,16562,468,-2051,-1228,-82,185,0.23104046020507812,9.913191973876952,0.28012159423828126,30.49764705882353,-33746.564885496184,-2253.4351145038167,5083.9694656488555
495532,0,0,0,4957836763,4939.639169,0.010005,382,16566,432,-2049,-1227,-76,190,0.22864625854492185,9.91558617553711,0.258573779296875,30.503529411764706,-33719.08396946565,-2088.549618320611,5221.374045801527
495533,0,0,0,4957846768,4939.649174,0.010005,348,16514,536,-2051,-1230,-89,187,0.20829554443359374,9.884461553955077,0.32082302246093747,30.49764705882353,-33801.52671755725,-2445.8015267175574,5138.931297709924
495534,0,0,0,4957856774,4939.65918,0.010006,346,16536,478,-2048,-1229,-87,185,0.20709844360351562,9.897629663085937,0.2861070983886719,30.506470588235295,-33774.04580152672,-2390.8396946564885,5083.9694656488555
495535,0,0,0,4957866779,4939.669185,0.010005,372,16524,442,-2053,-1230,-86,189,0.22266075439453123,9.890447058105469,0.2645592834472656,30.491764705882353,-33801.52671755725,-2363.3587786259545,5193.893129770992
495536,0,0,0,4957876784,4939.67919,0.010005,380,16574,472,-2056,-1228,-94,188,0.22744915771484372,9.920374578857421,0.2825157958984375,30.48294117647059,-33746.564885496184,-2583.206106870229,5166.412213740458
495537,0,0,0,4957886789,4939.689195,0.010005,398,16510,484,-2054,-1231,-85,186,0.23822306518554687,9.882067352294921,0.28969840087890625,30.488823529411768,-33829.00763358779,-2335.87786259542,5111.4503816793895
495538,0,0,0,4957896795,4939.699201,0.010006,404,16544,516,-2056,-1230,-81,180,0.24181436767578124,9.90241806640625,0.30885201416015623,30.48294117647059,-33801.52671755725,-2225.9541984732828,4946.564885496184
495539,0,0,0,4957906800,4939.709206,0.010005,430,16578,470,-2047,-1232,-80,190,0.25737667846679685,9.922768780517577,0.2813186950683594,30.509411764705884,-33856.48854961832,-2198.4732824427483,5221.374045801527
495540,0,0,0,4957916805,4939.719211,0.010005,384,16564,474,-2053,-1228,-84,181,0.229843359375,9.91438907470703,0.28371289672851563,30.491764705882353,-33746.564885496184,-2308.3969465648856,4974.045801526718
495541,0,0,0,4957926810,4939.729216,0.010005,380,16532,434,-2057,-1227,-82,182,0.22744915771484372,9.89523546142578,0.2597708801269531,30.48,-33719.08396946565,-2253.4351145038167,5001.526717557253
495542,0,0,0,4957936815,4939.739221,0.010005,396,16586,424,-2056,-1229,-75,188,0.23702596435546874,9.92755718383789,0.2537853759765625,30.48294117647059,-33774.04580152672,-2061.0687022900765,5166.412213740458
495543,0,0,0,4957946821,4939.749227,0.010006,364,16552,400,-2056,-1234,-86,192,0.21787235107421873,9.907206469726562,0.239420166015625,30.48294117647059,-33911.45038167939,-2363.3587786259545,5276.335877862595
495544,0,0,0,4957956826,4939.759232,0.010005,396,16514,422,-2053,-1230,-87,193,0.23702596435546874,9.884461553955077,0.25258827514648435,30.491764705882353,-33801.52671755725,-2390.8396946564885,5303.81679389313
495545,0,0,0,4957966831,4939.769237,0.010005,378,16610,462,-2055,-1230,-93,188,0.2262520568847656,9.941922393798828,0.2765302917480469,30.48588235294118,-33801.52671755725,-2555.7251908396947,5166.412213740458
495546,0,0,0,4957976836,4939.779242,0.010005,368,16586,472,-2058,-1232,-85,186,0.22026655273437498,9.92755718383789,0.2825157958984375,30.47705882352941,-33856.48854961832,-2335.87786259542,5111.4503816793895
495547,0,0,0,4957986841,4939.789247,0.010005,338,16556,482,-2051,-1228,-81,185,0.20231004028320312,9.909600671386718,0.2885013000488281,30.49764705882353,-33746.564885496184,-2225.9541984732828,5083.9694656488555
495548,0,0,0,4957996847,4939.799253,0.010006,400,16542,486,-2053,-1224,-81,192,0.239420166015625,9.90122096557617,0.29089550170898437,30.491764705882353,-33636.64122137405,-2225.9541984732828,5276.335877862595
495549,0,0,0,4958006852,4939.809258,0.010005,396,16528,436,-2051,-1229,-86,190,0.23702596435546874,9.892841259765625,0.2609679809570312,30.49764705882353,-33774.04580152672,-2363.3587786259545,5221.374045801527
495550,0,0,0,4958016857,4939.819263,0.010005,368,16538,486,-2057,-1231,-78,181,0.22026655273437498,9.898826763916015,0.29089550170898437,30.48,-33829.00763358779,-2143.5114503816794,4974.045801526718
495551,0,0,0,4958026862,4939.829268,0.010005,358,16542,448,-2052,-1224,-90,174,0.21428104858398436,9.90122096557617,0.26815058593749996,30.494705882352942,-33636.64122137405,-2473.282442748092,4781.679389312977
495552,0,0,0,4958036868,4939.839274,0.010006,416,16544,452,-2058,-1230,-88,186,0.24899697265624998,9.90241806640625,0.2705447875976562,30.47705882352941,-33801.52671755725,-2418.320610687023,5111.4503816793895
495553,0,0,0,4958046873,4939.849279,0.010005,386,16548,460,-2058,-1232,-89,186,0.23104046020507812,9.904812268066406,0.2753331909179687,30.47705882352941,-33856.48854961832,-2445.8015267175574,5111.4503816793895
495554,0,0,0,4958056878,4939.859284,0.010005,352,16554,490,-2055,-1235,-86,186,0.21068974609375,9.90840357055664,0.2932897033691406,30.48588235294118,-33938.931297709925,-2363.3587786259545,5111.4503816793895
495555,0,0,0,4958066883,4939.869289,0.010005,384,16560,470,-2056,-1232,-87,187,0.229843359375,9.911994873046874,0.2813186950683594,30.48294117647059,-33856.48854961832,-2390.8396946564885,5138.931297709924
495556,0,0,0,4958076888,4939.879294,0.010005,354,16468,474,-2054,-1231,-90,185,0.21188684692382811,9.85692823486328,0.28371289672851563,30.488823529411768,-33829.00763358779,-2473.282442748092,5083.9694656488555
495557,0,0,0,4958086894,4939.8893,0.010006,374,16562,500,-2053,-1231,-83,183,0.22385785522460935,9.913191973876952,0.29927520751953124,30.491764705882353,-33829.00763358779,-2280.916030534351,5029.007633587787
495558,0,0,0,4958096899,4939.899305,0.010005,376,16508,438,-2059,-1227,-80,192,0.22505495605468748,9.880870251464843,0.26216508178710934,30.474117647058826,-33719.08396946565,-2198.4732824427483,5276.335877862595
495559,0,0,0,4958106904,4939.90931,0.010005,366,16562,478,-2052,-1232,-82,187,0.21906945190429686,9.913191973876952,0.2861070983886719,30.494705882352942,-33856.48854961832,-2253.4351145038167,5138.931297709924
495560,0,0,0,4958116909,4939.919315,0.010005,372,16526,506,-2049,-1230,-85,188,0.22266075439453123,9.891644158935547,0.3028665100097656,30.503529411764706,-33801.52671755725,-2335.87786259542,5166.412213740458
495561,0,0,0,4958126914,4939.92932,0.010005,374,16560,442,-2048,-1233,-84,195,0.22385785522460935,9.911994873046874,0.2645592834472656,30.506470588235295,-33883.96946564886,-2308.3969465648856,5358.778625954199
495562,0,0,0,4958136920,4939.939326,0.010006,334,16492,460,-2049,-1231,-84,180,0.19991583862304688,9.871293444824218,0.2753331909179687,30.503529411764706,-33829.00763358779,-2308.3969465648856,4946.564885496184
495563,0,0,0,4958146925,4939.949331,0.010005,380,16578,418,-2055,-1235,-93,191,0.22744915771484372,9.922768780517577,0.2501940734863281,30.48588235294118,-33938.931297709925,-2555.7251908396947,5248.854961832061
495564,0,0,0,4958156930,4939.959336,0.010005,370,16558,454,-2052,-1232,-87,187,0.2214636535644531,9.910797772216796,0.27174188842773433,30.494705882352942,-33856.48854961832,-2390.8396946564885,5138.931297709924
495565,0,0,0,4958166935,4939.969341,0.010005,418,16608,430,-2054,-1232,-81,185,0.2501940734863281,9.94072529296875,0.25737667846679685,30.488823529411768,-33856.48854961832,-2225.9541984732828,5083.9694656488555
495566,0,0,0,4958176941,4939.979347,0.010006,378,16556,438,-2056,-1235,-85,180,0.2262520568847656,9.909600671386718,0.26216508178710934,30.48294117647059,-33938.931297709925,-2335.87786259542,4946.564885496184
495567,0,0,0,4958186946,4939.989352,0.010005,350,16546,482,-2052,-1228,-84,189,0.20949264526367187,9.903615167236328,0.2885013000488281,30.494705882352942,-33746.564885496184,-2308.3969465648856,5193.893129770992
495568,0,0,0,4958196951,4939.999357,0.010005,344,16508,456,-2058,-1232,-82,187,0.2059013427734375,9.880870251464843,0.27293898925781246,30.47705882352941,-33856.48854961832,-2253.4351145038167,5138.931297709924
495569,0,0,0,4958206956,4940.009362,0.010005,352,16558,442,-2053,-1232,-85,184,0.21068974609375,9.910797772216796,0.2645592834472656,30.491764705882353,-33856.48854961832,-2335.87786259542,5056.488549618321
495570,0,0,0,4958216961,4940.019367,0.010005,342,16578,410,-2051,-1228,-86,183,0.20470424194335937,9.922768780517577,0.2454056701660156,30.49764705882353,-33746.564885496184,-2363.3587786259545,5029.007633587787
495571,0,0,0,4958226967,4940.029373,0.010006,370,16564,468,-2054,-1227,-86,185,0.2214636535644531,9.91438907470703,0.28012159423828126,30.488823529411768,-33719.08396946565,-2363.3587786259545,5083.9694656488555
495572,0,0,0,4958236972,4940.039378,0.010005,364,16546,476,-2054,-1233,-84,183,0.21787235107421873,9.903615167236328,0.28490999755859375,30.488823529411768,-33883.96946564886,-2308.3969465648856,5029.007633587787
495573,0,0,0,4958246977,4940.049383,0.010005,414,16580,462,-2053,-1226,-77,178,0.24779987182617186,9.923965881347655,0.2765302917480469,30.491764705882353,-33691.603053435116,-2116.030534351145,4891.603053435115
495574,0,0,0,4958256982,4940.059388,0.010005,348,16534,490,-2059,-1227,-85,176,0.20829554443359374,9.896432562255859,0.2932897033691406,30.474117647058826,-33719.08396946565,-2335.87786259542,4836.641221374046
495575,0,0,0,4958266988,4940.069394,0.010006,394,16548,492,-2053,-1225,-86,184,0.23582886352539062,9.904812268066406,0.29448680419921874,30.491764705882353,-33664.122137404585,-2363.3587786259545,5056.488549618321
495576,0,0,0,4958276993,4940.079399,0.010005,344,16502,506,-2059,-1226,-85,192,0.2059013427734375,9.87727894897461,0.3028665100097656,30.474117647058826,-33691.603053435116,-2335.87786259542,5276.335877862595
495577,0,0,0,4958286998,4940.089404,0.010005,376,16568,450,-2054,-1230,-85,190,0.22505495605468748,9.916783276367187,0.2693476867675781,30.488823529411768,-33801.52671755725,-2335.87786259542,5221.374045801527
495578,0,0,0,4958297003,4940.099409,0.010005,380,16540,466,-2055,-1233,-92,193,0.22744915771484372,9.900023864746093,0.27892449340820313,30.48588235294118,-33883.96946564886,-2528.2442748091603,5303.81679389313
495579,0,0,0,4958307008,4940.109414,0.010005,382,16554,486,-2055,-1230,-91,186,0.22864625854492185,9.90840357055664,0.29089550170898437,30.48588235294118,-33801.52671755725,-2500.7633587786263,5111.4503816793895
495580,0,0,0,4958317014,4940.11942,0.010006,392,16556,522,-2052,-1233,-88,187,0.2346317626953125,9.909600671386718,0.3124433166503906,30.494705882352942,-33883.96946564886,-2418.320610687023,5138.931297709924
495581,0,0,0,4958327019,4940.129425,0.010005,426,16564,480,-2054,-1229,-85,193,0.2549824768066406,9.91438907470703,0.28730419921875,30.488823529411768,-33774.04580152672,-2335.87786259542,5303.81679389313
495582,0,0,0,4958337024,4940.13943,0.010005,374,16550,494,-2057,-1234,-81,184,0.22385785522460935,9.906009368896484,0.29568390502929687,30.48,-33911.45038167939,-2225.9541984732828,5056.488549618321
495583,0,0,0,4958347029,4940.149435,0.010005,400,16550,476,-2056,-1231,-88,188,0.239420166015625,9.906009368896484,0.28490999755859375,30.48294117647059,-33829.00763358779,-2418.320610687023,5166.412213740458
495584,0,0,0,4958357035,4940.159441,0.010006,360,16536,482,-2060,-1229,-86,184,0.2154781494140625,9.897629663085937,0.2885013000488281,30.471176470588237,-33774.04580152672,-2363.3587786259545,5056.488549618321
495585,0,0,0,4958367040,4940.169446,0.010005,376,16544,460,-2053,-1226,-82,186,0.22505495605468748,9.90241806640625,0.2753331909179687,30.491764705882353,-33691.603053435116,-2253.4351145038167,5111.4503816793895
495586,0,0,0,4958377045,4940.179451,0.010005,384,16558,434,-2049,-1229,-83,181,0.229843359375,9.910797772216796,0.2597708801269531,30.503529411764706,-33774.04580152672,-2280.916030534351,4974.045801526718
495587,0,0,0,4958387050,4940.189456,0.010005,368,16550,462,-2054,-1225,-80,193,0.22026655273437498,9.906009368896484,0.2765302917480469,30.488823529411768,-33664.122137404585,-2198.4732824427483,5303.81679389313
495588,0,0,0,4958397055,4940.199461,0.010005,340,16522,486,-2063,-1230,-86,188,0.20350714111328125,9.889249957275391,0.29089550170898437,30.462352941176473,-33801.52671755725,-2363.3587786259545,5166.412213740458
495589,0,0,0,4958407061,4940.209467,0.010006,376,16554,504,-2053,-1232,-88,185,0.22505495605468748,9.90840357055664,0.3016694091796875,30.491764705882353,-33856.48854961832,-2418.320610687023,5083.9694656488555
495590,0,0,0,4958417066,4940.219472,0.010005,364,16554,468,-2048,-1229,-86,181,0.21787235107421873,9.90840357055664,0.28012159423828126,30.506470588235295,-33774.04580152672,-2363.3587786259545,4974.045801526718
495591,0,0,0,4958427071,4940.229477,0.010005,384,16568,478,-2054,-1234,-85,192,0.229843359375,9.916783276367187,0.2861070983886719,30.488823529411768,-33911.45038167939,-2335.87786259542,5276.335877862595
495592,0,0,0,4958437076,4940.239482,0.010005,384,16528,470,-2053,-1233,-85,181,0.229843359375,9.892841259765625,0.2813186950683594,30.491764705882353,-33883.96946564886,-2335.87786259542,4974.045801526718
495593,0,0,0,4958447081,4940.249487,0.010005,368,16516,472,-2051,-1230,-92,191,0.22026655273437498,9.885658654785155,0.2825157958984375,30.49764705882353,-33801.52671755725,-2528.2442748091603,5248.854961832061
495594,0,0,0,4958457087,4940.259493,0.010006,414,16544,434,-2050,-1228,-89,187,0.24779987182617186,9.90241806640625,0.2597708801269531,30.500588235294117,-33746.564885496184,-2445.8015267175574,5138.931297709924
495595,0,0,0,4958467092,4940.269498,0.010005,416,16540,426,-2053,-1225,-82,190,0.24899697265624998,9.900023864746093,0.2549824768066406,30.491764705882353,-33664.122137404585,-2253.4351145038167,5221.374045801527
495596,0,0,0,4958477097,4940.279503,0.010005,418,16528,490,-2052,-1227,-89,187,0.2501940734863281,9.892841259765625,0.2932897033691406,30.494705882352942,-33719.08396946565,-2445.8015267175574,5138.931297709924
495597,0,0,0,4958487102,4940.289508,0.010005,404,16588,464,-2052,-1232,-86,184,0.24181436767578124,9.928754284667969,0.277727392578125,30.494705882352942,-33856.48854961832,-2363.3587786259545,5056.488549618321
495598,0,0,0,4958497108,4940.299514,0.010006,388,16496,454,-2051,-1233,-90,191,0.23223756103515625,9.873687646484374,0.27174188842773433,30.49764705882353,-33883.96946564886,-2473.282442748092,5248.854961832061
495599,0,0,0,4958507113,4940.309519,0.010005,424,16560,468,-2056,-1226,-83,190,0.2537853759765625,9.911994873046874,0.28012159423828126,30.48294117647059,-33691.603053435116,-2280.916030534351,5221.374045801527
495600,0,0,0,4958517118,4940.319524,0.010005,382,16494,466,-2051,-1229,-84,185,0.22864625854492185,9.872490545654296,0.27892449340820313,30.49764705882353,-33774.04580152672,-2308.3969465648856,5083.9694656488555
495601,0,0,0,4958527123,4940.329529,0.010005,344,16548,462,-2054,-1228,-84,186,0.2059013427734375,9.904812268066406,0.2765302917480469,30.488823529411768,-33746.564885496184,-2308.3969465648856,5111.4503816793895
495602,0,0,0,4958537128,4940.339534,0.010005,336,16530,412,-2053,-1229,-84,189,0.201112939453125,9.894038360595703,0.24660277099609373,30.491764705882353,-33774.04580152672,-2308.3969465648856,5193.893129770992
495603,0,0,0,4958547134,4940.34954,0.010006,362,16542,442,-2052,-1225,-85,189,0.2166752502441406,9.90122096557617,0.2645592834472656,30.494705882352942,-33664.122137404585,-2335.87786259542,5193.893129770992
495604,0,0,0,4958557139,4940.359545,0.010005,348,16522,484,-2053,-1224,-86,190,0.20829554443359374,9.889249957275391,0.28969840087890625,30.491764705882353,-33636.64122137405,-2363.3587786259545,5221.374045801527
495605,0,0,0,4958567144,4940.36955,0.010005,410,16562,444,-2051,-1229,-87,191,0.2454056701660156,9.913191973876952,0.2657563842773437,30.49764705882353,-33774.04580152672,-2390.8396946564885,5248.854961832061
495606,0,0,0,4958577149,4940.379555,0.010005,386,16586,442,-2049,-1230,-92,193,0.23104046020507812,9.92755718383789,0.2645592834472656,30.503529411764706,-33801.52671755725,-2528.2442748091603,5303.81679389313
495607,0,0,0,4958587154,4940.38956,0.010005,394,16528,468,-2049,-1228,-88,186,0.23582886352539062,9.892841259765625,0.28012159423828126,30.503529411764706,-33746.564885496184,-2418.320610687023,5111.4503816793895
495608,0,0,0,4958597160,4940.399566,0.010006,420,16508,434,-2052,-1228,-84,186,0.25139117431640623,9.880870251464843,0.2597708801269531,30.494705882352942,-33746.564885496184,-2308.3969465648856,5111.4503816793895
495609,0,0,0,4958607165,4940.409571,0.010005,396,16552,448,-2049,-1228,-82,185,0.23702596435546874,9.907206469726562,0.26815058593749996,30.503529411764706,-33746.564885496184,-2253.4351145038167,5083.9694656488555
495610,0,0,0,4958617170,4940.419576,0.010005,380,16522,472,-2055,-1230,-80,183,0.22744915771484372,9.889249957275391,0.2825157958984375,30.48588235294118,-33801.52671755725,-2198.4732824427483,5029.007633587787
495611,0,0,0,4958627175,4940.429581,0.010005,304,16566,428,-2053,-1231,-80,191,0.181959326171875,9.91558617553711,0.2561795776367187,30.491764705882353,-33829.00763358779,-2198.4732824427483,5248.854961832061
495612,0,0,0,4958637181,4940.439587,0.010006,372,16570,386,-2046,-1225,-83,185,0.22266075439453123,9.917980377197265,0.23104046020507812,30.512352941176474,-33664.122137404585,-2280.916030534351,5083.9694656488555
495613,0,0,0,4958647186,4940.449592,0.010005,402,16576,490,-2049,-1227,-82,179,0.24061726684570311,9.9215716796875,0.2932897033691406,30.503529411764706,-33719.08396946565,-2253.4351145038167,4919.083969465649
495614,0,0,0,4958657191,4940.459597,0.010005,360,16570,482,-2045,-1232,-86,188,0.2154781494140625,9.917980377197265,0.2885013000488281,30.51529411764706,-33856.48854961832,-2363.3587786259545,5166.412213740458
495615,0,0,0,4958667196,4940.469602,0.010005,376,16566,450,-2040,-1232,-89,196,0.22505495605468748,9.91558617553711,0.2693476867675781,30.53,-33856.48854961832,-2445.8015267175574,5386.259541984733
495616,0,0,0,4958677201,4940.479607,0.010005,378,16546,502,-2046,-1235,-83,192,0.2262520568847656,9.903615167236328,0.30047230834960936,30.512352941176474,-33938.931297709925,-2280.916030534351,5276.335877862595
495617,0,0,0,4958687207,4940.489613,0.010006,342,16556,464,-2048,-1236,-84,193,0.20470424194335937,9.909600671386718,0.277727392578125,30.506470588235295,-33966.41221374046,-2308.3969465648856,5303.81679389313
495618,0,0,0,4958697212,4940.499618,0.010005,380,16558,426,-2054,-1236,-82,190,0.22744915771484372,9.910797772216796,0.2549824768066406,30.488823529411768,-33966.41221374046,-2253.4351145038167,5221.374045801527
495619,0,0,0,4958707217,4940.509623,0.010005,368,16566,466,-2051,-1232,-90,182,0.22026655273437498,9.91558617553711,0.27892449340820313,30.49764705882353,-33856.48854961832,-2473.282442748092,5001.526717557253
495620,0,0,0,4958717222,4940.519628,0.010005,328,16554,446,-2051,-1233,-86,185,0.19632453613281248,9.90840357055664,0.26695348510742184,30.49764705882353,-33883.96946564886,-2363.3587786259545,5083.9694656488555
495621,0,0,0,4958727228,4940.529634,0.010006,394,16554,564,-2046,-1236,-86,178,0.23582886352539062,9.90840357055664,0.33758243408203126,30.512352941176474,-33966.41221374046,-2363.3587786259545,4891.603053435115
495622,0,0,0,4958737233,4940.539639,0.010005,348,16510,492,-2046,-1233,-76,175,0.20829554443359374,9.882067352294921,0.29448680419921874,30.512352941176474,-33883.96946564886,-2088.549618320611,4809.160305343512
495623,0,0,0,4958747238,4940.549644,0.010005,332,16552,510,-2056,-1226,-81,182,0.19871873779296872,9.907206469726562,0.30526071166992186,30.48294117647059,-33691.603053435116,-2225.9541984732828,5001.526717557253
495624,0,0,0,4958757243,4940.559649,0.010005,352,16518,462,-2051,-1227,-88,185,0.21068974609375,9.886855755615233,0.2765302917480469,30.49764705882353,-33719.08396946565,-2418.320610687023,5083.9694656488555
495625,0,0,0,4958767248,4940.569654,0.010005,392,16568,490,-2049,-1226,-84,187,0.2346317626953125,9.916783276367187,0.2932897033691406,30.503529411764706,-33691.603053435116,-2308.3969465648856,5138.931297709924
495626,0,0,0,4958777254,4940.57966,0.010006,342,16506,468,-2044,-1225,-84,184,0.20470424194335937,9.879673150634765,0.28012159423828126,30.51823529411765,-33664.122137404585,-2308.3969465648856,5056.488549618321
495627,0,0,0,4958787259,4940.589665,0.010005,344,16542,460,-2042,-1232,-80,185,0.2059013427734375,9.90122096557617,0.2753331909179687,30.524117647058823,-33856.48854961832,-2198.4732824427483,5083.9694656488555
495628,0,0,0,4958797264,4940.59967,0.010005,384,16524,426,-2052,-1229,-82,191,0.229843359375,9.890447058105469,0.2549824768066406,30.494705882352942,-33774.04580152672,-2253.4351145038167,5248.854961832061
495629,0,0,0,4958807269,4940.609675,0.010005,402,16558,438,-2047,-1233,-83,197,0.24061726684570311,9.910797772216796,0.26216508178710934,30.509411764705884,-33883.96946564886,-2280.916030534351,5413.740458015267
495630,0,0,0,4958817275,4940.619681,0.010006,360,16522,464,-2048,-1230,-88,194,0.2154781494140625,9.889249957275391,0.277727392578125,30.506470588235295,-33801.52671755725,-2418.320610687023,5331.297709923664
495631,0,0,0,4958827280,4940.629686,0.010005,354,16528,466,-2048,-1233,-80,189,0.21188684692382811,9.892841259765625,0.27892449340820313,30.506470588235295,-33883.96946564886,-2198.4732824427483,5193.893129770992
495632,0,0,0,4958837285,4940.639691,0.010005,378,16550,458,-2051,-1227,-80,188,0.2262520568847656,9.906009368896484,0.2741360900878906,30.49764705882353,-33719.08396946565,-2198.4732824427483,5166.412213740458
495633,0,0,0,4958847290,4940.649696,0.010005,358,16504,460,-2054,-1223,-84,194,0.21428104858398436,9.878476049804688,0.2753331909179687,30.488823529411768,-33609.16030534351,-2308.3969465648856,5331.297709923664
495634,0,0,0,4958857295,4940.659701,0.010005,360,16524,494,-2052,-1229,-85,186,0.2154781494140625,9.890447058105469,0.29568390502929687,30.494705882352942,-33774.04580152672,-2335.87786259542,5111.4503816793895
495635,0,0,0,4958867301,4940.669707,0.010006,380,16540,432,-2051,-1231,-85,190,0.22744915771484372,9.900023864746093,0.258573779296875,30.49764705882353,-33829.00763358779,-2335.87786259542,5221.374045801527
495636,0,0,0,4958877306,4940.679712,0.010005,402,16532,474,-2049,-1229,-86,191,0.24061726684570311,9.89523546142578,0.28371289672851563,30.503529411764706,-33774.04580152672,-2363.3587786259545,5248.854961832061
495637,0,0,0,4958887311,4940.689717,0.010005,362,16540,484,-2052,-1228,-93,184,0.2166752502441406,9.900023864746093,0.28969840087890625,30.494705882352942,-33746.564885496184,-2555.7251908396947,5056.488549618321
495638,0,0,0,4958897316,4940.699722,0.010005,354,16604,430,-2047,-1230,-89,189,0.21188684692382811,9.938331091308592,0.25737667846679685,30.509411764705884,-33801.52671755725,-2445.8015267175574,5193.893129770992
495639,0,0,0,4958907321,4940.709727,0.010005,406,16542,488,-2050,-1230,-83,184,0.24301146850585936,9.90122096557617,0.2920926025390625,30.500588235294117,-33801.52671755725,-2280.916030534351,5056.488549618321
495640,0,0,0,4958917327,4940.719733,0.010006,346,16578,456,-2050,-1230,-79,189,0.20709844360351562,9.922768780517577,0.27293898925781246,30.500588235294117,-33801.52671755725,-2170.992366412214,5193.893129770992
495641,0,0,0,4958927332,4940.729738,0.010005,392,16540,546,-2050,-1228,-88,184,0.2346317626953125,9.900023864746093,0.3268085266113281,30.500588235294117,-33746.564885496184,-2418.320610687023,5056.488549618321
495642,0,0,0,4958937337,4940.739743,0.010005,368,16574,462,-2049,-1227,-81,184,0.22026655273437498,9.920374578857421,0.2765302917480469,30.503529411764706,-33719.08396946565,-2225.9541984732828,5056.488549618321
495643,0,0,0,4958947342,4940.749748,0.010005,378,16492,470,-2053,-1234,-83,185,0.2262520568847656,9.871293444824218,0.2813186950683594,30.491764705882353,-33911.45038167939,-2280.916030534351,5083.9694656488555
495644,0,0,0,4958957348,4940.759754,0.010006,408,16576,512,-2042,-1231,-85,182,0.2442085693359375,9.9215716796875,0.3064578125,30.524117647058823,-33829.00763358779,-2335.87786259542,5001.526717557253
495645,0,0,0,4958967353,4940.769759,0.010005,430,16544,488,-2050,-1235,-81,182,0.25737667846679685,9.90241806640625,0.2920926025390625,30.500588235294117,-33938.931297709925,-2225.9541984732828,5001.526717557253
495646,0,0,0,4958977358,4940.779764,0.010005,380,16532,450,-2056,-1229,-81,193,0.22744915771484372,9.89523546142578,0.2693476867675781,30.48294117647059,-33774.04580152672,-2225.9541984732828,5303.81679389313
495647,0,0,0,4958987363,4940.789769,0.010005,356,16596,486,-2054,-1233,-80,192,0.21308394775390624,9.93354268798828,0.29089550170898437,30.488823529411768,-33883.96946564886,-2198.4732824427483,5276.335877862595
495648,0,0,0,4958997368,4940.799774,0.010005,382,16546,484,-2049,-1230,-81,185,0.22864625854492185,9.903615167236328,0.28969840087890625,30.503529411764706,-33801.52671755725,-2225.9541984732828,5083.9694656488555
495649,0,0,0,4959007374,4940.80978,0.010006,346,16598,432,-2053,-1233,-87,181,0.20709844360351562,9.934739788818359,0.258573779296875,30.491764705882353,-33883.96946564886,-2390.8396946564885,4974.045801526718
495650,0,0,0,4959017379,4940.819785,0.010005,352,16528,414,-2048,-1231,-88,177,0.21068974609375,9.892841259765625,0.24779987182617186,30.506470588235295,-33829.00763358779,-2418.320610687023,4864.122137404581
495651,0,0,0,4959027384,4940.82979,0.010005,338,16510,454,-2044,-1228,-86,183,0.20231004028320312,9.882067352294921,0.27174188842773433,30.51823529411765,-33746.564885496184,-2363.3587786259545,5029.007633587787
495652,0,0,0,4959037389,4940.839795,0.010005,374,16564,522,-2054,-1227,-87,186,0.22385785522460935,9.91438907470703,0.3124433166503906,30.488823529411768,-33719.08396946565,-2390.8396946564885,5111.4503816793895
495653,0,0,0,4959047395,4940.849801,0.010006,354,16532,460,-2050,-1235,-88,186,0.21188684692382811,9.89523546142578,0.2753331909179687,30.500588235294117,-33938.931297709925,-2418.320610687023,5111.4503816793895
495654,0,0,0,4959057400,4940.859806,0.010005,378,16588,404,-2052,-1234,-92,182,0.2262520568847656,9.928754284667969,0.24181436767578124,30.494705882352942,-33911.45038167939,-2528.2442748091603,5001.526717557253
495655,0,0,0,4959067405,4940.869811,0.010005,394,16582,458,-2051,-1227,-92,190,0.23582886352539062,9.925162982177733,0.2741360900878906,30.49764705882353,-33719.08396946565,-2528.2442748091603,5221.374045801527
495656,0,0,0,4959077410,4940.879816,0.010005,372,16564,464,-2046,-1229,-80,193,0.22266075439453123,9.91438907470703,0.277727392578125,30.512352941176474,-33774.04580152672,-2198.4732824427483,5303.81679389313
495657,0,0,0,4959087415,4940.889821,0.010005,396,16540,488,-2044,-1226,-79,187,0.23702596435546874,9.900023864746093,0.2920926025390625,30.51823529411765,-33691.603053435116,-2170.992366412214,5138.931297709924
495658,0,0,0,4959097421,4940.899827,0.010006,364,16486,434,-2041,-1233,-82,181,0.21787235107421873,9.867702142333984,0.2597708801269531,30.527058823529412,-33883.96946564886,-2253.4351145038167,4974.045801526718
495659,0,0,0,4959107426,4940.909832,0.010005,384,16498,456,-2047,-1232,-84,185,0.229843359375,9.874884747314452,0.27293898925781246,30.509411764705884,-33856.48854961832,-2308.3969465648856,5083.9694656488555
495660,0,0,0,4959117431,4940.919837,0.010005,356,16542,424,-2047,-1230,-85,184,0.21308394775390624,9.90122096557617,0.2537853759765625,30.509411764705884,-33801.52671755725,-2335.87786259542,5056.488549618321
495661,0,0,0,4959127436,4940.929842,0.010005,382,16506,514,-2053,-1228,-91,184,0.22864625854492185,9.879673150634765,0.3076549133300781,30.491764705882353,-33746.564885496184,-2500.7633587786263,5056.488549618321
495662,0,0,0,4959137441,4940.939847,0.010005,364,16522,470,-2048,-1231,-89,187,0.21787235107421873,9.889249957275391,0.2813186950683594,30.506470588235295,-33829.00763358779,-2445.8015267175574,5138.931297709924
495663,0,0,0,4959147447,4940.949853,0.010006,332,16564,486,-2052,-1235,-86,189,0.19871873779296872,9.91438907470703,0.29089550170898437,30.494705882352942,-33938.931297709925,-2363.3587786259545,5193.893129770992
495664,0,0,0,4959157452,4940.959858,0.010005,354,16552,480,-2047,-1235,-84,185,0.21188684692382811,9.907206469726562,0.28730419921875,30.509411764705884,-33938.931297709925,-2308.3969465648856,5083.9694656488555
495665,0,0,0,4959167457,4940.969863,0.010005,382,16534,488,-2047,-1231,-83,186,0.22864625854492185,9.896432562255859,0.2920926025390625,30.509411764705884,-33829.00763358779,-2280.916030534351,5111.4503816793895
495666,0,0,0,4959177462,4940.979868,0.010005,350,16572,440,-2047,-1232,-82,188,0.20949264526367187,9.919177478027343,0.26336218261718747,30.509411764705884,-33856.48854961832,-2253.4351145038167,5166.412213740458
495667,0,0,0,4959187468,4940.989874,0.010006,380,16558,410,-2051,-1229,-90,187,0.22744915771484372,9.910797772216796,0.2454056701660156,30.49764705882353,-33774.04580152672,-2473.282442748092,5138.931297709924
495668,0,0,0,4959197473,4940.999879,0.010005,376,16500,524,-2047,-1234,-87,183,0.22505495605468748,9.87608184814453,0.3136404174804687,30.509411764705884,-33911.45038167939,-2390.8396946564885,5029.007633587787
495669,0,0,0,4959207478,4941.009884,0.010005,380,16524,456,-2050,-1231,-86,180,0.22744915771484372,9.890447058105469,0.27293898925781246,30.500588235294117,-33829.00763358779,-2363.3587786259545,4946.564885496184
495670,0,0,0,4959217483,4941.019889,0.010005,362,16540,470,-2056,-1228,-84,185,0.2166752502441406,9.900023864746093,0.2813186950683594,30.48294117647059,-33746.564885496184,-2308.3969465648856,5083.9694656488555
495671,0,0,0,4959227488,4941.029894,0.010005,374,16542,500,-2053,-1228,-84,189,0.22385785522460935,9.90122096557617,0.29927520751953124,30.491764705882353,-33746.564885496184,-2308.3969465648856,5193.893129770992
495672,0,0,0,4959237494,4941.0399,0.010006,362,16534,434,-2052,-1229,-88,184,0.2166752502441406,9.896432562255859,0.2597708801269531,30.494705882352942,-33774.04580152672,-2418.320610687023,5056.488549618321
495673,0,0,0,4959247499,4941.049905,0.010005,364,16558,412,-2049,-1232,-86,181,0.21787235107421873,9.910797772216796,0.24660277099609373,30.503529411764706,-33856.48854961832,-2363.3587786259545,4974.045801526718
495674,0,0,0,4959257504,4941.05991,0.010005,384,16548,478,-2051,-1233,-92,191,0.229843359375,9.904812268066406,0.2861070983886719,30.49764705882353,-33883.96946564886,-2528.2442748091603,5248.854961832061
495675,0,0,0,4959267509,4941.069915,0.010005,374,16534,506,-2046,-1226,-87,191,0.22385785522460935,9.896432562255859,0.3028665100097656,30.512352941176474,-33691.603053435116,-2390.8396946564885,5248.854961832061
495676,0,0,0,4959277514,4941.07992,0.010005,366,16528,526,-2049,-1227,-88,186,0.21906945190429686,9.892841259765625,0.31483751831054685,30.503529411764706,-33719.08396946565,-2418.320610687023,5111.4503816793895
495677,0,0,0,4959287520,4941.089926,0.010006,388,16550,434,-2051,-1228,-88,188,0.23223756103515625,9.906009368896484,0.2597708801269531,30.49764705882353,-33746.564885496184,-2418.320610687023,5166.412213740458
495678,0,0,0,4959297525,4941.099931,0.010005,370,16546,472,-2056,-1228,-93,187,0.2214636535644531,9.903615167236328,0.2825157958984375,30.48294117647059,-33746.564885496184,-2555.7251908396947,5138.931297709924
495679,0,0,0,4959307530,4941.109936,0.010005,382,16592,422,-2048,-1236,-85,191,0.22864625854492185,9.931148486328125,0.25258827514648435,30.506470588235295,-33966.41221374046,-2335.87786259542,5248.854961832061
495680,0,0,0,4959317535,4941.119941,0.010005,360,16550,430,-2047,-1232,-91,191,0.2154781494140625,9.906009368896484,0.25737667846679685,30.509411764705884,-33856.48854961832,-2500.7633587786263,5248.854961832061
495681,0,0,0,4959327541,4941.129947,0.010006,362,16550,416,-2050,-1226,-92,177,0.2166752502441406,9.906009368896484,0.24899697265624998,30.500588235294117,-33691.603053435116,-2528.2442748091603,4864.122137404581
495682,0,0,0,4959337546,4941.139952,0.010005,420,16588,414,-2051,-1229,-92,192,0.25139117431640623,9.928754284667969,0.24779987182617186,30.49764705882353,-33774.04580152672,-2528.2442748091603,5276.335877862595
495683,0,0,0,4959347551,4941.149957,0.010005,354,16534,490,-2047,-1232,-87,186,0.21188684692382811,9.896432562255859,0.2932897033691406,30.509411764705884,-33856.48854961832,-2390.8396946564885,5111.4503816793895
495684,0,0,0,4959357556,4941.159962,0.010005,406,16546,438,-2049,-1225,-78,182,0.24301146850585936,9.903615167236328,0.26216508178710934,30.503529411764706,-33664.122137404585,-2143.5114503816794,5001.526717557253
495685,0,0,0,4959367561,4941.169967,0.010005,380,16568,444,-2051,-1235,-83,180,0.22744915771484372,9.916783276367187,0.2657563842773437,30.49764705882353,-33938.931297709925,-2280.916030534351,4946.564885496184
495686,0,0,0,4959377567,4941.179973,0.010006,364,16542,474,-2053,-1232,-82,183,0.21787235107421873,9.90122096557617,0.28371289672851563,30.491764705882353,-33856.48854961832,-2253.4351145038167,5029.007633587787
495687,0,0,0,4959387572,4941.189978,0.010005,370,16540,492,-2046,-1232,-86,184,0.2214636535644531,9.900023864746093,0.29448680419921874,30.512352941176474,-33856.48854961832,-2363.3587786259545,5056.488549618321
495688,0,0,0,4959397577,4941.199983,0.010005,368,16528,456,-2049,-1230,-88,184,0.22026655273437498,9.892841259765625,0.27293898925781246,30.503529411764706,-33801.52671755725,-2418.320610687023,5056.488549618321
495689,0,0,0,4959407582,4941.209988,0.010005,348,16548,494,-2048,-1238,-92,188,0.20829554443359374,9.904812268066406,0.29568390502929687,30.506470588235295,-34021.37404580153,-2528.2442748091603,5166.412213740458
495690,0,0,0,4959417588,4941.219994,0.010006,368,16558,516,-2046,-1233,-91,186,0.22026655273437498,9.910797772216796,0.30885201416015623,30.512352941176474,-33883.96946564886,-2500.7633587786263,5111.4503816793895
495691,0,0,0,4959427593,4941.229999,0.010005,404,16512,498,-2045,-1227,-88,182,0.24181436767578124,9.883264453125,0.2980781066894531,30.51529411764706,-33719.08396946565,-2418.320610687023,5001.526717557253
495692,0,0,0,4959437598,4941.240004,0.010005,376,16546,520,-2043,-1231,-88,192,0.22505495605468748,9.903615167236328,0.3112462158203125,30.521176470588237,-33829.00763358779,-2418.320610687023,5276.335877862595
495693,0,0,0,4959447603,4941.250009,0.010005,368,16556,452,-2048,-1233,-83,187,0.22026655273437498,9.909600671386718,0.2705447875976562,30.506470588235295,-33883.96946564886,-2280.916030534351,5138.931297709924
495694,0,0,0,4959457608,4941.260014,0.010005,390,16560,456,-2049,-1233,-90,186,0.23343466186523437,9.911994873046874,0.27293898925781246,30.503529411764706,-33883.96946564886,-2473.282442748092,5111.4503816793895
495695,0,0,0,4959467614,4941.27002,0.010006,370,16546,434,-2049,-1232,-86,186,0.2214636535644531,9.903615167236328,0.2597708801269531,30.503529411764706,-33856.48854961832,-2363.3587786259545,5111.4503816793895
495696,0,0,0,4959477619,4941.280025,0.010005,394,16526,420,-2044,-1229,-84,183,0.23582886352539062,9.891644158935547,0.25139117431640623,30.51823529411765,-33774.04580152672,-2308.3969465648856,5029.007633587787
495697,0,0,0,4959487624,4941.29003,0.010005,370,16534,482,-2043,-1227,-77,187,0.2214636535644531,9.896432562255859,0.2885013000488281,30.521176470588237,-33719.08396946565,-2116.030534351145,5138.931297709924
495698,0,0,0,4959497629,4941.300035,0.010005,356,16532,476,-2056,-1226,-86,182,0.21308394775390624,9.89523546142578,0.28490999755859375,30.48294117647059,-33691.603053435116,-2363.3587786259545,5001.526717557253
495699,0,0,0,4959507635,4941.310041,0.010006,352,16492,418,-2054,-1230,-87,180,0.21068974609375,9.871293444824218,0.2501940734863281,30.488823529411768,-33801.52671755725,-2390.8396946564885,4946.564885496184
495700,0,0,0,4959517640,4941.320046,0.010005,350,16540,428,-2052,-1236,-85,192,0.20949264526367187,9.900023864746093,0.2561795776367187,30.494705882352942,-33966.41221374046,-2335.87786259542,5276.335877862595
495701,0,0,0,4959527645,4941.330051,0.010005,358,16526,470,-2047,-1232,-86,184,0.21428104858398436,9.891644158935547,0.2813186950683594,30.509411764705884,-33856.48854961832,-2363.3587786259545,5056.488549618321
495702,0,0,0,4959537650,4941.340056,0.010005,392,16536,418,-2044,-1230,-89,185,0.2346317626953125,9.897629663085937,0.2501940734863281,30.51823529411765,-33801.52671755725,-2445.8015267175574,5083.9694656488555
495703,0,0,0,4959547655,4941.350061,0.010005,324,16566,480,-2049,-1234,-83,189,0.19393033447265623,9.91558617553711,0.28730419921875,30.503529411764706,-33911.45038167939,-2280.916030534351,5193.893129770992
495704,0,0,0,4959557661,4941.360067,0.010006,352,16546,510,-2047,-1233,-87,188,0.21068974609375,9.903615167236328,0.30526071166992186,30.509411764705884,-33883.96946564886,-2390.8396946564885,5166.412213740458
495705,0,0,0,4959567666,4941.370072,0.010005,414,16522,414,-2049,-1232,-76,181,0.24779987182617186,9.889249957275391,0.24779987182617186,30.503529411764706,-33856.48854961832,-2088.549618320611,4974.045801526718
495706,0,0,0,4959577671,4941.380077,0.010005,362,16490,412,-2050,-1225,-78,191,0.2166752502441406,9.87009634399414,0.24660277099609373,30.500588235294117,-33664.122137404585,-2143.5114503816794,5248.854961832061
495707,0,0,0,4959587676,4941.390082,0.010005,356,16572,466,-2048,-1231,-79,187,0.21308394775390624,9.919177478027343,0.27892449340820313,30.506470588235295,-33829.00763358779,-2170.992366412214,5138.931297709924
495708,0,0,0,4959597682,4941.400088,0.010006,382,16568,478,-2047,-1226,-85,186,0.22864625854492185,9.916783276367187,0.2861070983886719,30.509411764705884,-33691.603053435116,-2335.87786259542,5111.4503816793895
495709,0,0,0,4959607687,4941.410093,0.010005,382,16588,484,-2052,-1232,-86,184,0.22864625854492185,9.928754284667969,0.28969840087890625,30.494705882352942,-33856.48854961832,-2363.3587786259545,5056.488549618321
495710,0,0,0,4959617692,4941.420098,0.010005,348,16566,476,-2054,-1229,-82,182,0.20829554443359374,9.91558617553711,0.28490999755859375,30.488823529411768,-33774.04580152672,-2253.4351145038167,5001.526717557253
495711,0,0,0,4959627697,4941.430103,0.010005,382,16570,414,-2048,-1229,-77,187,0.22864625854492185,9.917980377197265,0.24779987182617186,30.506470588235295,-33774.04580152672,-2116.030534351145,5138.931297709924
495712,0,0,0,4959637702,4941.440108,0.010005,364,16532,492,-2051,-1230,-90,180,0.21787235107421873,9.89523546142578,0.29448680419921874,30.49764705882353,-33801.52671755725,-2473.282442748092,4946.564885496184
495713,0,0,0,4959647708,4941.450114,0.010006,366,16536,504,-2049,-1237,-93,187,0.21906945190429686,9.897629663085937,0.3016694091796875,30.503529411764706,-33993.89312977099,-2555.7251908396947,5138.931297709924
495714,0,0,0,4959657713,4941.460119,0.010005,340,16538,512,-2051,-1234,-83,189,0.20350714111328125,9.898826763916015,0.3064578125,30.49764705882353,-33911.45038167939,-2280.916030534351,5193.893129770992
495715,0,0,0,4959667718,4941.470124,0.010005,356,16536,424,-2055,-1230,-86,188,0.21308394775390624,9.897629663085937,0.2537853759765625,30.48588235294118,-33801.52671755725,-2363.3587786259545,5166.412213740458
495716,0,0,0,4959677723,4941.480129,0.010005,360,16564,484,-2048,-1229,-86,182,0.2154781494140625,9.91438907470703,0.28969840087890625,30.506470588235295,-33774.04580152672,-2363.3587786259545,5001.526717557253
495717,0,0,0,4959687728,4941.490134,0.010005,392,16556,396,-2045,-1230,-83,186,0.2346317626953125,9.909600671386718,0.23702596435546874,30.51529411764706,-33801.52671755725,-2280.916030534351,5111.4503816793895
495718,0,0,0,4959697734,4941.50014,0.010006,370,16598,464,-2053,-1228,-83,184,0.2214636535644531,9.934739788818359,0.277727392578125,30.491764705882353,-33746.564885496184,-2280.916030534351,5056.488549618321
495719,0,0,0,4959707739,4941.510145,0.010005,386,16542,452,-2047,-1226,-82,195,0.23104046020507812,9.90122096557617,0.2705447875976562,30.509411764705884,-33691.603053435116,-2253.4351145038167,5358.778625954199
495720,0,0,0,4959717744,4941.52015,0.010005,398,16548,450,-2049,-1228,-81,182,0.23822306518554687,9.904812268066406,0.2693476867675781,30.503529411764706,-33746.564885496184,-2225.9541984732828,5001.526717557253
495721,0,0,0,4959727749,4941.530155,0.010005,398,16562,466,-2047,-1228,-92,184,0.23822306518554687,9.913191973876952,0.27892449340820313,30.509411764705884,-33746.564885496184,-2528.2442748091603,5056.488549618321
495722,0,0,0,4959737755,4941.540161,0.010006,334,16550,520,-2057,-1230,-84,191,0.19991583862304688,9.906009368896484,0.3112462158203125,30.48,-33801.52671755725,-2308.3969465648856,5248.854961832061
495723,0,0,0,4959747760,4941.550166,0.010005,398,16558,446,-2053,-1233,-89,181,0.23822306518554687,9.910797772216796,0.26695348510742184,30.491764705882353,-33883.96946564886,-2445.8015267175574,4974.045801526718
495724,0,0,0,4959757765,4941.560171,0.010005,390,16578,478,-2051,-1236,-85,187,0.23343466186523437,9.922768780517577,0.2861070983886719,30.49764705882353,-33966.41221374046,-2335.87786259542,5138.931297709924
495725,0,0,0,4959767770,4941.570176,0.010005,338,16524,514,-2050,-1227,-91,184,0.20231004028320312,9.890447058105469,0.3076549133300781,30.500588235294117,-33719.08396946565,-2500.7633587786263,5056.488549618321
495726,0,0,0,4959777775,4941.580181,0.010005,422,16558,426,-2049,-1222,-79,188,0.25258827514648435,9.910797772216796,0.2549824768066406,30.503529411764706,-33581.67938931298,-2170.992366412214,5166.412213740458
495727,0,0,0,4959787781,4941.590187,0.010006,372,16610,460,-2048,-1227,-92,190,0.22266075439453123,9.941922393798828,0.2753331909179687,30.506470588235295,-33719.08396946565,-2528.2442748091603,5221.374045801527
495728,0,0,0,4959797786,4941.600192,0.010005,368,16548,486,-2045,-1231,-90,182,0.22026655273437498,9.904812268066406,0.29089550170898437,30.51529411764706,-33829.00763358779,-2473.282442748092,5001.526717557253
495729,0,0,0,4959807791,4941.610197,0.010005,398,16510,404,-2054,-1226,-87,183,0.23822306518554687,9.882067352294921,0.24181436767578124,30.488823529411768,-33691.603053435116,-2390.8396946564885,5029.007633587787
495730,0,0,0,4959817796,4941.620202,0.010005,356,16570,490,-2050,-1224,-85,182,0.21308394775390624,9.917980377197265,0.2932897033691406,30.500588235294117,-33636.64122137405,-2335.87786259542,5001.526717557253
495731,0,0,0,4959827802,4941.630208,0.010006,354,16534,430,-2052,-1227,-87,190,0.21188684692382811,9.896432562255859,0.25737667846679685,30.494705882352942,-33719.08396946565,-2390.8396946564885,5221.374045801527
495732,0,0,0,4959837807,4941.640213,0.010005,332,16588,498,-2054,-1231,-88,192,0.19871873779296872,9.928754284667969,0.2980781066894531,30.488823529411768,-33829.00763358779,-2418.320610687023,5276.335877862595
495733,0,0,0,4959847812,4941.650218,0.010005,362,16532,484,-2046,-1224,-94,188,0.2166752502441406,9.89523546142578,0.28969840087890625,30.512352941176474,-33636.64122137405,-2583.206106870229,5166.412213740458
495734,0,0,0,4959857817,4941.660223,0.010005,364,16558,452,-2048,-1231,-82,187,0.21787235107421873,9.910797772216796,0.2705447875976562,30.506470588235295,-33829.00763358779,-2253.4351145038167,5138.931297709924
495735,0,0,0,4959867822,4941.670228,0.010005,332,16538,462,-2048,-1231,-86,190,0.19871873779296872,9.898826763916015,0.2765302917480469,30.506470588235295,-33829.00763358779,-2363.3587786259545,5221.374045801527
495736,0,0,0,4959877828,4941.680234,0.010006,402,16584,470,-2048,-1227,-89,187,0.24061726684570311,9.926360083007811,0.2813186950683594,30.506470588235295,-33719.08396946565,-2445.8015267175574,5138.931297709924
495737,0,0,0,4959887833,4941.690239,0.010005,356,16484,460,-2046,-1235,-88,180,0.21308394775390624,9.866505041503906,0.2753331909179687,30.512352941176474,-33938.931297709925,-2418.320610687023,4946.564885496184
495738,0,0,0,4959897838,4941.700244,0.010005,346,16586,472,-2049,-1234,-82,181,0.20709844360351562,9.92755718383789,0.2825157958984375,30.503529411764706,-33911.45038167939,-2253.4351145038167,4974.045801526718
495739,0,0,0,4959907843,4941.710249,0.010005,340,16556,434,-2052,-1230,-78,189,0.20350714111328125,9.909600671386718,0.2597708801269531,30.494705882352942,-33801.52671755725,-2143.5114503816794,5193.893129770992
495740,0,0,0,4959917848,4941.720254,0.010005,360,16558,470,-2054,-1232,-84,190,0.2154781494140625,9.910797772216796,0.2813186950683594,30.488823529411768,-33856.48854961832,-2308.3969465648856,5221.374045801527
495741,0,0,0,4959927854,4941.73026,0.010006,332,16514,442,-2052,-1227,-87,189,0.19871873779296872,9.884461553955077,0.2645592834472656,30.494705882352942,-33719.08396946565,-2390.8396946564885,5193.893129770992
495742,0,0,0,4959937859,4941.740265,0.010005,398,16510,448,-2052,-1231,-92,179,0.23822306518554687,9.882067352294921,0.26815058593749996,30.494705882352942,-33829.00763358779,-2528.2442748091603,4919.083969465649
495743,0,0,0,4959947864,4941.75027,0.010005,344,16548,490,-2048,-1234,-88,180,0.2059013427734375,9.904812268066406,0.2932897033691406,30.506470588235295,-33911.45038167939,-2418.320610687023,4946.564885496184
495744,0,0,0,4959957869,4941.760275,0.010005,356,16556,454,-2050,-1231,-89,184,0.21308394775390624,9.909600671386718,0.27174188842773433,30.500588235294117,-33829.00763358779,-2445.8015267175574,5056.488549618321
495745,0,0,0,4959967875,4941.770281,0.010006,382,16532,460,-2053,-1233,-86,189,0.22864625854492185,9.89523546142578,0.2753331909179687,30.491764705882353,-33883.96946564886,-2363.3587786259545,5193.893129770992
495746,0,0,0,4959977880,4941.780286,0.010005,396,16528,442,-2047,-1231,-80,186,0.23702596435546874,9.892841259765625,0.2645592834472656,30.509411764705884,-33829.00763358779,-2198.4732824427483,5111.4503816793895
495747,0,0,0,4959987885,4941.790291,0.010005,356,16550,514,-2050,-1233,-81,190,0.21308394775390624,9.906009368896484,0.3076549133300781,30.500588235294117,-33883.96946564886,-2225.9541984732828,5221.374045801527
495748,0,0,0,4959997890,4941.800296,0.010005,344,16520,452,-2050,-1231,-84,189,0.2059013427734375,9.888052856445311,0.2705447875976562,30.500588235294117,-33829.00763358779,-2308.3969465648856,5193.893129770992
495749,0,0,0,4960007895,4941.810301,0.010005,366,16568,440,-2051,-1228,-82,184,0.21906945190429686,9.916783276367187,0.26336218261718747,30.49764705882353,-33746.564885496184,-2253.4351145038167,5056.488549618321
495750,0,0,0,4960017901,4941.820307,0.010006,386,16558,434,-2055,-1228,-80,190,0.23104046020507812,9.910797772216796,0.2597708801269531,30.48588235294118,-33746.564885496184,-2198.4732824427483,5221.374045801527
495751,0,0,0,4960027906,4941.830312,0.010005,402,16562,446,-2047,-1233,-85,193,0.24061726684570311,9.913191973876952,0.26695348510742184,30.509411764705884,-33883.96946564886,-2335.87786259542,5303.81679389313
495752,0,0,0,4960037911,4941.840317,0.010005,324,16568,462,-2050,-1226,-87,190,0.19393033447265623,9.916783276367187,0.2765302917480469,30.500588235294117,-33691.603053435116,-2390.8396946564885,5221.374045801527
495753,0,0,0,4960047916,4941.850322,0.010005,376,16562,454,-2049,-1228,-88,184,0.22505495605468748,9.913191973876952,0.27174188842773433,30.503529411764706,-33746.564885496184,-2418.320610687023,5056.488549618321
495754,0,0,0,4960057922,4941.860328,0.010006,346,16542,448,-2050,-1232,-85,185,0.20709844360351562,9.90122096557617,0.26815058593749996,30.500588235294117,-33856.48854961832,-2335.87786259542,5083.9694656488555
495755,0,0,0,4960067927,4941.870333,0.010005,362,16570,452,-2048,-1236,-83,187,0.2166752502441406,9.917980377197265,0.2705447875976562,30.506470588235295,-33966.41221374046,-2280.916030534351,5138.931297709924
495756,0,0,0,4960077932,4941.880338,0.010005,380,16560,444,-2049,-1236,-88,186,0.22744915771484372,9.911994873046874,0.2657563842773437,30.503529411764706,-33966.41221374046,-2418.320610687023,5111.4503816793895
495757,0,0,0,4960087937,4941.890343,0.010005,382,16590,524,-2047,-1234,-84,179,0.22864625854492185,9.929951385498047,0.3136404174804687,30.509411764705884,-33911.45038167939,-2308.3969465648856,4919.083969465649
495758,0,0,0,4960097942,4941.900348,0.010005,354,16522,470,-2047,-1233,-80,190,0.21188684692382811,9.889249957275391,0.2813186950683594,30.509411764705884,-33883.96946564886,-2198.4732824427483,5221.374045801527
495759,0,0,0,4960107948,4941.910354,0.010006,366,16540,450,-2047,-1230,-82,186,0.21906945190429686,9.900023864746093,0.2693476867675781,30.509411764705884,-33801.52671755725,-2253.4351145038167,5111.4503816793895
495760,0,0,0,4960117953,4941.920359,0.010005,366,16562,450,-2045,-1234,-84,188,0.21906945190429686,9.913191973876952,0.2693476867675781,30.51529411764706,-33911.45038167939,-2308.3969465648856,5166.412213740458
495761,0,0,0,4960127958,4941.930364,0.010005,412,16540,468,-2046,-1231,-85,187,0.24660277099609373,9.900023864746093,0.28012159423828126,30.512352941176474,-33829.00763358779,-2335.87786259542,5138.931297709924
495762,0,0,0,4960137963,4941.940369,0.010005,374,16554,452,-2051,-1232,-79,185,0.22385785522460935,9.90840357055664,0.2705447875976562,30.49764705882353,-33856.48854961832,-2170.992366412214,5083.9694656488555
495763,0,0,0,4960147969,4941.950375,0.010006,392,16572,438,-2046,-1238,-82,181,0.2346317626953125,9.919177478027343,0.26216508178710934,30.512352941176474,-34021.37404580153,-2253.4351145038167,4974.045801526718
495764,0,0,0,4960157974,4941.96038,0.010005,396,16550,512,-2044,-1230,-88,189,0.23702596435546874,9.906009368896484,0.3064578125,30.51823529411765,-33801.52671755725,-2418.320610687023,5193.893129770992
495765,0,0,0,4960167979,4941.970385,0.010005,390,16538,502,-2047,-1230,-82,193,0.23343466186523437,9.898826763916015,0.30047230834960936,30.509411764705884,-33801.52671755725,-2253.4351145038167,5303.81679389313
495766,0,0,0,4960177984,4941.98039,0.010005,376,16548,452,-2044,-1231,-80,190,0.22505495605468748,9.904812268066406,0.2705447875976562,30.51823529411765,-33829.00763358779,-2198.4732824427483,5221.374045801527
495767,0,0,0,4960187989,4941.990395,0.010005,420,16560,494,-2043,-1231,-86,180,0.25139117431640623,9.911994873046874,0.29568390502929687,30.521176470588237,-33829.00763358779,-2363.3587786259545,4946.564885496184
495768,0,0,0,4960197995,4942.000401,0.010006,384,16562,434,-2047,-1225,-83,180,0.229843359375,9.913191973876952,0.2597708801269531,30.509411764705884,-33664.122137404585,-2280.916030534351,4946.564885496184
495769,0,0,0,4960208000,4942.010406,0.010005,370,16538,452,-2049,-1224,-88,185,0.2214636535644531,9.898826763916015,0.2705447875976562,30.503529411764706,-33636.64122137405,-2418.320610687023,5083.9694656488555
495770,0,0,0,4960218005,4942.020411,0.010005,336,16534,358,-2050,-1231,-88,185,0.201112939453125,9.896432562255859,0.21428104858398436,30.500588235294117,-33829.00763358779,-2418.320610687023,5083.9694656488555
495771,0,0,0,4960228010,4942.030416,0.010005,402,16526,492,-2047,-1235,-84,185,0.24061726684570311,9.891644158935547,0.29448680419921874,30.509411764705884,-33938.931297709925,-2308.3969465648856,5083.9694656488555
495772,0,0,0,4960238016,4942.040422,0.010006,346,16542,458,-2052,-1233,-77,193,0.20709844360351562,9.90122096557617,0.2741360900878906,30.494705882352942,-33883.96946564886,-2116.030534351145,5303.81679389313
495773,0,0,0,4960248021,4942.050427,0.010005,334,16594,468,-2047,-1226,-78,188,0.19991583862304688,9.932345587158203,0.28012159423828126,30.509411764705884,-33691.603053435116,-2143.5114503816794,5166.412213740458
495774,0,0,0,4960258026,4942.060432,0.010005,362,16544,482,-2045,-1230,-90,186,0.2166752502441406,9.90241806640625,0.2885013000488281,30.51529411764706,-33801.52671755725,-2473.282442748092,5111.4503816793895
495775,0,0,0,4960268031,4942.070437,0.010005,334,16574,518,-2048,-1231,-89,183,0.19991583862304688,9.920374578857421,0.31004911499023435,30.506470588235295,-33829.00763358779,-2445.8015267175574,5029.007633587787
495776,0,0,0,4960278036,4942.080442,0.010005,370,16560,436,-2052,-1230,-89,189,0.2214636535644531,9.911994873046874,0.2609679809570312,30.494705882352942,-33801.52671755725,-2445.8015267175574,5193.893129770992
495777,0,0,0,4960288042,4942.090448,0.010006,382,16508,466,-2053,-1229,-88,186,0.22864625854492185,9.880870251464843,0.27892449340820313,30.491764705882353,-33774.04580152672,-2418.320610687023,5111.4503816793895
495778,0,0,0,4960298047,4942.100453,0.010005,384,16542,402,-2052,-1232,-83,185,0.229843359375,9.90122096557617,0.24061726684570311,30.494705882352942,-33856.48854961832,-2280.916030534351,5083.9694656488555
495779,0,0,0,4960308052,4942.110458,0.010005,348,16522,554,-2050,-1225,-81,192,0.20829554443359374,9.889249957275391,0.3315969299316406,30.500588235294117,-33664.122137404585,-2225.9541984732828,5276.335877862595
495780,0,0,0,4960318057,4942.120463,0.010005,402,16542,474,-2051,-1229,-83,193,0.24061726684570311,9.90122096557617,0.28371289672851563,30.49764705882353,-33774.04580152672,-2280.916030534351,5303.81679389313
495781,0,0,0,4960328062,4942.130468,0.010005,358,16584,496,-2048,-1230,-85,182,0.21428104858398436,9.926360083007811,0.296881005859375,30.506470588235295,-33801.52671755725,-2335.87786259542,5001.526717557253
495782,0,0,0,4960338068,4942.140474,0.010006,386,16502,478,-2047,-1230,-81,176,0.23104046020507812,9.87727894897461,0.2861070983886719,30.509411764705884,-33801.52671755725,-2225.9541984732828,4836.641221374046
495783,0,0,0,4960348073,4942.150479,0.010005,366,16540,484,-2045,-1226,-89,182,0.21906945190429686,9.900023864746093,0.28969840087890625,30.51529411764706,-33691.603053435116,-2445.8015267175574,5001.526717557253
495784,0,0,0,4960358078,4942.160484,0.010005,378,16550,478,-2050,-1233,-84,193,0.2262520568847656,9.906009368896484,0.2861070983886719,30.500588235294117,-33883.96946564886,-2308.3969465648856,5303.81679389313
495785,0,0,0,4960368083,4942.170489,0.010005,386,16528,400,-2050,-1232,-85,180,0.23104046020507812,9.892841259765625,0.239420166015625,30.500588235294117,-33856.48854961832,-2335.87786259542,4946.564885496184
495786,0,0,0,4960378089,4942.180495,0.010006,374,16562,454,-2043,-1224,-81,191,0.22385785522460935,9.913191973876952,0.27174188842773433,30.521176470588237,-33636.64122137405,-2225.9541984732828,5248.854961832061
495787,0,0,0,4960388094,4942.1905,0.010005,412,16530,438,-2052,-1229,-80,184,0.24660277099609373,9.894038360595703,0.26216508178710934,30.494705882352942,-33774.04580152672,-2198.4732824427483,5056.488549618321
495788,0,0,0,4960398099,4942.200505,0.010005,356,16562,496,-2048,-1228,-81,190,0.21308394775390624,9.913191973876952,0.296881005859375,30.506470588235295,-33746.564885496184,-2225.9541984732828,5221.374045801527
495789,0,0,0,4960408104,4942.21051,0.010005,348,16548,478,-2050,-1232,-83,188,0.20829554443359374,9.904812268066406,0.2861070983886719,30.500588235294117,-33856.48854961832,-2280.916030534351,5166.412213740458
495790,0,0,0,4960418109,4942.220515,0.010005,380,16570,508,-2046,-1229,-80,177,0.22744915771484372,9.917980377197265,0.30406361083984373,30.512352941176474,-33774.04580152672,-2198.4732824427483,4864.122137404581
495791,0,0,0,4960428115,4942.230521,0.010006,358,16526,456,-2048,-1233,-85,185,0.21428104858398436,9.891644158935547,0.27293898925781246,30.506470588235295,-33883.96946564886,-2335.87786259542,5083.9694656488555
495792,0,0,0,4960438120,4942.240526,0.010005,322,16532,448,-2052,-1230,-86,183,0.1927332336425781,9.89523546142578,0.26815058593749996,30.494705882352942,-33801.52671755725,-2363.3587786259545,5029.007633587787
495793,0,0,0,4960448125,4942.250531,0.010005,364,16558,460,-2044,-1225,-86,186,0.21787235107421873,9.910797772216796,0.2753331909179687,30.51823529411765,-33664.122137404585,-2363.3587786259545,5111.4503816793895
495794,0,0,0,4960458130,4942.260536,0.010005,338,16546,440,-2043,-1227,-79,183,0.20231004028320312,9.903615167236328,0.26336218261718747,30.521176470588237,-33719.08396946565,-2170.992366412214,5029.007633587787
495795,0,0,0,4960468136,4942.270542,0.010006,374,16524,464,-2048,-1231,-82,190,0.22385785522460935,9.890447058105469,0.277727392578125,30.506470588235295,-33829.00763358779,-2253.4351145038167,5221.374045801527
495796,0,0,0,4960478141,4942.280547,0.010005,390,16532,446,-2047,-1232,-93,188,0.23343466186523437,9.89523546142578,0.26695348510742184,30.509411764705884,-33856.48854961832,-2555.7251908396947,5166.412213740458
495797,0,0,0,4960488146,4942.290552,0.010005,346,16518,460,-2048,-1229,-89,187,0.20709844360351562,9.886855755615233,0.2753331909179687,30.506470588235295,-33774.04580152672,-2445.8015267175574,5138.931297709924
495798,0,0,0,4960498151,4942.300557,0.010005,358,16548,474,-2050,-1231,-90,189,0.21428104858398436,9.904812268066406,0.28371289672851563,30.500588235294117,-33829.00763358779,-2473.282442748092,5193.893129770992
495799,0,0,0,4960508156,4942.310562,0.010005,308,16536,464,-2047,-1230,-90,185,0.18435352783203124,9.897629663085937,0.277727392578125,30.509411764705884,-33801.52671755725,-2473.282442748092,5083.9694656488555
495800,0,0,0,4960518162,4942.320568,0.010006,362,16512,524,-2046,-1231,-92,185,0.2166752502441406,9.883264453125,0.3136404174804687,30.512352941176474,-33829.00763358779,-2528.2442748091603,5083.9694656488555
495801,0,0,0,4960528167,4942.330573,0.010005,344,16556,446,-2047,-1229,-79,179,0.2059013427734375,9.909600671386718,0.26695348510742184,30.509411764705884,-33774.04580152672,-2170.992366412214,4919.083969465649
495802,0,0,0,4960538172,4942.340578,0.010005,374,16560,470,-2054,-1232,-85,177,0.22385785522460935,9.911994873046874,0.2813186950683594,30.488823529411768,-33856.48854961832,-2335.87786259542,4864.122137404581
495803,0,0,0,4960548177,4942.350583,0.010005,358,16498,464,-2051,-1228,-88,188,0.21428104858398436,9.874884747314452,0.277727392578125,30.49764705882353,-33746.564885496184,-2418.320610687023,5166.412213740458
495804,0,0,0,4960558183,4942.360589,0.010006,366,16544,424,-2045,-1230,-88,187,0.21906945190429686,9.90241806640625,0.2537853759765625,30.51529411764706,-33801.52671755725,-2418.320610687023,5138.931297709924
495805,0,0,0,4960568188,4942.370594,0.010005,374,16614,490,-2048,-1229,-90,184,0.22385785522460935,9.944316595458984,0.2932897033691406,30.506470588235295,-33774.04580152672,-2473.282442748092,5056.488549618321
495806,0,0,0,4960578193,4942.380599,0.010005,386,16534,416,-2050,-1233,-90,179,0.23104046020507812,9.896432562255859,0.24899697265624998,30.500588235294117,-33883.96946564886,-2473.282442748092,4919.083969465649
495807,0,0,0,4960588198,4942.390604,0.010005,358,16570,444,-2044,-1229,-89,187,0.21428104858398436,9.917980377197265,0.2657563842773437,30.51823529411765,-33774.04580152672,-2445.8015267175574,5138.931297709924
495808,0,0,0,4960598203,4942.400609,0.010005,368,16608,476,-2042,-1227,-88,179,0.22026655273437498,9.94072529296875,0.28490999755859375,30.524117647058823,-33719.08396946565,-2418.320610687023,4919.083969465649
495809,0,0,0,4960608209,4942.410615,0.010006,370,16550,484,-2048,-1223,-82,183,0.2214636535644531,9.906009368896484,0.28969840087890625,30.506470588235295,-33609.16030534351,-2253.4351145038167,5029.007633587787
495810,0,0,0,4960618214,4942.42062,0.010005,382,16538,440,-2046,-1230,-93,190,0.22864625854492185,9.898826763916015,0.26336218261718747,30.512352941176474,-33801.52671755725,-2555.7251908396947,5221.374045801527
495811,0,0,0,4960628219,4942.430625,0.010005,366,16562,498,-2043,-1229,-80,183,0.21906945190429686,9.913191973876952,0.2980781066894531,30.521176470588237,-33774.04580152672,-2198.4732824427483,5029.007633587787
495812,0,0,0,4960638224,4942.44063,0.010005,370,16546,496,-2048,-1228,-86,174,0.2214636535644531,9.903615167236328,0.296881005859375,30.506470588235295,-33746.564885496184,-2363.3587786259545,4781.679389312977
495813,0,0,0,4960648230,4942.450636,0.010006,342,16562,504,-2051,-1224,-92,189,0.20470424194335937,9.913191973876952,0.3016694091796875,30.49764705882353,-33636.64122137405,-2528.2442748091603,5193.893129770992
495814,0,0,0,4960658235,4942.460641,0.010005,392,16564,494,-2052,-1226,-91,188,0.2346317626953125,9.91438907470703,0.29568390502929687,30.494705882352942,-33691.603053435116,-2500.7633587786263,5166.412213740458
495815,0,0,0,4960668240,4942.470646,0.010005,392,16524,504,-2048,-1228,-85,191,0.2346317626953125,9.890447058105469,0.3016694091796875,30.506470588235295,-33746.564885496184,-2335.87786259542,5248.854961832061
495816,0,0,0,4960678245,4942.480651,0.010005,342,16520,512,-2043,-1229,-77,187,0.20470424194335937,9.888052856445311,0.3064578125,30.521176470588237,-33774.04580152672,-2116.030534351145,5138.931297709924
495817,0,0,0,4960688250,4942.490656,0.010005,394,16542,498,-2046,-1229,-84,192,0.23582886352539062,9.90122096557617,0.2980781066894531,30.512352941176474,-33774.04580152672,-2308.3969465648856,5276.335877862595
495818,0,0,0,4960698256,4942.500662,0.010006,386,16566,486,-2044,-1227,-84,187,0.23104046020507812,9.91558617553711,0.29089550170898437,30.51823529411765,-33719.08396946565,-2308.3969465648856,5138.931297709924
495819,0,0,0,4960708261,4942.510667,0.010005,396,16574,478,-2049,-1235,-79,181,0.23702596435546874,9.920374578857421,0.2861070983886719,30.503529411764706,-33938.931297709925,-2170.992366412214,4974.045801526718
495820,0,0,0,4960718266,4942.520672,0.010005,388,16582,568,-2052,-1230,-76,183,0.23223756103515625,9.925162982177733,0.3399766357421875,30.494705882352942,-33801.52671755725,-2088.549618320611,5029.007633587787
495821,0,0,0,4960728271,4942.530677,0.010005,384,16558,466,-2049,-1234,-78,194,0.229843359375,9.910797772216796,0.27892449340820313,30.503529411764706,-33911.45038167939,-2143.5114503816794,5331.297709923664
495822,0,0,0,4960738277,4942.540683,0.010006,384,16540,454,-2054,-1233,-83,191,0.229843359375,9.900023864746093,0.27174188842773433,30.488823529411768,-33883.96946564886,-2280.916030534351,5248.854961832061
495823,0,0,0,4960748282,4942.550688,0.010005,402,16568,474,-2053,-1228,-88,195,0.24061726684570311,9.916783276367187,0.28371289672851563,30.491764705882353,-33746.564885496184,-2418.320610687023,5358.778625954199
495824,0,0,0,4960758287,4942.560693,0.010005,356,16546,436,-2052,-1233,-85,178,0.21308394775390624,9.903615167236328,0.2609679809570312,30.494705882352942,-33883.96946564886,-2335.87786259542,4891.603053435115
495825,0,0,0,4960768292,4942.570698,0.010005,396,16516,452,-2049,-1228,-88,180,0.23702596435546874,9.885658654785155,0.2705447875976562,30.503529411764706,-33746.564885496184,-2418.320610687023,4946.564885496184
495826,0,0,0,4960778297,4942.580703,0.010005,370,16538,444,-2051,-1228,-83,181,0.2214636535644531,9.898826763916015,0.2657563842773437,30.49764705882353,-33746.564885496184,-2280.916030534351,4974.045801526718
495827,0,0,0,4960788303,4942.590709,0.010006,414,16508,472,-2047,-1226,-89,188,0.24779987182617186,9.880870251464843,0.2825157958984375,30.509411764705884,-33691.603053435116,-2445.8015267175574,5166.412213740458
495828,0,0,0,4960798308,4942.600714,0.010005,390,16516,490,-2048,-1238,-80,186,0.23343466186523437,9.885658654785155,0.2932897033691406,30.506470588235295,-34021.37404580153,-2198.4732824427483,5111.4503816793895
495829,0,0,0,4960808313,4942.610719,0.010005,370,16538,408,-2053,-1226,-88,183,0.2214636535644531,9.898826763916015,0.2442085693359375,30.491764705882353,-33691.603053435116,-2418.320610687023,5029.007633587787
495830,0,0,0,4960818318,4942.620724,0.010005,354,16560,498,-2051,-1232,-85,189,0.21188684692382811,9.911994873046874,0.2980781066894531,30.49764705882353,-33856.48854961832,-2335.87786259542,5193.893129770992
495831,0,0,0,4960828323,4942.630729,0.010005,324,16522,458,-2049,-1227,-88,187,0.19393033447265623,9.889249957275391,0.2741360900878906,30.503529411764706,-33719.08396946565,-2418.320610687023,5138.931297709924
495832,0,0,0,4960838329,4942.640735,0.010006,354,16544,456,-2053,-1229,-87,181,0.21188684692382811,9.90241806640625,0.27293898925781246,30.491764705882353,-33774.04580152672,-2390.8396946564885,4974.045801526718
495833,0,0,0,4960848334,4942.65074,0.010005,366,16520,370,-2053,-1237,-88,178,0.21906945190429686,9.888052856445311,0.2214636535644531,30.491764705882353,-33993.89312977099,-2418.320610687023,4891.603053435115
495834,0,0,0,4960858339,4942.660745,0.010005,364,16522,434,-2054,-1235,-88,188,0.21787235107421873,9.889249957275391,0.2597708801269531,30.488823529411768,-33938.931297709925,-2418.320610687023,5166.412213740458
495835,0,0,0,4960868344,4942.67075,0.010005,364,16498,464,-2043,-1232,-86,184,0.21787235107421873,9.874884747314452,0.277727392578125,30.521176470588237,-33856.48854961832,-2363.3587786259545,5056.488549618321
495836,0,0,0,4960878350,4942.680756,0.010006,366,16508,510,-2044,-1231,-81,188,0.21906945190429686,9.880870251464843,0.30526071166992186,30.51823529411765,-33829.00763358779,-2225.9541984732828,5166.412213740458
495837,0,0,0,4960888355,4942.690761,0.010005,430,16514,518,-2048,-1223,-93,194,0.25737667846679685,9.884461553955077,0.31004911499023435,30.506470588235295,-33609.16030534351,-2555.7251908396947,5331.297709923664
495838,0,0,0,4960898360,4942.700766,0.010005,372,16560,496,-2052,-1226,-90,195,0.22266075439453123,9.911994873046874,0.296881005859375,30.494705882352942,-33691.603053435116,-2473.282442748092,5358.778625954199
495839,0,0,0,4960908365,4942.710771,0.010005,378,16560,446,-2046,-1223,-80,191,0.2262520568847656,9.911994873046874,0.26695348510742184,30.512352941176474,-33609.16030534351,-2198.4732824427483,5248.854961832061
495840,0,0,0,4960918370,4942.720776,0.010005,352,16526,486,-2050,-1227,-85,185,0.21068974609375,9.891644158935547,0.29089550170898437,30.500588235294117,-33719.08396946565,-2335.87786259542,5083.9694656488555
495841,0,0,0,4960928376,4942.730782,0.010006,348,16570,422,-2053,-1228,-92,192,0.20829554443359374,9.917980377197265,0.25258827514648435,30.491764705882353,-33746.564885496184,-2528.2442748091603,5276.335877862595
495842,0,0,0,4960938381,4942.740787,0.010005,386,16588,438,-2044,-1230,-90,183,0.23104046020507812,9.928754284667969,0.26216508178710934,30.51823529411765,-33801.52671755725,-2473.282442748092,5029.007633587787
495843,0,0,0,4960948386,4942.750792,0.010005,382,16578,444,-2047,-1231,-86,182,0.22864625854492185,9.922768780517577,0.2657563842773437,30.509411764705884,-33829.00763358779,-2363.3587786259545,5001.526717557253
495844,0,0,0,4960958391,4942.760797,0.010005,414,16538,434,-2045,-1236,-87,177,0.24779987182617186,9.898826763916015,0.2597708801269531,30.51529411764706,-33966.41221374046,-2390.8396946564885,4864.122137404581
495845,0,0,0,4960968397,4942.770803,0.010006,372,16594,438,-2040,-1233,-83,187,0.22266075439453123,9.932345587158203,0.26216508178710934,30.53,-33883.96946564886,-2280.916030534351,5138.931297709924
495846,0,0,0,4960978402,4942.780808,0.010005,404,16564,458,-2037,-1229,-84,190,0.24181436767578124,9.91438907470703,0.2741360900878906,30.538823529411765,-33774.04580152672,-2308.3969465648856,5221.374045801527
495847,0,0,0,4960988407,4942.790813,0.010005,350,16596,544,-2043,-1230,-77,200,0.20949264526367187,9.93354268798828,0.32561142578124996,30.521176470588237,-33801.52671755725,-2116.030534351145,5496.183206106871
495848,0,0,0,4960998412,4942.800818,0.010005,348,16540,480,-2044,-1227,-82,190,0.20829554443359374,9.900023864746093,0.28730419921875,30.51823529411765,-33719.08396946565,-2253.4351145038167,5221.374045801527
495849,0,0,0,4961008417,4942.810823,0.010005,350,16546,420,-2047,-1226,-83,186,0.20949264526367187,9.903615167236328,0.25139117431640623,30.509411764705884,-33691.603053435116,-2280.916030534351,5111.4503816793895
495850,0,0,0,4961018423,4942.820829,0.010006,354,16572,450,-2044,-1231,-89,192,0.21188684692382811,9.919177478027343,0.2693476867675781,30.51823529411765,-33829.00763358779,-2445.8015267175574,5276.335877862595
495851,0,0,0,4961028428,4942.830834,0.010005,312,16592,464,-2048,-1231,-89,192,0.1867477294921875,9.931148486328125,0.277727392578125,30.506470588235295,-33829.00763358779,-2445.8015267175574,5276.335877862595
495852,0,0,0,4961038433,4942.840839,0.010005,356,16536,464,-2046,-1229,-85,187,0.21308394775390624,9.897629663085937,0.277727392578125,30.512352941176474,-33774.04580152672,-2335.87786259542,5138.931297709924
495853,0,0,0,4961048438,4942.850844,0.010005,368,16576,464,-2046,-1232,-86,185,0.22026655273437498,9.9215716796875,0.277727392578125,30.512352941176474,-33856.48854961832,-2363.3587786259545,5083.9694656488555
495854,0,0,0,4961058444,4942.86085,0.010006,368,16580,408,-2047,-1221,-86,184,0.22026655273437498,9.923965881347655,0.2442085693359375,30.509411764705884,-33554.19847328244,-2363.3587786259545,5056.488549618321
495855,0,0,0,4961068449,4942.870855,0.010005,388,16554,466,-2042,-1223,-80,185,0.23223756103515625,9.90840357055664,0.27892449340820313,30.524117647058823,-33609.16030534351,-2198.4732824427483,5083.9694656488555
495856,0,0,0,4961078454,4942.88086,0.010005,380,16546,470,-2042,-1228,-81,185,0.22744915771484372,9.903615167236328,0.2813186950683594,30.524117647058823,-33746.564885496184,-2225.9541984732828,5083.9694656488555
495857,0,0,0,4961088459,4942.890865,0.010005,372,16534,508,-2045,-1231,-87,192,0.22266075439453123,9.896432562255859,0.30406361083984373,30.51529411764706,-33829.00763358779,-2390.8396946564885,5276.335877862595
495858,0,0,0,4961098464,4942.90087,0.010005,346,16544,572,-2049,-1226,-84,191,0.20709844360351562,9.90241806640625,0.34237083740234375,30.503529411764706,-33691.603053435116,-2308.3969465648856,5248.854961832061
495859,0,0,0,4961108470,4942.910876,0.010006,380,16540,452,-2048,-1232,-87,192,0.22744915771484372,9.900023864746093,0.2705447875976562,30.506470588235295,-33856.48854961832,-2390.8396946564885,5276.335877862595
495860,0,0,0,4961118475,4942.920881,0.010005,378,16550,470,-2052,-1232,-89,194,0.2262520568847656,9.906009368896484,0.2813186950683594,30.494705882352942,-33856.48854961832,-2445.8015267175574,5331.297709923664
495861,0,0,0,4961128480,4942.930886,0.010005,374,16582,454,-2048,-1225,-86,183,0.22385785522460935,9.925162982177733,0.27174188842773433,30.506470588235295,-33664.122137404585,-2363.3587786259545,5029.007633587787
495862,0,0,0,4961138485,4942.940891,0.010005,390,16568,468,-2048,-1225,-89,187,0.23343466186523437,9.916783276367187,0.28012159423828126,30.506470588235295,-33664.122137404585,-2445.8015267175574,5138.931297709924
495863,0,0,0,4961148491,4942.950897,0.010006,340,16582,504,-2048,-1225,-88,191,0.20350714111328125,9.925162982177733,0.3016694091796875,30.506470588235295,-33664.122137404585,-2418.320610687023,5248.854961832061
495864,0,0,0,4961158496,4942.960902,0.010005,378,16540,506,-2048,-1223,-79,190,0.2262520568847656,9.900023864746093,0.3028665100097656,30.506470588235295,-33609.16030534351,-2170.992366412214,5221.374045801527
495865,0,0,0,4961168501,4942.970907,0.010005,348,16544,408,-2048,-1228,-88,191,0.20829554443359374,9.90241806640625,0.2442085693359375,30.506470588235295,-33746.564885496184,-2418.320610687023,5248.854961832061
495866,0,0,0,4961178506,4942.980912,0.010005,378,16574,372,-2046,-1226,-93,185,0.2262520568847656,9.920374578857421,0.22266075439453123,30.512352941176474,-33691.603053435116,-2555.7251908396947,5083.9694656488555
495867,0,0,0,4961188511,4942.990917,0.010005,354,16524,444,-2049,-1224,-87,186,0.21188684692382811,9.890447058105469,0.2657563842773437,30.503529411764706,-33636.64122137405,-2390.8396946564885,5111.4503816793895
495868,0,0,0,4961198517,4943.000923,0.010006,342,16488,462,-2049,-1228,-87,176,0.20470424194335937,9.868899243164062,0.2765302917480469,30.503529411764706,-33746.564885496184,-2390.8396946564885,4836.641221374046
495869,0,0,0,4961208522,4943.010928,0.010005,354,16532,442,-2044,-1227,-87,181,0.21188684692382811,9.89523546142578,0.2645592834472656,30.51823529411765,-33719.08396946565,-2390.8396946564885,4974.045801526718
495870,0,0,0,4961218527,4943.020933,0.010005,372,16508,508,-2045,-1234,-73,180,0.22266075439453123,9.880870251464843,0.30406361083984373,30.51529411764706,-33911.45038167939,-2006.1068702290077,4946.564885496184
495871,0,0,0,4961228532,4943.030938,0.010005,354,16558,444,-2049,-1228,-83,185,0.21188684692382811,9.910797772216796,0.2657563842773437,30.503529411764706,-33746.564885496184,-2280.916030534351,5083.9694656488555
495872,0,0,0,4961238537,4943.040943,0.010005,342,16578,482,-2050,-1232,-79,186,0.20470424194335937,9.922768780517577,0.2885013000488281,30.500588235294117,-33856.48854961832,-2170.992366412214,5111.4503816793895
495873,0,0,0,4961248543,4943.050949,0.010006,374,16526,478,-2045,-1231,-90,181,0.22385785522460935,9.891644158935547,0.2861070983886719,30.51529411764706,-33829.00763358779,-2473.282442748092,4974.045801526718
495874,0,0,0,4961258548,4943.060954,0.010005,360,16516,494,-2046,-1229,-80,180,0.2154781494140625,9.885658654785155,0.29568390502929687,30.512352941176474,-33774.04580152672,-2198.4732824427483,4946.564885496184
495875,0,0,0,4961268553,4943.070959,0.010005,396,16542,460,-2048,-1229,-83,180,0.23702596435546874,9.90122096557617,0.2753331909179687,30.506470588235295,-33774.04580152672,-2280.916030534351,4946.564885496184
495876,0,0,0,4961278558,4943.080964,0.010005,412,16510,488,-2050,-1232,-88,182,0.24660277099609373,9.882067352294921,0.2920926025390625,30.500588235294117,-33856.48854961832,-2418.320610687023,5001.526717557253
495877,0,0,0,4961288564,4943.09097,0.010006,352,16542,488,-2049,-1232,-92,189,0.21068974609375,9.90122096557617,0.2920926025390625,30.503529411764706,-33856.48854961832,-2528.2442748091603,5193.893129770992
495878,0,0,0,4961298569,4943.100975,0.010005,380,16554,420,-2047,-1229,-94,187,0.22744915771484372,9.90840357055664,0.25139117431640623,30.509411764705884,-33774.04580152672,-2583.206106870229,5138.931297709924
495879,0,0,0,4961308574,4943.11098,0.010005,398,16554,512,-2047,-1229,-91,184,0.23822306518554687,9.90840357055664,0.3064578125,30.509411764705884,-33774.04580152672,-2500.7633587786263,5056.488549618321
495880,0,0,0,4961318579,4943.120985,0.010005,388,16530,398,-2047,-1235,-91,184,0.23223756103515625,9.894038360595703,0.23822306518554687,30.509411764705884,-33938.931297709925,-2500.7633587786263,5056.488549618321
495881,0,0,0,4961328584,4943.13099,0.010005,358,16574,460,-2045,-1226,-83,184,0.21428104858398436,9.920374578857421,0.2753331909179687,30.51529411764706,-33691.603053435116,-2280.916030534351,5056.488549618321
495882,0,0,0,4961338590,4943.140996,0.010006,352,16588,442,-2045,-1230,-89,183,0.21068974609375,9.928754284667969,0.2645592834472656,30.51529411764706,-33801.52671755725,-2445.8015267175574,5029.007633587787
495883,0,0,0,4961348595,4943.151001,0.010005,358,16592,514,-2046,-1235,-93,176,0.21428104858398436,9.931148486328125,0.3076549133300781,30.512352941176474,-33938.931297709925,-2555.7251908396947,4836.641221374046
495884,0,0,0,4961358600,4943.161006,0.010005,360,16576,476,-2053,-1231,-88,189,0.2154781494140625,9.9215716796875,0.28490999755859375,30.491764705882353,-33829.00763358779,-2418.320610687023,5193.893129770992
495885,0,0,0,4961368605,4943.171011,0.010005,336,16528,508,-2049,-1230,-81,186,0.201112939453125,9.892841259765625,0.30406361083984373,30.503529411764706,-33801.52671755725,-2225.9541984732828,5111.4503816793895
495886,0,0,0,4961378611,4943.181017,0.010006,328,16514,514,-2047,-1233,-85,183,0.19632453613281248,9.884461553955077,0.3076549133300781,30.509411764705884,-33883.96946564886,-2335.87786259542,5029.007633587787
495887,0,0,0,4961388616,4943.191022,0.010005,344,16556,480,-2043,-1231,-83,189,0.2059013427734375,9.909600671386718,0.28730419921875,30.521176470588237,-33829.00763358779,-2280.916030534351,5193.893129770992
495888,0,0,0,4961398621,4943.201027,0.010005,328,16544,450,-2044,-1228,-84,178,0.19632453613281248,9.90241806640625,0.2693476867675781,30.51823529411765,-33746.564885496184,-2308.3969465648856,4891.603053435115
495889,0,0,0,4961408626,4943.211032,0.010005,340,16554,484,-2043,-1233,-90,188,0.20350714111328125,9.90840357055664,0.28969840087890625,30.521176470588237,-33883.96946564886,-2473.282442748092,5166.412213740458
495890,0,0,0,4961418631,4943.221037,0.010005,380,16588,432,-2046,-1234,-83,193,0.22744915771484372,9.928754284667969,0.258573779296875,30.512352941176474,-33911.45038167939,-2280.916030534351,5303.81679389313
495891,0,0,0,4961428637,4943.231043,0.010006,352,16532,484,-2047,-1225,-85,183,0.21068974609375,9.89523546142578,0.28969840087890625,30.509411764705884,-33664.122137404585,-2335.87786259542,5029.007633587787
495892,0,0,0,4961438642,4943.241048,0.010005,380,16562,458,-2044,-1238,-87,187,0.22744915771484372,9.913191973876952,0.2741360900878906,30.51823529411765,-34021.37404580153,-2390.8396946564885,5138.931297709924
495893,0,0,0,4961448647,4943.251053,0.010005,368,16508,418,-2045,-1237,-83,187,0.22026655273437498,9.880870251464843,0.2501940734863281,30.51529411764706,-33993.89312977099,-2280.916030534351,5138.931297709924
495894,0,0,0,4961458652,4943.261058,0.010005,398,16536,502,-2042,-1231,-93,186,0.23822306518554687,9.897629663085937,0.30047230834960936,30.524117647058823,-33829.00763358779,-2555.7251908396947,5111.4503816793895
495895,0,0,0,4961468658,4943.271064,0.010006,334,16566,476,-2047,-1231,-91,188,0.19991583862304688,9.91558617553711,0.28490999755859375,30.509411764705884,-33829.00763358779,-2500.7633587786263,5166.412213740458
495896,0,0,0,4961478663,4943.281069,0.010005,328,16524,442,-2046,-1234,-84,179,0.19632453613281248,9.890447058105469,0.2645592834472656,30.512352941176474,-33911.45038167939,-2308.3969465648856,4919.083969465649
495897,0,0,0,4961488668,4943.291074,0.010005,390,16564,474,-2042,-1229,-87,185,0.23343466186523437,9.91438907470703,0.28371289672851563,30.524117647058823,-33774.04580152672,-2390.8396946564885,5083.9694656488555
495898,0,0,0,4961498673,4943.301079,0.010005,380,16524,472,-2046,-1229,-85,194,0.22744915771484372,9.890447058105469,0.2825157958984375,30.512352941176474,-33774.04580152672,-2335.87786259542,5331.297709923664
495899,0,0,0,4961508678,4943.311084,0.010005,352,16534,506,-2044,-1233,-84,191,0.21068974609375,9.896432562255859,0.3028665100097656,30.51823529411765,-33883.96946564886,-2308.3969465648856,5248.854961832061
495900,0,0,0,4961518684,4943.32109,0.010006,378,16542,448,-2045,-1226,-84,181,0.2262520568847656,9.90122096557617,0.26815058593749996,30.51529411764706,-33691.603053435116,-2308.3969465648856,4974.045801526718
495901,0,0,0,4961528689,4943.331095,0.010005,418,16534,512,-2050,-1225,-88,192,0.2501940734863281,9.896432562255859,0.3064578125,30.500588235294117,-33664.122137404585,-2418.320610687023,5276.335877862595
495902,0,0,0,4961538694,4943.3411,0.010005,356,16546,500,-2050,-1227,-82,188,0.21308394775390624,9.903615167236328,0.29927520751953124,30.500588235294117,-33719.08396946565,-2253.4351145038167,5166.412213740458
495903,0,0,0,4961548699,4943.351105,0.010005,390,16534,420,-2052,-1227,-84,194,0.23343466186523437,9.896432562255859,0.25139117431640623,30.494705882352942,-33719.08396946565,-2308.3969465648856,5331.297709923664
495904,0,0,0,4961558705,4943.361111,0.010006,388,16546,444,-2048,-1220,-88,186,0.23223756103515625,9.903615167236328,0.2657563842773437,30.506470588235295,-33526.71755725191,-2418.320610687023,5111.4503816793895
495905,0,0,0,4961568710,4943.371116,0.010005,370,16542,520,-2055,-1233,-90,191,0.2214636535644531,9.90122096557617,0.3112462158203125,30.48588235294118,-33883.96946564886,-2473.282442748092,5248.854961832061
495906,0,0,0,4961578715,4943.381121,0.010005,356,16536,436,-2055,-1229,-87,188,0.21308394775390624,9.897629663085937,0.2609679809570312,30.48588235294118,-33774.04580152672,-2390.8396946564885,5166.412213740458
495907,0,0,0,4961588720,4943.391126,0.010005,334,16510,502,-2052,-1230,-87,179,0.19991583862304688,9.882067352294921,0.30047230834960936,30.494705882352942,-33801.52671755725,-2390.8396946564885,4919.083969465649
495908,0,0,0,4961598725,4943.401131,0.010005,358,16510,466,-2051,-1233,-83,182,0.21428104858398436,9.882067352294921,0.27892449340820313,30.49764705882353,-33883.96946564886,-2280.916030534351,5001.526717557253
495909,0,0,0,4961608731,4943.411137,0.010006,366,16552,526,-2051,-1230,-88,179,0.21906945190429686,9.907206469726562,0.31483751831054685,30.49764705882353,-33801.52671755725,-2418.320610687023,4919.083969465649
495910,0,0,0,4961618736,4943.421142,0.010005,372,16574,456,-2051,-1228,-84,188,0.22266075439453123,9.920374578857421,0.27293898925781246,30.49764705882353,-33746.564885496184,-2308.3969465648856,5166.412213740458
495911,0,0,0,4961628741,4943.431147,0.010005,394,16540,444,-2056,-1227,-88,186,0.23582886352539062,9.900023864746093,0.2657563842773437,30.48294117647059,-33719.08396946565,-2418.320610687023,5111.4503816793895
495912,0,0,0,4961638746,4943.441152,0.010005,344,16564,466,-2055,-1225,-88,196,0.2059013427734375,9.91438907470703,0.27892449340820313,30.48588235294118,-33664.122137404585,-2418.320610687023,5386.259541984733
495913,0,0,0,4961648751,4943.451157,0.010005,384,16532,486,-2051,-1231,-82,195,0.229843359375,9.89523546142578,0.29089550170898437,30.49764705882353,-33829.00763358779,-2253.4351145038167,5358.778625954199
495914,0,0,0,4961658757,4943.461163,0.010006,360,16552,532,-2050,-1229,-90,188,0.2154781494140625,9.907206469726562,0.3184288208007812,30.500588235294117,-33774.04580152672,-2473.282442748092,5166.412213740458
495915,0,0,0,4961668762,4943.471168,0.010005,380,16556,464,-2050,-1227,-85,186,0.22744915771484372,9.909600671386718,0.277727392578125,30.500588235294117,-33719.08396946565,-2335.87786259542,5111.4503816793895
495916,0,0,0,4961678767,4943.481173,0.010005,386,16556,510,-2056,-1228,-85,190,0.23104046020507812,9.909600671386718,0.30526071166992186,30.48294117647059,-33746.564885496184,-2335.87786259542,5221.374045801527
495917,0,0,0,4961688772,4943.491178,0.010005,378,16524,454,-2050,-1227,-88,179,0.2262520568847656,9.890447058105469,0.27174188842773433,30.500588235294117,-33719.08396946565,-2418.320610687023,4919.083969465649
495918,0,0,0,4961698778,4943.501184,0.010006,392,16564,502,-2048,-1229,-86,182,0.2346317626953125,9.91438907470703,0.30047230834960936,30.506470588235295,-33774.04580152672,-2363.3587786259545,5001.526717557253
495919,0,0,0,4961708783,4943.511189,0.010005,384,16546,428,-2047,-1232,-86,181,0.229843359375,9.903615167236328,0.2561795776367187,30.509411764705884,-33856.48854961832,-2363.3587786259545,4974.045801526718
495920,0,0,0,4961718788,4943.521194,0.010005,384,16524,388,-2050,-1234,-91,185,0.229843359375,9.890447058105469,0.23223756103515625,30.500588235294117,-33911.45038167939,-2500.7633587786263,5083.9694656488555
495921,0,0,0,4961728793,4943.531199,0.010005,378,16520,444,-2059,-1226,-87,184,0.2262520568847656,9.888052856445311,0.2657563842773437,30.474117647058826,-33691.603053435116,-2390.8396946564885,5056.488549618321
495922,0,0,0,4961738798,4943.541204,0.010005,316,16500,428,-2050,-1232,-84,184,0.18914193115234373,9.87608184814453,0.2561795776367187,30.500588235294117,-33856.48854961832,-2308.3969465648856,5056.488549618321
495923,0,0,0,4961748804,4943.55121,0.010006,344,16534,518,-2047,-1231,-81,187,0.2059013427734375,9.896432562255859,0.31004911499023435,30.509411764705884,-33829.00763358779,-2225.9541984732828,5138.931297709924
495924,0,0,0,4961758809,4943.561215,0.010005,352,16556,470,-2045,-1234,-87,189,0.21068974609375,9.909600671386718,0.2813186950683594,30.51529411764706,-33911.45038167939,-2390.8396946564885,5193.893129770992
495925,0,0,0,4961768814,4943.57122,0.010005,370,16544,450,-2049,-1236,-79,189,0.2214636535644531,9.90241806640625,0.2693476867675781,30.503529411764706,-33966.41221374046,-2170.992366412214,5193.893129770992
495926,0,0,0,4961778819,4943.581225,0.010005,350,16512,440,-2052,-1230,-86,185,0.20949264526367187,9.883264453125,0.26336218261718747,30.494705882352942,-33801.52671755725,-2363.3587786259545,5083.9694656488555
495927,0,0,0,4961788825,4943.591231,0.010006,406,16532,514,-2049,-1229,-91,178,0.24301146850585936,9.89523546142578,0.3076549133300781,30.503529411764706,-33774.04580152672,-2500.7633587786263,4891.603053435115
495928,0,0,0,4961798830,4943.601236,0.010005,404,16544,458,-2051,-1231,-85,187,0.24181436767578124,9.90241806640625,0.2741360900878906,30.49764705882353,-33829.00763358779,-2335.87786259542,5138.931297709924
495929,0,0,0,4961808835,4943.611241,0.010005,382,16524,482,-2050,-1226,-84,189,0.22864625854492185,9.890447058105469,0.2885013000488281,30.500588235294117,-33691.603053435116,-2308.3969465648856,5193.893129770992
495930,0,0,0,4961818840,4943.621246,0.010005,384,16548,508,-2044,-1229,-86,180,0.229843359375,9.904812268066406,0.30406361083984373,30.51823529411765,-33774.04580152672,-2363.3587786259545,4946.564885496184
495931,0,0,0,4961828845,4943.631251,0.010005,382,16562,494,-2048,-1229,-87,177,0.22864625854492185,9.913191973876952,0.29568390502929687,30.506470588235295,-33774.04580152672,-2390.8396946564885,4864.122137404581
495932,0,0,0,4961838851,4943.641257,0.010006,406,16534,464,-2054,-1230,-88,175,0.24301146850585936,9.896432562255859,0.277727392578125,30.488823529411768,-33801.52671755725,-2418.320610687023,4809.160305343512
495933,0,0,0,4961848856,4943.651262,0.010005,378,16550,472,-2048,-1232,-90,192,0.2262520568847656,9.906009368896484,0.2825157958984375,30.506470588235295,-33856.48854961832,-2473.282442748092,5276.335877862595
495934,0,0,0,4961858861,4943.661267,0.010005,380,16534,430,-2048,-1230,-87,190,0.22744915771484372,9.896432562255859,0.25737667846679685,30.506470588235295,-33801.52671755725,-2390.8396946564885,5221.374045801527
495935,0,0,0,4961868866,4943.671272,0.010005,370,16520,446,-2050,-1232,-87,179,0.2214636535644531,9.888052856445311,0.26695348510742184,30.500588235294117,-33856.48854961832,-2390.8396946564885,4919.083969465649
495936,0,0,0,4961878872,4943.681278,0.010006,372,16526,456,-2052,-1225,-84,179,0.22266075439453123,9.891644158935547,0.27293898925781246,30.494705882352942,-33664.122137404585,-2308.3969465648856,4919.083969465649
495937,0,0,0,4961888877,4943.691283,0.010005,370,16566,470,-2043,-1225,-84,187,0.2214636535644531,9.91558617553711,0.2813186950683594,30.521176470588237,-33664.122137404585,-2308.3969465648856,5138.931297709924
495938,0,0,0,4961898882,4943.701288,0.010005,370,16516,478,-2042,-1231,-84,183,0.2214636535644531,9.885658654785155,0.2861070983886719,30.524117647058823,-33829.00763358779,-2308.3969465648856,5029.007633587787
495939,0,0,0,4961908887,4943.711293,0.010005,360,16558,488,-2050,-1236,-89,182,0.2154781494140625,9.910797772216796,0.2920926025390625,30.500588235294117,-33966.41221374046,-2445.8015267175574,5001.526717557253
495940,0,0,0,4961918892,4943.721298,0.010005,384,16554,514,-2050,-1234,-83,188,0.229843359375,9.90840357055664,0.3076549133300781,30.500588235294117,-33911.45038167939,-2280.916030534351,5166.412213740458
495941,0,0,0,4961928898,4943.731304,0.010006,394,16532,422,-2050,-1234,-85,183,0.23582886352539062,9.89523546142578,0.25258827514648435,30.500588235294117,-33911.45038167939,-2335.87786259542,5029.007633587787
495942,0,0,0,4961938903,4943.741309,0.010005,368,16478,470,-2049,-1231,-88,186,0.22026655273437498,9.86291373901367,0.2813186950683594,30.503529411764706,-33829.00763358779,-2418.320610687023,5111.4503816793895
495943,0,0,0,4961948908,4943.751314,0.010005,366,16548,476,-2047,-1229,-85,186,0.21906945190429686,9.904812268066406,0.28490999755859375,30.509411764705884,-33774.04580152672,-2335.87786259542,5111.4503816793895
495944,0,0,0,4961958913,4943.761319,0.010005,382,16544,450,-2044,-1230,-87,183,0.22864625854492185,9.90241806640625,0.2693476867675781,30.51823529411765,-33801.52671755725,-2390.8396946564885,5029.007633587787
495945,0,0,0,4961968919,4943.771325,0.010006,338,16576,500,-2042,-1234,-89,185,0.20231004028320312,9.9215716796875,0.29927520751953124,30.524117647058823,-33911.45038167939,-2445.8015267175574,5083.9694656488555
495946,0,0,0,4961978924,4943.78133,0.010005,364,16522,474,-2046,-1231,-79,190,0.21787235107421873,9.889249957275391,0.28371289672851563,30.512352941176474,-33829.00763358779,-2170.992366412214,5221.374045801527
495947,0,0,0,4961988929,4943.791335,0.010005,402,16534,484,-2048,-1228,-85,188,0.24061726684570311,9.896432562255859,0.28969840087890625,30.506470588235295,-33746.564885496184,-2335.87786259542,5166.412213740458
495948,0,0,0,4961998934,4943.80134,0.010005,344,16532,440,-2045,-1231,-85,187,0.2059013427734375,9.89523546142578,0.26336218261718747,30.51529411764706,-33829.00763358779,-2335.87786259542,5138.931297709924
495949,0,0,0,4962008939,4943.811345,0.010005,336,16524,492,-2046,-1235,-77,181,0.201112939453125,9.890447058105469,0.29448680419921874,30.512352941176474,-33938.931297709925,-2116.030534351145,4974.045801526718
495950,0,0,0,4962018945,4943.821351,0.010006,358,16546,498,-2048,-1229,-84,180,0.21428104858398436,9.903615167236328,0.2980781066894531,30.506470588235295,-33774.04580152672,-2308.3969465648856,4946.564885496184
495951,0,0,0,4962028950,4943.831356,0.010005,390,16530,388,-2048,-1231,-89,180,0.23343466186523437,9.894038360595703,0.23223756103515625,30.506470588235295,-33829.00763358779,-2445.8015267175574,4946.564885496184
495952,0,0,0,4962038955,4943.841361,0.010005,390,16546,452,-2048,-1232,-94,187,0.23343466186523437,9.903615167236328,0.2705447875976562,30.506470588235295,-33856.48854961832,-2583.206106870229,5138.931297709924
495953,0,0,0,4962048960,4943.851366,0.010005,390,16558,432,-2047,-1231,-87,182,0.23343466186523437,9.910797772216796,0.258573779296875,30.509411764705884,-33829.00763358779,-2390.8396946564885,5001.526717557253
495954,0,0,0,4962058966,4943.861372,0.010006,376,16530,452,-2049,-1234,-83,176,0.22505495605468748,9.894038360595703,0.2705447875976562,30.503529411764706,-33911.45038167939,-2280.916030534351,4836.641221374046
495955,0,0,0,4962068971,4943.871377,0.010005,364,16510,384,-2048,-1231,-87,189,0.21787235107421873,9.882067352294921,0.229843359375,30.506470588235295,-33829.00763358779,-2390.8396946564885,5193.893129770992
495956,0,0,0,4962078976,4943.881382,0.010005,364,16570,446,-2053,-1226,-89,195,0.21787235107421873,9.917980377197265,0.26695348510742184,30.491764705882353,-33691.603053435116,-2445.8015267175574,5358.778625954199
495957,0,0,0,4962088981,4943.891387,0.010005,382,16584,496,-2053,-1228,-84,184,0.22864625854492185,9.926360083007811,0.296881005859375,30.491764705882353,-33746.564885496184,-2308.3969465648856,5056.488549618321
495958,0,0,0,4962098986,4943.901392,0.010005,360,16582,496,-2048,-1224,-85,196,0.2154781494140625,9.925162982177733,0.296881005859375,30.506470588235295,-33636.64122137405,-2335.87786259542,5386.259541984733
495959,0,0,0,4962108992,4943.911398,0.010006,366,16544,500,-2050,-1228,-80,188,0.21906945190429686,9.90241806640625,0.29927520751953124,30.500588235294117,-33746.564885496184,-2198.4732824427483,5166.412213740458
495960,0,0,0,4962118997,4943.921403,0.010005,378,16526,468,-2047,-1236,-77,185,0.2262520568847656,9.891644158935547,0.28012159423828126,30.509411764705884,-33966.41221374046,-2116.030534351145,5083.9694656488555
495961,0,0,0,4962129002,4943.931408,0.010005,394,16516,488,-2052,-1230,-80,183,0.23582886352539062,9.885658654785155,0.2920926025390625,30.494705882352942,-33801.52671755725,-2198.4732824427483,5029.007633587787
495962,0,0,0,4962139007,4943.941413,0.010005,366,16554,392,-2054,-1230,-86,188,0.21906945190429686,9.90840357055664,0.2346317626953125,30.488823529411768,-33801.52671755725,-2363.3587786259545,5166.412213740458
495963,0,0,0,4962149013,4943.951419,0.010006,360,16540,476,-2050,-1231,-86,199,0.2154781494140625,9.900023864746093,0.28490999755859375,30.500588235294117,-33829.00763358779,-2363.3587786259545,5468.702290076336
495964,0,0,0,4962159018,4943.961424,0.010005,398,16570,444,-2052,-1234,-90,192,0.23822306518554687,9.917980377197265,0.2657563842773437,30.494705882352942,-33911.45038167939,-2473.282442748092,5276.335877862595
495965,0,0,0,4962169023,4943.971429,0.010005,366,16540,478,-2050,-1225,-82,190,0.21906945190429686,9.900023864746093,0.2861070983886719,30.500588235294117,-33664.122137404585,-2253.4351145038167,5221.374045801527
495966,0,0,0,4962179028,4943.981434,0.010005,394,16542,450,-2052,-1230,-83,181,0.23582886352539062,9.90122096557617,0.2693476867675781,30.494705882352942,-33801.52671755725,-2280.916030534351,4974.045801526718
495967,0,0,0,4962189033,4943.991439,0.010005,370,16554,452,-2052,-1229,-86,178,0.2214636535644531,9.90840357055664,0.2705447875976562,30.494705882352942,-33774.04580152672,-2363.3587786259545,4891.603053435115
495968,0,0,0,4962199039,4944.001445,0.010006,344,16540,456,-2051,-1229,-82,188,0.2059013427734375,9.900023864746093,0.27293898925781246,30.49764705882353,-33774.04580152672,-2253.4351145038167,5166.412213740458
495969,0,0,0,4962209044,4944.01145,0.010005,368,16534,494,-2048,-1229,-89,195,0.22026655273437498,9.896432562255859,0.29568390502929687,30.506470588235295,-33774.04580152672,-2445.8015267175574,5358.778625954199
495970,0,0,0,4962219049,4944.021455,0.010005,360,16546,444,-2042,-1227,-89,183,0.2154781494140625,9.903615167236328,0.2657563842773437,30.524117647058823,-33719.08396946565,-2445.8015267175574,5029.007633587787
495971,0,0,0,4962229054,4944.03146,0.010005,362,16584,488,-2046,-1223,-90,178,0.2166752502441406,9.926360083007811,0.2920926025390625,30.512352941176474,-33609.16030534351,-2473.282442748092,4891.603053435115
495972,0,0,0,4962239059,4944.041465,0.010005,346,16560,440,-2046,-1231,-88,173,0.20709844360351562,9.911994873046874,0.26336218261718747,30.512352941176474,-33829.00763358779,-2418.320610687023,4754.198473282443
495973,0,0,0,4962249065,4944.051471,0.010006,380,16550,442,-2050,-1226,-85,180,0.22744915771484372,9.906009368896484,0.2645592834472656,30.500588235294117,-33691.603053435116,-2335.87786259542,4946.564885496184
495974,0,0,0,4962259070,4944.061476,0.010005,380,16540,448,-2049,-1232,-79,186,0.22744915771484372,9.900023864746093,0.26815058593749996,30.503529411764706,-33856.48854961832,-2170.992366412214,5111.4503816793895
495975,0,0,0,4962269075,4944.071481,0.010005,350,16540,492,-2051,-1232,-82,175,0.20949264526367187,9.900023864746093,0.29448680419921874,30.49764705882353,-33856.48854961832,-2253.4351145038167,4809.160305343512
495976,0,0,0,4962279080,4944.081486,0.010005,374,16590,474,-2055,-1232,-83,182,0.22385785522460935,9.929951385498047,0.28371289672851563,30.48588235294118,-33856.48854961832,-2280.916030534351,5001.526717557253
495977,0,0,0,4962289086,4944.091492,0.010006,376,16534,540,-2053,-1227,-85,188,0.22505495605468748,9.896432562255859,0.3232172241210937,30.491764705882353,-33719.08396946565,-2335.87786259542,5166.412213740458
495978,0,0,0,4962299091,4944.101497,0.010005,358,16584,440,-2046,-1228,-79,189,0.21428104858398436,9.926360083007811,0.26336218261718747,30.512352941176474,-33746.564885496184,-2170.992366412214,5193.893129770992
495979,0,0,0,4962309096,4944.111502,0.010005,408,16538,434,-2050,-1229,-86,187,0.2442085693359375,9.898826763916015,0.2597708801269531,30.500588235294117,-33774.04580152672,-2363.3587786259545,5138.931297709924
495980,0,0,0,4962319101,4944.121507,0.010005,394,16578,478,-2047,-1224,-89,178,0.23582886352539062,9.922768780517577,0.2861070983886719,30.509411764705884,-33636.64122137405,-2445.8015267175574,4891.603053435115
495981,0,0,0,4962329106,4944.131512,0.010005,390,16544,452,-2047,-1230,-86,181,0.23343466186523437,9.90241806640625,0.2705447875976562,30.509411764705884,-33801.52671755725,-2363.3587786259545,4974.045801526718
495982,0,0,0,4962339112,4944.141518,0.010006,364,16538,518,-2044,-1229,-90,186,0.21787235107421873,9.898826763916015,0.31004911499023435,30.51823529411765,-33774.04580152672,-2473.282442748092,5111.4503816793895
495983,0,0,0,4962349117,4944.151523,0.010005,396,16568,414,-2044,-1226,-91,186,0.23702596435546874,9.916783276367187,0.24779987182617186,30.51823529411765,-33691.603053435116,-2500.7633587786263,5111.4503816793895
495984,0,0,0,4962359122,4944.161528,0.010005,356,16538,476,-2048,-1227,-86,189,0.21308394775390624,9.898826763916015,0.28490999755859375,30.506470588235295,-33719.08396946565,-2363.3587786259545,5193.893129770992
495985,0,0,0,4962369127,4944.171533,0.010005,366,16586,482,-2048,-1228,-87,189,0.21906945190429686,9.92755718383789,0.2885013000488281,30.506470588235295,-33746.564885496184,-2390.8396946564885,5193.893129770992
495986,0,0,0,4962379133,4944.181539,0.010006,374,16584,412,-2051,-1233,-77,184,0.22385785522460935,9.926360083007811,0.24660277099609373,30.49764705882353,-33883.96946564886,-2116.030534351145,5056.488549618321
495987,0,0,0,4962389138,4944.191544,0.010005,354,16534,440,-2047,-1228,-86,187,0.21188684692382811,9.896432562255859,0.26336218261718747,30.509411764705884,-33746.564885496184,-2363.3587786259545,5138.931297709924
495988,0,0,0,4962399143,4944.201549,0.010005,336,16564,432,-2046,-1226,-87,190,0.201112939453125,9.91438907470703,0.258573779296875,30.512352941176474,-33691.603053435116,-2390.8396946564885,5221.374045801527
495989,0,0,0,4962409148,4944.211554,0.010005,354,16532,394,-2047,-1229,-89,188,0.21188684692382811,9.89523546142578,0.23582886352539062,30.509411764705884,-33774.04580152672,-2445.8015267175574,5166.412213740458
495990,0,0,0,4962419153,4944.221559,0.010005,414,16570,512,-2050,-1232,-85,198,0.24779987182617186,9.917980377197265,0.3064578125,30.500588235294117,-33856.48854961832,-2335.87786259542,5441.221374045802
495991,0,0,0,4962429159,4944.231565,0.010006,362,16570,506,-2042,-1225,-87,188,0.2166752502441406,9.917980377197265,0.3028665100097656,30.524117647058823,-33664.122137404585,-2390.8396946564885,5166.412213740458
495992,0,0,0,4962439164,4944.24157,0.010005,362,16520,538,-2043,-1229,-85,183,0.2166752502441406,9.888052856445311,0.3220201232910156,30.521176470588237,-33774.04580152672,-2335.87786259542,5029.007633587787
495993,0,0,0,4962449169,4944.251575,0.010005,350,16516,482,-2049,-1230,-78,192,0.20949264526367187,9.885658654785155,0.2885013000488281,30.503529411764706,-33801.52671755725,-2143.5114503816794,5276.335877862595
495994,0,0,0,4962459174,4944.26158,0.010005,346,16504,488,-2047,-1231,-83,184,0.20709844360351562,9.878476049804688,0.2920926025390625,30.509411764705884,-33829.00763358779,-2280.916030534351,5056.488549618321
495995,0,0,0,4962469180,4944.271586,0.010006,300,16516,466,-2050,-1227,-88,183,0.17956512451171874,9.885658654785155,0.27892449340820313,30.500588235294117,-33719.08396946565,-2418.320610687023,5029.007633587787
495996,0,0,0,4962479185,4944.281591,0.010005,374,16540,446,-2042,-1233,-90,185,0.22385785522460935,9.900023864746093,0.26695348510742184,30.524117647058823,-33883.96946564886,-2473.282442748092,5083.9694656488555
495997,0,0,0,4962489190,4944.291596,0.010005,348,16540,494,-2046,-1228,-90,191,0.20829554443359374,9.900023864746093,0.29568390502929687,30.512352941176474,-33746.564885496184,-2473.282442748092,5248.854961832061
495998,0,0,0,4962499195,4944.301601,0.010005,386,16508,486,-2046,-1230,-80,182,0.23104046020507812,9.880870251464843,0.29089550170898437,30.512352941176474,-33801.52671755725,-2198.4732824427483,5001.526717557253
495999,0,0,0,4962509200,4944.311606,0.010005,392,16596,438,-2044,-1227,-81,185,0.2346317626953125,9.93354268798828,0.26216508178710934,30.51823529411765,-33719.08396946565,-2225.9541984732828,5083.9694656488555
496000,0,0,0,4962519206,4944.321612,0.010006,368,16544,550,-2048,-1231,-89,191,0.22026655273437498,9.90241806640625,0.32920272827148434,30.506470588235295,-33829.00763358779,-2445.8015267175574,5248.854961832061
496001,0,0,0,4962529211,4944.331617,0.010005,382,16560,416,-2042,-1229,-88,188,0.22864625854492185,9.911994873046874,0.24899697265624998,30.524117647058823,-33774.04580152672,-2418.320610687023,5166.412213740458
496002,0,0,0,4962539216,4944.341622,0.010005,360,16558,448,-2046,-1226,-85,187,0.2154781494140625,9.910797772216796,0.26815058593749996,30.512352941176474,-33691.603053435116,-2335.87786259542,5138.931297709924
496003,0,0,0,4962549221,4944.351627,0.010005,388,16572,472,-2049,-1222,-88,172,0.23223756103515625,9.919177478027343,0.2825157958984375,30.503529411764706,-33581.67938931298,-2418.320610687023,4726.717557251909
496004,0,0,0,4962559227,4944.361633,0.010006,342,16586,510,-2047,-1226,-94,188,0.20470424194335937,9.92755718383789,0.30526071166992186,30.509411764705884,-33691.603053435116,-2583.206106870229,5166.412213740458
496005,0,0,0,4962569232,4944.371638,0.010005,372,16566,454,-2049,-1228,-94,189,0.22266075439453123,9.91558617553711,0.27174188842773433,30.503529411764706,-33746.564885496184,-2583.206106870229,5193.893129770992
496006,0,0,0,4962579237,4944.381643,0.010005,382,16552,420,-2046,-1226,-92,187,0.22864625854492185,9.907206469726562,0.25139117431640623,30.512352941176474,-33691.603053435116,-2528.2442748091603,5138.931297709924
496007,0,0,0,4962589242,4944.391648,0.010005,390,16544,444,-2046,-1227,-86,187,0.23343466186523437,9.90241806640625,0.2657563842773437,30.512352941176474,-33719.08396946565,-2363.3587786259545,5138.931297709924
496008,0,0,0,4962599247,4944.401653,0.010005,406,16526,424,-2045,-1231,-89,182,0.24301146850585936,9.891644158935547,0.2537853759765625,30.51529411764706,-33829.00763358779,-2445.8015267175574,5001.526717557253
496009,0,0,0,4962609253,4944.411659,0.010006,368,16562,416,-2053,-1224,-84,183,0.22026655273437498,9.913191973876952,0.24899697265624998,30.491764705882353,-33636.64122137405,-2308.3969465648856,5029.007633587787
496010,0,0,0,4962619258,4944.421664,0.010005,400,16518,458,-2051,-1225,-82,184,0.239420166015625,9.886855755615233,0.2741360900878906,30.49764705882353,-33664.122137404585,-2253.4351145038167,5056.488549618321
496011,0,0,0,4962629263,4944.431669,0.010005,394,16566,394,-2044,-1223,-84,187,0.23582886352539062,9.91558617553711,0.23582886352539062,30.51823529411765,-33609.16030534351,-2308.3969465648856,5138.931297709924
496012,0,0,0,4962639268,4944.441674,0.010005,338,16574,522,-2046,-1225,-86,187,0.20231004028320312,9.920374578857421,0.3124433166503906,30.512352941176474,-33664.122137404585,-2363.3587786259545,5138.931297709924
496013,0,0,0,4962649273,4944.451679,0.010005,404,16538,450,-2048,-1221,-89,181,0.24181436767578124,9.898826763916015,0.2693476867675781,30.506470588235295,-33554.19847328244,-2445.8015267175574,4974.045801526718
496014,0,0,0,4962659279,4944.461685,0.010006,392,16550,496,-2048,-1228,-84,185,0.2346317626953125,9.906009368896484,0.296881005859375,30.506470588235295,-33746.564885496184,-2308.3969465648856,5083.9694656488555
496015,0,0,0,4962669284,4944.47169,0.010005,352,16550,456,-2047,-1228,-88,190,0.21068974609375,9.906009368896484,0.27293898925781246,30.509411764705884,-33746.564885496184,-2418.320610687023,5221.374045801527
496016,0,0,0,4962679289,4944.481695,0.010005,412,16562,478,-2050,-1236,-88,183,0.24660277099609373,9.913191973876952,0.2861070983886719,30.500588235294117,-33966.41221374046,-2418.320610687023,5029.007633587787
496017,0,0,0,4962689294,4944.4917,0.010005,386,16570,478,-2052,-1227,-89,185,0.23104046020507812,9.917980377197265,0.2861070983886719,30.494705882352942,-33719.08396946565,-2445.8015267175574,5083.9694656488555
496018,0,0,0,4962699300,4944.501706,0.010006,372,16552,514,-2047,-1227,-83,187,0.22266075439453123,9.907206469726562,0.3076549133300781,30.509411764705884,-33719.08396946565,-2280.916030534351,5138.931297709924
496019,0,0,0,4962709305,4944.511711,0.010005,400,16530,532,-2046,-1226,-90,186,0.239420166015625,9.894038360595703,0.3184288208007812,30.512352941176474,-33691.603053435116,-2473.282442748092,5111.4503816793895
496020,0,0,0,4962719310,4944.521716,0.010005,382,16600,456,-2054,-1221,-85,191,0.22864625854492185,9.935936889648437,0.27293898925781246,30.488823529411768,-33554.19847328244,-2335.87786259542,5248.854961832061
496021,0,0,0,4962729315,4944.531721,0.010005,372,16540,466,-2050,-1227,-76,187,0.22266075439453123,9.900023864746093,0.27892449340820313,30.500588235294117,-33719.08396946565,-2088.549618320611,5138.931297709924
496022,0,0,0,4962739320,4944.541726,0.010005,410,16540,456,-2042,-1234,-78,193,0.2454056701660156,9.900023864746093,0.27293898925781246,30.524117647058823,-33911.45038167939,-2143.5114503816794,5303.81679389313
496023,0,0,0,4962749326,4944.551732,0.010006,398,16518,488,-2045,-1230,-88,184,0.23822306518554687,9.886855755615233,0.2920926025390625,30.51529411764706,-33801.52671755725,-2418.320610687023,5056.488549618321
496024,0,0,0,4962759331,4944.561737,0.010005,358,16520,466,-2043,-1228,-89,191,0.21428104858398436,9.888052856445311,0.27892449340820313,30.521176470588237,-33746.564885496184,-2445.8015267175574,5248.854961832061
496025,0,0,0,4962769336,4944.571742,0.010005,378,16572,482,-2044,-1227,-84,188,0.2262520568847656,9.919177478027343,0.2885013000488281,30.51823529411765,-33719.08396946565,-2308.3969465648856,5166.412213740458
496026,0,0,0,4962779341,4944.581747,0.010005,380,16550,472,-2042,-1227,-80,192,0.22744915771484372,9.906009368896484,0.2825157958984375,30.524117647058823,-33719.08396946565,-2198.4732824427483,5276.335877862595
496027,0,0,0,4962789347,4944.591753,0.010006,360,16534,466,-2040,-1228,-81,193,0.2154781494140625,9.896432562255859,0.27892449340820313,30.53,-33746.564885496184,-2225.9541984732828,5303.81679389313
496028,0,0,0,4962799352,4944.601758,0.010005,380,16578,530,-2045,-1232,-84,185,0.22744915771484372,9.922768780517577,0.3172317199707031,30.51529411764706,-33856.48854961832,-2308.3969465648856,5083.9694656488555
496029,0,0,0,4962809357,4944.611763,0.010005,370,16608,442,-2051,-1230,-86,178,0.2214636535644531,9.94072529296875,0.2645592834472656,30.49764705882353,-33801.52671755725,-2363.3587786259545,4891.603053435115
496030,0,0,0,4962819362,4944.621768,0.010005,366,16544,464,-2046,-1232,-88,189,0.21906945190429686,9.90241806640625,0.277727392578125,30.512352941176474,-33856.48854961832,-2418.320610687023,5193.893129770992
496031,0,0,0,4962829367,4944.631773,0.010005,396,16514,460,-2052,-1232,-80,185,0.23702596435546874,9.884461553955077,0.2753331909179687,30.494705882352942,-33856.48854961832,-2198.4732824427483,5083.9694656488555
496032,0,0,0,4962839373,4944.641779,0.010006,346,16552,450,-2049,-1235,-86,189,0.20709844360351562,9.907206469726562,0.2693476867675781,30.503529411764706,-33938.931297709925,-2363.3587786259545,5193.893129770992
496033,0,0,0,4962849378,4944.651784,0.010005,352,16508,456,-2048,-1224,-87,180,0.21068974609375,9.880870251464843,0.27293898925781246,30.506470588235295,-33636.64122137405,-2390.8396946564885,4946.564885496184
496034,0,0,0,4962859383,4944.661789,0.010005,374,16562,498,-2047,-1227,-84,184,0.22385785522460935,9.913191973876952,0.2980781066894531,30.509411764705884,-33719.08396946565,-2308.3969465648856,5056.488549618321
496035,0,0,0,4962869388,4944.671794,0.010005,386,16546,438,-2047,-1233,-87,184,0.23104046020507812,9.903615167236328,0.26216508178710934,30.509411764705884,-33883.96946564886,-2390.8396946564885,5056.488549618321
496036,0,0,0,4962879393,4944.681799,0.010005,368,16598,496,-2047,-1227,-86,179,0.22026655273437498,9.934739788818359,0.296881005859375,30.509411764705884,-33719.08396946565,-2363.3587786259545,4919.083969465649
496037,0,0,0,4962889399,4944.691805,0.010006,376,16558,474,-2048,-1226,-91,186,0.22505495605468748,9.910797772216796,0.28371289672851563,30.506470588235295,-33691.603053435116,-2500.7633587786263,5111.4503816793895
496038,0,0,0,4962899404,4944.70181,0.010005,404,16556,438,-2046,-1231,-87,190,0.24181436767578124,9.909600671386718,0.26216508178710934,30.512352941176474,-33829.00763358779,-2390.8396946564885,5221.374045801527
496039,0,0,0,4962909409,4944.711815,0.010005,378,16532,450,-2035,-1223,-90,183,0.2262520568847656,9.89523546142578,0.2693476867675781,30.544705882352943,-33609.16030534351,-2473.282442748092,5029.007633587787
496040,0,0,0,4962919414,4944.72182,0.010005,394,16542,468,-2049,-1230,-90,185,0.23582886352539062,9.90122096557617,0.28012159423828126,30.503529411764706,-33801.52671755725,-2473.282442748092,5083.9694656488555
496041,0,0,0,4962929420,4944.731826,0.010006,386,16598,502,-2046,-1233,-93,177,0.23104046020507812,9.934739788818359,0.30047230834960936,30.512352941176474,-33883.96946564886,-2555.7251908396947,4864.122137404581
496042,0,0,0,4962939425,4944.741831,0.010005,390,16568,440,-2041,-1232,-87,185,0.23343466186523437,9.916783276367187,0.26336218261718747,30.527058823529412,-33856.48854961832,-2390.8396946564885,5083.9694656488555
496043,0,0,0,4962949430,4944.751836,0.010005,348,16540,474,-2042,-1230,-87,185,0.20829554443359374,9.900023864746093,0.28371289672851563,30.524117647058823,-33801.52671755725,-2390.8396946564885,5083.9694656488555
496044,0,0,0,4962959435,4944.761841,0.010005,386,16532,416,-2041,-1226,-87,188,0.23104046020507812,9.89523546142578,0.24899697265624998,30.527058823529412,-33691.603053435116,-2390.8396946564885,5166.412213740458
496045,0,0,0,4962969440,4944.771846,0.010005,348,16570,490,-2035,-1229,-85,186,0.20829554443359374,9.917980377197265,0.2932897033691406,30.544705882352943,-33774.04580152672,-2335.87786259542,5111.4503816793895
496046,0,0,0,4962979446,4944.781852,0.010006,362,16526,502,-2046,-1227,-89,186,0.2166752502441406,9.891644158935547,0.30047230834960936,30.512352941176474,-33719.08396946565,-2445.8015267175574,5111.4503816793895
496047,0,0,0,4962989451,4944.791857,0.010005,370,16588,476,-2047,-1230,-94,180,0.2214636535644531,9.928754284667969,0.28490999755859375,30.509411764705884,-33801.52671755725,-2583.206106870229,4946.564885496184
496048,0,0,0,4962999456,4944.801862,0.010005,378,16568,442,-2050,-1227,-91,185,0.2262520568847656,9.916783276367187,0.2645592834472656,30.500588235294117,-33719.08396946565,-2500.7633587786263,5083.9694656488555
496049,0,0,0,4963009461,4944.811867,0.010005,338,16564,468,-2053,-1225,-90,187,0.20231004028320312,9.91438907470703,0.28012159423828126,30.491764705882353,-33664.122137404585,-2473.282442748092,5138.931297709924
496050,0,0,0,4963019467,4944.821873,0.010006,364,16572,432,-2046,-1233,-90,189,0.21787235107421873,9.919177478027343,0.258573779296875,30.512352941176474,-33883.96946564886,-2473.282442748092,5193.893129770992
496051,0,0,0,4963029472,4944.831878,0.010005,352,16538,444,-2048,-1228,-90,196,0.21068974609375,9.898826763916015,0.2657563842773437,30.506470588235295,-33746.564885496184,-2473.282442748092,5386.259541984733
496052,0,0,0,4963039477,4944.841883,0.010005,392,16602,474,-2046,-1228,-87,190,0.2346317626953125,9.937133990478515,0.28371289672851563,30.512352941176474,-33746.564885496184,-2390.8396946564885,5221.374045801527
496053,0,0,0,4963049482,4944.851888,0.010005,388,16540,464,-2047,-1223,-83,193,0.23223756103515625,9.900023864746093,0.277727392578125,30.509411764705884,-33609.16030534351,-2280.916030534351,5303.81679389313
496054,0,0,0,4963059487,4944.861893,0.010005,362,16544,442,-2050,-1226,-89,194,0.2166752502441406,9.90241806640625,0.2645592834472656,30.500588235294117,-33691.603053435116,-2445.8015267175574,5331.297709923664
496055,0,0,0,4963069493,4944.871899,0.010006,368,16518,496,-2046,-1228,-90,186,0.22026655273437498,9.886855755615233,0.296881005859375,30.512352941176474,-33746.564885496184,-2473.282442748092,5111.4503816793895
496056,0,0,0,4963079498,4944.881904,0.010005,376,16536,436,-2054,-1226,-80,183,0.22505495605468748,9.897629663085937,0.2609679809570312,30.488823529411768,-33691.603053435116,-2198.4732824427483,5029.007633587787
496057,0,0,0,4963089503,4944.891909,0.010005,414,16544,440,-2045,-1228,-87,183,0.24779987182617186,9.90241806640625,0.26336218261718747,30.51529411764706,-33746.564885496184,-2390.8396946564885,5029.007633587787
496058,0,0,0,4963099508,4944.901914,0.010005,332,16542,518,-2051,-1226,-83,187,0.19871873779296872,9.90122096557617,0.31004911499023435,30.49764705882353,-33691.603053435116,-2280.916030534351,5138.931297709924
496059,0,0,0,4963109513,4944.911919,0.010005,380,16518,446,-2047,-1229,-83,188,0.22744915771484372,9.886855755615233,0.26695348510742184,30.509411764705884,-33774.04580152672,-2280.916030534351,5166.412213740458
496060,0,0,0,4963119519,4944.921925,0.010006,380,16558,444,-2045,-1230,-82,194,0.22744915771484372,9.910797772216796,0.2657563842773437,30.51529411764706,-33801.52671755725,-2253.4351145038167,5331.297709923664
496061,0,0,0,4963129524,4944.93193,0.010005,370,16538,476,-2045,-1229,-89,190,0.2214636535644531,9.898826763916015,0.28490999755859375,30.51529411764706,-33774.04580152672,-2445.8015267175574,5221.374045801527
496062,0,0,0,4963139529,4944.941935,0.010005,386,16512,452,-2046,-1224,-81,190,0.23104046020507812,9.883264453125,0.2705447875976562,30.512352941176474,-33636.64122137405,-2225.9541984732828,5221.374045801527
496063,0,0,0,4963149534,4944.95194,0.010005,364,16566,450,-2043,-1224,-81,185,0.21787235107421873,9.91558617553711,0.2693476867675781,30.521176470588237,-33636.64122137405,-2225.9541984732828,5083.9694656488555
496064,0,0,0,4963159540,4944.961946,0.010006,384,16530,504,-2046,-1227,-82,184,0.229843359375,9.894038360595703,0.3016694091796875,30.512352941176474,-33719.08396946565,-2253.4351145038167,5056.488549618321
496065,0,0,0,4963169545,4944.971951,0.010005,364,16532,488,-2049,-1229,-83,184,0.21787235107421873,9.89523546142578,0.2920926025390625,30.503529411764706,-33774.04580152672,-2280.916030534351,5056.488549618321
496066,0,0,0,4963179550,4944.981956,0.010005,380,16500,428,-2042,-1232,-85,177,0.22744915771484372,9.87608184814453,0.2561795776367187,30.524117647058823,-33856.48854961832,-2335.87786259542,4864.122137404581
496067,0,0,0,4963189555,4944.991961,0.010005,366,16560,522,-2046,-1231,-84,188,0.21906945190429686,9.911994873046874,0.3124433166503906,30.512352941176474,-33829.00763358779,-2308.3969465648856,5166.412213740458
496068,0,0,0,4963199560,4945.001966,0.010005,382,16556,480,-2044,-1238,-80,189,0.22864625854492185,9.909600671386718,0.28730419921875,30.51823529411765,-34021.37404580153,-2198.4732824427483,5193.893129770992
496069,0,0,0,4963209566,4945.011972,0.010006,408,16542,436,-2049,-1233,-90,191,0.2442085693359375,9.90122096557617,0.2609679809570312,30.503529411764706,-33883.96946564886,-2473.282442748092,5248.854961832061
496070,0,0,0,4963219571,4945.021977,0.010005,358,16548,490,-2051,-1234,-86,180,0.21428104858398436,9.904812268066406,0.2932897033691406,30.49764705882353,-33911.45038167939,-2363.3587786259545,4946.564885496184
496071,0,0,0,4963229576,4945.031982,0.010005,366,16570,454,-2051,-1232,-83,191,0.21906945190429686,9.917980377197265,0.27174188842773433,30.49764705882353,-33856.48854961832,-2280.916030534351,5248.854961832061
496072,0,0,0,4963239581,4945.041987,0.010005,390,16550,502,-2047,-1230,-83,187,0.23343466186523437,9.906009368896484,0.30047230834960936,30.509411764705884,-33801.52671755725,-2280.916030534351,5138.931297709924
496073,0,0,0,4963249587,4945.051993,0.010006,366,16530,510,-2048,-1233,-86,185,0.21906945190429686,9.894038360595703,0.30526071166992186,30.506470588235295,-33883.96946564886,-2363.3587786259545,5083.9694656488555
496074,0,0,0,4963259592,4945.061998,0.010005,400,16524,478,-2051,-1227,-88,187,0.239420166015625,9.890447058105469,0.2861070983886719,30.49764705882353,-33719.08396946565,-2418.320610687023,5138.931297709924
496075,0,0,0,4963269597,4945.072003,0.010005,376,16550,454,-2055,-1230,-86,181,0.22505495605468748,9.906009368896484,0.27174188842773433,30.48588235294118,-33801.52671755725,-2363.3587786259545,4974.045801526718
496076,0,0,0,4963279602,4945.082008,0.010005,416,16530,480,-2047,-1232,-90,179,0.24899697265624998,9.894038360595703,0.28730419921875,30.509411764705884,-33856.48854961832,-2473.282442748092,4919.083969465649
496077,0,0,0,4963289607,4945.092013,0.010005,366,16580,510,-2046,-1229,-84,187,0.21906945190429686,9.923965881347655,0.30526071166992186,30.512352941176474,-33774.04580152672,-2308.3969465648856,5138.931297709924
496078,0,0,0,4963299613,4945.102019,0.010006,364,16566,504,-2050,-1230,-80,182,0.21787235107421873,9.91558617553711,0.3016694091796875,30.500588235294117,-33801.52671755725,-2198.4732824427483,5001.526717557253
496079,0,0,0,4963309618,4945.112024,0.010005,378,16522,456,-2048,-1234,-86,184,0.2262520568847656,9.889249957275391,0.27293898925781246,30.506470588235295,-33911.45038167939,-2363.3587786259545,5056.488549618321
496080,0,0,0,4963319623,4945.122029,0.010005,370,16572,460,-2047,-1229,-87,182,0.2214636535644531,9.919177478027343,0.2753331909179687,30.509411764705884,-33774.04580152672,-2390.8396946564885,5001.526717557253
496081,0,0,0,4963329628,4945.132034,0.010005,354,16552,442,-2047,-1231,-84,186,0.21188684692382811,9.907206469726562,0.2645592834472656,30.509411764705884,-33829.00763358779,-2308.3969465648856,5111.4503816793895
496082,0,0,0,4963339633,4945.142039,0.010005,368,16556,482,-2041,-1231,-89,174,0.22026655273437498,9.909600671386718,0.2885013000488281,30.527058823529412,-33829.00763358779,-2445.8015267175574,4781.679389312977
496083,0,0,0,4963349639,4945.152045,0.010006,386,16550,366,-2051,-1230,-82,180,0.23104046020507812,9.906009368896484,0.21906945190429686,30.49764705882353,-33801.52671755725,-2253.4351145038167,4946.564885496184
496084,0,0,0,4963359644,4945.16205,0.010005,340,16566,530,-2049,-1229,-83,179,0.20350714111328125,9.91558617553711,0.3172317199707031,30.503529411764706,-33774.04580152672,-2280.916030534351,4919.083969465649
496085,0,0,0,4963369649,4945.172055,0.010005,376,16526,402,-2047,-1230,-87,179,0.22505495605468748,9.891644158935547,0.24061726684570311,30.509411764705884,-33801.52671755725,-2390.8396946564885,4919.083969465649
496086,0,0,0,4963379654,4945.18206,0.010005,362,16552,404,-2045,-1232,-83,183,0.2166752502441406,9.907206469726562,0.24181436767578124,30.51529411764706,-33856.48854961832,-2280.916030534351,5029.007633587787
496087,0,0,0,4963389660,4945.192066,0.010006,418,16514,472,-2051,-1230,-82,191,0.2501940734863281,9.884461553955077,0.2825157958984375,30.49764705882353,-33801.52671755725,-2253.4351145038167,5248.854961832061
496088,0,0,0,4963399665,4945.202071,0.010005,410,16552,500,-2048,-1226,-87,188,0.2454056701660156,9.907206469726562,0.29927520751953124,30.506470588235295,-33691.603053435116,-2390.8396946564885,5166.412213740458
496089,0,0,0,4963409670,4945.212076,0.010005,390,16534,430,-2049,-1226,-79,186,0.23343466186523437,9.896432562255859,0.25737667846679685,30.503529411764706,-33691.603053435116,-2170.992366412214,5111.4503816793895
496090,0,0,0,4963419675,4945.222081,0.010005,356,16552,462,-2046,-1226,-87,195,0.21308394775390624,9.907206469726562,0.2765302917480469,30.512352941176474,-33691.603053435116,-2390.8396946564885,5358.778625954199
496091,0,0,0,4963429680,4945.232086,0.010005,362,16548,432,-2049,-1228,-81,188,0.2166752502441406,9.904812268066406,0.258573779296875,30.503529411764706,-33746.564885496184,-2225.9541984732828,5166.412213740458
496092,0,0,0,4963439686,4945.242092,0.010006,392,16578,502,-2049,-1231,-83,186,0.2346317626953125,9.922768780517577,0.30047230834960936,30.503529411764706,-33829.00763358779,-2280.916030534351,5111.4503816793895
496093,0,0,0,4963449691,4945.252097,0.010005,336,16520,482,-2050,-1229,-81,186,0.201112939453125,9.888052856445311,0.2885013000488281,30.500588235294117,-33774.04580152672,-2225.9541984732828,5111.4503816793895
496094,0,0,0,4963459696,4945.262102,0.010005,368,16508,456,-2051,-1228,-83,186,0.22026655273437498,9.880870251464843,0.27293898925781246,30.49764705882353,-33746.564885496184,-2280.916030534351,5111.4503816793895
496095,0,0,0,4963469701,4945.272107,0.010005,398,16534,470,-2050,-1231,-87,186,0.23822306518554687,9.896432562255859,0.2813186950683594,30.500588235294117,-33829.00763358779,-2390.8396946564885,5111.4503816793895
496096,0,0,0,4963479707,4945.282113,0.010006,376,16548,460,-2050,-1229,-83,192,0.22505495605468748,9.904812268066406,0.2753331909179687,30.500588235294117,-33774.04580152672,-2280.916030534351,5276.335877862595
496097,0,0,0,4963489712,4945.292118,0.010005,352,16522,494,-2044,-1233,-85,182,0.21068974609375,9.889249957275391,0.29568390502929687,30.51823529411765,-33883.96946564886,-2335.87786259542,5001.526717557253
496098,0,0,0,4963499717,4945.302123,0.010005,360,16544,512,-2049,-1230,-82,187,0.2154781494140625,9.90241806640625,0.3064578125,30.503529411764706,-33801.52671755725,-2253.4351145038167,5138.931297709924
496099,0,0,0,4963509722,4945.312128,0.010005,324,16552,460,-2047,-1228,-84,186,0.19393033447265623,9.907206469726562,0.2753331909179687,30.509411764705884,-33746.564885496184,-2308.3969465648856,5111.4503816793895
496100,0,0,0,4963519727,4945.322133,0.010005,340,16574,494,-2050,-1230,-89,189,0.20350714111328125,9.920374578857421,0.29568390502929687,30.500588235294117,-33801.52671755725,-2445.8015267175574,5193.893129770992
496101,0,0,0,4963529733,4945.332139,0.010006,360,16574,486,-2048,-1236,-91,188,0.2154781494140625,9.920374578857421,0.29089550170898437,30.506470588235295,-33966.41221374046,-2500.7633587786263,5166.412213740458
496102,0,0,0,4963539738,4945.342144,0.010005,368,16584,450,-2048,-1231,-80,184,0.22026655273437498,9.926360083007811,0.2693476867675781,30.506470588235295,-33829.00763358779,-2198.4732824427483,5056.488549618321
496103,0,0,0,4963549743,4945.352149,0.010005,404,16584,446,-2042,-1224,-87,180,0.24181436767578124,9.926360083007811,0.26695348510742184,30.524117647058823,-33636.64122137405,-2390.8396946564885,4946.564885496184
496104,0,0,0,4963559748,4945.362154,0.010005,366,16564,530,-2045,-1226,-86,189,0.21906945190429686,9.91438907470703,0.3172317199707031,30.51529411764706,-33691.603053435116,-2363.3587786259545,5193.893129770992
496105,0,0,0,4963569754,4945.37216,0.010006,354,16544,436,-2050,-1228,-85,187,0.21188684692382811,9.90241806640625,0.2609679809570312,30.500588235294117,-33746.564885496184,-2335.87786259542,5138.931297709924
496106,0,0,0,4963579759,4945.382165,0.010005,360,16510,458,-2049,-1231,-81,196,0.2154781494140625,9.882067352294921,0.2741360900878906,30.503529411764706,-33829.00763358779,-2225.9541984732828,5386.259541984733
496107,0,0,0,4963589764,4945.39217,0.010005,362,16536,464,-2047,-1232,-79,189,0.2166752502441406,9.897629663085937,0.277727392578125,30.509411764705884,-33856.48854961832,-2170.992366412214,5193.893129770992
496108,0,0,0,4963599769,4945.402175,0.010005,386,16582,426,-2043,-1227,-80,187,0.23104046020507812,9.925162982177733,0.2549824768066406,30.521176470588237,-33719.08396946565,-2198.4732824427483,5138.931297709924
496109,0,0,0,4963609774,4945.41218,0.010005,384,16526,462,-2054,-1225,-88,183,0.229843359375,9.891644158935547,0.2765302917480469,30.488823529411768,-33664.122137404585,-2418.320610687023,5029.007633587787
496110,0,0,0,4963619780,4945.422186,0.010006,416,16528,504,-2046,-1229,-86,185,0.24899697265624998,9.892841259765625,0.3016694091796875,30.512352941176474,-33774.04580152672,-2363.3587786259545,5083.9694656488555
496111,0,0,0,4963629785,4945.432191,0.010005,386,16522,464,-2044,-1228,-90,181,0.23104046020507812,9.889249957275391,0.277727392578125,30.51823529411765,-33746.564885496184,-2473.282442748092,4974.045801526718
496112,0,0,0,4963639790,4945.442196,0.010005,392,16544,412,-2049,-1232,-92,180,0.2346317626953125,9.90241806640625,0.24660277099609373,30.503529411764706,-33856.48854961832,-2528.2442748091603,4946.564885496184
496113,0,0,0,4963649795,4945.452201,0.010005,348,16540,490,-2052,-1229,-96,182,0.20829554443359374,9.900023864746093,0.2932897033691406,30.494705882352942,-33774.04580152672,-2638.1679389312976,5001.526717557253
496114,0,0,0,4963659800,4945.462206,0.010005,356,16550,498,-2046,-1229,-83,187,0.21308394775390624,9.906009368896484,0.2980781066894531,30.512352941176474,-33774.04580152672,-2280.916030534351,5138.931297709924
496115,0,0,0,4963669806,4945.472212,0.010006,346,16516,498,-2043,-1227,-84,184,0.20709844360351562,9.885658654785155,0.2980781066894531,30.521176470588237,-33719.08396946565,-2308.3969465648856,5056.488549618321
496116,0,0,0,4963679811,4945.482217,0.010005,390,16570,500,-2045,-1229,-84,179,0.23343466186523437,9.917980377197265,0.29927520751953124,30.51529411764706,-33774.04580152672,-2308.3969465648856,4919.083969465649
496117,0,0,0,4963689816,4945.492222,0.010005,362,16558,460,-2051,-1235,-82,180,0.2166752502441406,9.910797772216796,0.2753331909179687,30.49764705882353,-33938.931297709925,-2253.4351145038167,4946.564885496184
496118,0,0,0,4963699821,4945.502227,0.010005,352,16568,416,-2054,-1229,-93,182,0.21068974609375,9.916783276367187,0.24899697265624998,30.488823529411768,-33774.04580152672,-2555.7251908396947,5001.526717557253
496119,0,0,0,4963709827,4945.512233,0.010006,364,16570,536,-2049,-1228,-82,191,0.21787235107421873,9.917980377197265,0.32082302246093747,30.503529411764706,-33746.564885496184,-2253.4351145038167,5248.854961832061
496120,0,0,0,4963719832,4945.522238,0.010005,360,16552,424,-2050,-1234,-88,191,0.2154781494140625,9.907206469726562,0.2537853759765625,30.500588235294117,-33911.45038167939,-2418.320610687023,5248.854961832061
496121,0,0,0,4963729837,4945.532243,0.010005,382,16568,502,-2044,-1235,-85,184,0.22864625854492185,9.916783276367187,0.30047230834960936,30.51823529411765,-33938.931297709925,-2335.87786259542,5056.488549618321
496122,0,0,0,4963739842,4945.542248,0.010005,364,16582,452,-2049,-1234,-82,192,0.21787235107421873,9.925162982177733,0.2705447875976562,30.503529411764706,-33911.45038167939,-2253.4351145038167,5276.335877862595
496123,0,0,0,4963749847,4945.552253,0.010005,392,16560,444,-2050,-1233,-83,184,0.2346317626953125,9.911994873046874,0.2657563842773437,30.500588235294117,-33883.96946564886,-2280.916030534351,5056.488549618321
496124,0,0,0,4963759853,4945.562259,0.010006,416,16578,482,-2041,-1232,-84,176,0.24899697265624998,9.922768780517577,0.2885013000488281,30.527058823529412,-33856.48854961832,-2308.3969465648856,4836.641221374046
496125,0,0,0,4963769858,4945.572264,0.010005,350,16526,572,-2045,-1227,-89,179,0.20949264526367187,9.891644158935547,0.34237083740234375,30.51529411764706,-33719.08396946565,-2445.8015267175574,4919.083969465649
496126,0,0,0,4963779863,4945.582269,0.010005,376,16528,444,-2050,-1233,-92,178,0.22505495605468748,9.892841259765625,0.2657563842773437,30.500588235294117,-33883.96946564886,-2528.2442748091603,4891.603053435115
496127,0,0,0,4963789868,4945.592274,0.010005,386,16590,498,-2038,-1230,-86,178,0.23104046020507812,9.929951385498047,0.2980781066894531,30.53588235294118,-33801.52671755725,-2363.3587786259545,4891.603053435115
496128,0,0,0,4963799874,4945.60228,0.010006,380,16526,480,-2045,-1231,-77,182,0.22744915771484372,9.891644158935547,0.28730419921875,30.51529411764706,-33829.00763358779,-2116.030534351145,5001.526717557253
496129,0,0,0,4963809879,4945.612285,0.010005,390,16504,444,-2048,-1227,-82,194,0.23343466186523437,9.878476049804688,0.2657563842773437,30.506470588235295,-33719.08396946565,-2253.4351145038167,5331.297709923664
496130,0,0,0,4963819884,4945.62229,0.010005,348,16538,542,-2046,-1227,-79,196,0.20829554443359374,9.898826763916015,0.32441432495117184,30.512352941176474,-33719.08396946565,-2170.992366412214,5386.259541984733
496131,0,0,0,4963829889,4945.632295,0.010005,406,16574,486,-2049,-1228,-88,179,0.24301146850585936,9.920374578857421,0.29089550170898437,30.503529411764706,-33746.564885496184,-2418.320610687023,4919.083969465649
496132,0,0,0,4963839894,4945.6423,0.010005,358,16554,438,-2051,-1223,-82,178,0.21428104858398436,9.90840357055664,0.26216508178710934,30.49764705882353,-33609.16030534351,-2253.4351145038167,4891.603053435115
496133,0,0,0,4963849900,4945.652306,0.010006,390,16546,438,-2047,-1234,-86,175,0.23343466186523437,9.903615167236328,0.26216508178710934,30.509411764705884,-33911.45038167939,-2363.3587786259545,4809.160305343512
496134,0,0,0,4963859905,4945.662311,0.010005,336,16526,410,-2042,-1230,-83,188,0.201112939453125,9.891644158935547,0.2454056701660156,30.524117647058823,-33801.52671755725,-2280.916030534351,5166.412213740458
496135,0,0,0,4963869910,4945.672316,0.010005,352,16552,442,-2047,-1223,-84,187,0.21068974609375,9.907206469726562,0.2645592834472656,30.509411764705884,-33609.16030534351,-2308.3969465648856,5138.931297709924
496136,0,0,0,4963879915,4945.682321,0.010005,368,16536,458,-2044,-1230,-83,189,0.22026655273437498,9.897629663085937,0.2741360900878906,30.51823529411765,-33801.52671755725,-2280.916030534351,5193.893129770992
496137,0,0,0,4963889921,4945.692327,0.010006,372,16566,498,-2044,-1227,-85,183,0.22266075439453123,9.91558617553711,0.2980781066894531,30.51823529411765,-33719.08396946565,-2335.87786259542,5029.007633587787
496138,0,0,0,4963899926,4945.702332,0.010005,316,16564,534,-2040,-1229,-84,186,0.18914193115234373,9.91438907470703,0.31962592163085934,30.53,-33774.04580152672,-2308.3969465648856,5111.4503816793895
496139,0,0,0,4963909931,4945.712337,0.010005,354,16554,414,-2049,-1234,-82,179,0.21188684692382811,9.90840357055664,0.24779987182617186,30.503529411764706,-33911.45038167939,-2253.4351145038167,4919.083969465649
496140,0,0,0,4963919936,4945.722342,0.010005,360,16568,474,-2047,-1228,-85,183,0.2154781494140625,9.916783276367187,0.28371289672851563,30.509411764705884,-33746.564885496184,-2335.87786259542,5029.007633587787
496141,0,0,0,4963929941,4945.732347,0.010005,342,16528,474,-2047,-1228,-87,196,0.20470424194335937,9.892841259765625,0.28371289672851563,30.509411764705884,-33746.564885496184,-2390.8396946564885,5386.259541984733
496142,0,0,0,4963939947,4945.742353,0.010006,366,16542,422,-2051,-1223,-90,189,0.21906945190429686,9.90122096557617,0.25258827514648435,30.49764705882353,-33609.16030534351,-2473.282442748092,5193.893129770992
496143,0,0,0,4963949952,4945.752358,0.010005,340,16504,410,-2049,-1227,-83,189,0.20350714111328125,9.878476049804688,0.2454056701660156,30.503529411764706,-33719.08396946565,-2280.916030534351,5193.893129770992
496144,0,0,0,4963959957,4945.762363,0.010005,356,16520,426,-2047,-1236,-82,187,0.21308394775390624,9.888052856445311,0.2549824768066406,30.509411764705884,-33966.41221374046,-2253.4351145038167,5138.931297709924
496145,0,0,0,4963969962,4945.772368,0.010005,368,16548,430,-2052,-1231,-82,188,0.22026655273437498,9.904812268066406,0.25737667846679685,30.494705882352942,-33829.00763358779,-2253.4351145038167,5166.412213740458
496146,0,0,0,4963979967,4945.782373,0.010005,400,16520,454,-2046,-1233,-86,184,0.239420166015625,9.888052856445311,0.27174188842773433,30.512352941176474,-33883.96946564886,-2363.3587786259545,5056.488549618321
496147,0,0,0,4963989973,4945.792379,0.010006,394,16562,476,-2046,-1232,-83,185,0.23582886352539062,9.913191973876952,0.28490999755859375,30.512352941176474,-33856.48854961832,-2280.916030534351,5083.9694656488555
496148,0,0,0,4963999978,4945.802384,0.010005,414,16546,466,-2049,-1229,-78,185,0.24779987182617186,9.903615167236328,0.27892449340820313,30.503529411764706,-33774.04580152672,-2143.5114503816794,5083.9694656488555
496149,0,0,0,4964009983,4945.812389,0.010005,366,16514,432,-2043,-1232,-83,176,0.21906945190429686,9.884461553955077,0.258573779296875,30.521176470588237,-33856.48854961832,-2280.916030534351,4836.641221374046
496150,0,0,0,4964019988,4945.822394,0.010005,362,16530,434,-2047,-1229,-86,188,0.2166752502441406,9.894038360595703,0.2597708801269531,30.509411764705884,-33774.04580152672,-2363.3587786259545,5166.412213740458
496151,0,0,0,4964029994,4945.8324,0.010006,344,16552,452,-2046,-1233,-88,183,0.2059013427734375,9.907206469726562,0.2705447875976562,30.512352941176474,-33883.96946564886,-2418.320610687023,5029.007633587787
496152,0,0,0,4964039999,4945.842405,0.010005,384,16560,422,-2052,-1229,-84,182,0.229843359375,9.911994873046874,0.25258827514648435,30.494705882352942,-33774.04580152672,-2308.3969465648856,5001.526717557253
496153,0,0,0,4964050004,4945.85241,0.010005,342,16536,494,-2052,-1231,-82,179,0.20470424194335937,9.897629663085937,0.29568390502929687,30.494705882352942,-33829.00763358779,-2253.4351145038167,4919.083969465649
496154,0,0,0,4964060009,4945.862415,0.010005,380,16584,476,-2049,-1231,-84,184,0.22744915771484372,9.926360083007811,0.28490999755859375,30.503529411764706,-33829.00763358779,-2308.3969465648856,5056.488549618321
496155,0,0,0,4964070014,4945.87242,0.010005,348,16526,416,-2049,-1227,-78,183,0.20829554443359374,9.891644158935547,0.24899697265624998,30.503529411764706,-33719.08396946565,-2143.5114503816794,5029.007633587787
496156,0,0,0,4964080020,4945.882426,0.010006,350,16556,430,-2050,-1229,-81,186,0.20949264526367187,9.909600671386718,0.25737667846679685,30.500588235294117,-33774.04580152672,-2225.9541984732828,5111.4503816793895
496157,0,0,0,4964090025,4945.892431,0.010005,390,16594,454,-2050,-1236,-93,185,0.23343466186523437,9.932345587158203,0.27174188842773433,30.500588235294117,-33966.41221374046,-2555.7251908396947,5083.9694656488555
496158,0,0,0,4964100030,4945.902436,0.010005,384,16536,486,-2048,-1239,-84,181,0.229843359375,9.897629663085937,0.29089550170898437,30.506470588235295,-34048.85496183206,-2308.3969465648856,4974.045801526718
496159,0,0,0,4964110035,4945.912441,0.010005,378,16552,454,-2045,-1234,-80,188,0.2262520568847656,9.907206469726562,0.27174188842773433,30.51529411764706,-33911.45038167939,-2198.4732824427483,5166.412213740458
496160,0,0,0,4964120041,4945.922447,0.010006,372,16560,452,-2044,-1229,-91,184,0.22266075439453123,9.911994873046874,0.2705447875976562,30.51823529411765,-33774.04580152672,-2500.7633587786263,5056.488549618321
496161,0,0,0,4964130046,4945.932452,0.010005,362,16516,490,-2046,-1229,-91,188,0.2166752502441406,9.885658654785155,0.2932897033691406,30.512352941176474,-33774.04580152672,-2500.7633587786263,5166.412213740458
496162,0,0,0,4964140051,4945.942457,0.010005,322,16526,416,-2044,-1237,-87,186,0.1927332336425781,9.891644158935547,0.24899697265624998,30.51823529411765,-33993.89312977099,-2390.8396946564885,5111.4503816793895
496163,0,0,0,4964150056,4945.952462,0.010005,388,16560,416,-2046,-1234,-85,182,0.23223756103515625,9.911994873046874,0.24899697265624998,30.512352941176474,-33911.45038167939,-2335.87786259542,5001.526717557253
496164,0,0,0,4964160061,4945.962467,0.010005,356,16516,456,-2045,-1236,-86,192,0.21308394775390624,9.885658654785155,0.27293898925781246,30.51529411764706,-33966.41221374046,-2363.3587786259545,5276.335877862595
496165,0,0,0,4964170067,4945.972473,0.010006,374,16570,496,-2050,-1232,-90,185,0.22385785522460935,9.917980377197265,0.296881005859375,30.500588235294117,-33856.48854961832,-2473.282442748092,5083.9694656488555
496166,0,0,0,4964180072,4945.982478,0.010005,396,16596,490,-2052,-1232,-90,186,0.23702596435546874,9.93354268798828,0.2932897033691406,30.494705882352942,-33856.48854961832,-2473.282442748092,5111.4503816793895
496167,0,0,0,4964190077,4945.992483,0.010005,390,16534,432,-2048,-1229,-88,181,0.23343466186523437,9.896432562255859,0.258573779296875,30.506470588235295,-33774.04580152672,-2418.320610687023,4974.045801526718
496168,0,0,0,4964200082,4946.002488,0.010005,358,16548,462,-2042,-1231,-81,183,0.21428104858398436,9.904812268066406,0.2765302917480469,30.524117647058823,-33829.00763358779,-2225.9541984732828,5029.007633587787
496169,0,0,0,4964210088,4946.012494,0.010006,356,16586,464,-2049,-1223,-79,183,0.21308394775390624,9.92755718383789,0.277727392578125,30.503529411764706,-33609.16030534351,-2170.992366412214,5029.007633587787
496170,0,0,0,4964220093,4946.022499,0.010005,366,16524,456,-2051,-1234,-86,196,0.21906945190429686,9.890447058105469,0.27293898925781246,30.49764705882353,-33911.45038167939,-2363.3587786259545,5386.259541984733
496171,0,0,0,4964230098,4946.032504,0.010005,338,16552,460,-2047,-1233,-83,188,0.20231004028320312,9.907206469726562,0.2753331909179687,30.509411764705884,-33883.96946564886,-2280.916030534351,5166.412213740458
496172,0,0,0,4964240103,4946.042509,0.010005,412,16516,478,-2046,-1233,-87,182,0.24660277099609373,9.885658654785155,0.2861070983886719,30.512352941176474,-33883.96946564886,-2390.8396946564885,5001.526717557253
496173,0,0,0,4964250108,4946.052514,0.010005,386,16520,520,-2046,-1230,-91,179,0.23104046020507812,9.888052856445311,0.3112462158203125,30.512352941176474,-33801.52671755725,-2500.7633587786263,4919.083969465649
496174,0,0,0,4964260114,4946.06252,0.010006,364,16564,512,-2049,-1229,-89,186,0.21787235107421873,9.91438907470703,0.3064578125,30.503529411764706,-33774.04580152672,-2445.8015267175574,5111.4503816793895
496175,0,0,0,4964270119,4946.072525,0.010005,356,16532,446,-2043,-1225,-85,186,0.21308394775390624,9.89523546142578,0.26695348510742184,30.521176470588237,-33664.122137404585,-2335.87786259542,5111.4503816793895
496176,0,0,0,4964280124,4946.08253,0.010005,350,16566,466,-2046,-1226,-85,189,0.20949264526367187,9.91558617553711,0.27892449340820313,30.512352941176474,-33691.603053435116,-2335.87786259542,5193.893129770992
496177,0,0,0,4964290129,4946.092535,0.010005,386,16544,478,-2040,-1228,-89,190,0.23104046020507812,9.90241806640625,0.2861070983886719,30.53,-33746.564885496184,-2445.8015267175574,5221.374045801527
496178,0,0,0,4964300134,4946.10254,0.010005,358,16524,444,-2047,-1227,-86,195,0.21428104858398436,9.890447058105469,0.2657563842773437,30.509411764705884,-33719.08396946565,-2363.3587786259545,5358.778625954199
496179,0,0,0,4964310140,4946.112546,0.010006,352,16532,466,-2042,-1227,-83,188,0.21068974609375,9.89523546142578,0.27892449340820313,30.524117647058823,-33719.08396946565,-2280.916030534351,5166.412213740458
496180,0,0,0,4964320145,4946.122551,0.010005,402,16548,450,-2038,-1231,-83,190,0.24061726684570311,9.904812268066406,0.2693476867675781,30.53588235294118,-33829.00763358779,-2280.916030534351,5221.374045801527
496181,0,0,0,4964330150,4946.132556,0.010005,372,16540,422,-2039,-1230,-82,186,0.22266075439453123,9.900023864746093,0.25258827514648435,30.53294117647059,-33801.52671755725,-2253.4351145038167,5111.4503816793895
496182,0,0,0,4964340155,4946.142561,0.010005,354,16542,432,-2047,-1232,-92,185,0.21188684692382811,9.90122096557617,0.258573779296875,30.509411764705884,-33856.48854961832,-2528.2442748091603,5083.9694656488555
496183,0,0,0,4964350161,4946.152567,0.010006,372,16556,428,-2043,-1230,-89,188,0.22266075439453123,9.909600671386718,0.2561795776367187,30.521176470588237,-33801.52671755725,-2445.8015267175574,5166.412213740458
496184,0,0,0,4964360166,4946.162572,0.010005,366,16534,474,-2043,-1230,-86,192,0.21906945190429686,9.896432562255859,0.28371289672851563,30.521176470588237,-33801.52671755725,-2363.3587786259545,5276.335877862595
496185,0,0,0,4964370171,4946.172577,0.010005,346,16578,472,-2045,-1227,-87,188,0.20709844360351562,9.922768780517577,0.2825157958984375,30.51529411764706,-33719.08396946565,-2390.8396946564885,5166.412213740458
496186,0,0,0,4964380176,4946.182582,0.010005,398,16520,452,-2048,-1230,-94,191,0.23822306518554687,9.888052856445311,0.2705447875976562,30.506470588235295,-33801.52671755725,-2583.206106870229,5248.854961832061
496187,0,0,0,4964390181,4946.192587,0.010005,336,16548,448,-2049,-1231,-93,178,0.201112939453125,9.904812268066406,0.26815058593749996,30.503529411764706,-33829.00763358779,-2555.7251908396947,4891.603053435115
496188,0,0,0,4964400187,4946.202593,0.010006,358,16568,406,-2048,-1225,-85,185,0.21428104858398436,9.916783276367187,0.24301146850585936,30.506470588235295,-33664.122137404585,-2335.87786259542,5083.9694656488555
496189,0,0,0,4964410192,4946.212598,0.010005,390,16540,508,-2047,-1228,-88,187,0.23343466186523437,9.900023864746093,0.30406361083984373,30.509411764705884,-33746.564885496184,-2418.320610687023,5138.931297709924
496190,0,0,0,4964420197,4946.222603,0.010005,396,16560,540,-2044,-1224,-88,186,0.23702596435546874,9.911994873046874,0.3232172241210937,30.51823529411765,-33636.64122137405,-2418.320610687023,5111.4503816793895
496191,0,0,0,4964430202,4946.232608,0.010005,368,16564,472,-2039,-1229,-86,187,0.22026655273437498,9.91438907470703,0.2825157958984375,30.53294117647059,-33774.04580152672,-2363.3587786259545,5138.931297709924
496192,0,0,0,4964440208,4946.242614,0.010006,352,16542,474,-2036,-1231,-87,194,0.21068974609375,9.90122096557617,0.28371289672851563,30.541764705882354,-33829.00763358779,-2390.8396946564885,5331.297709923664
496193,0,0,0,4964450213,4946.252619,0.010005,354,16514,512,-2039,-1232,-93,186,0.21188684692382811,9.884461553955077,0.3064578125,30.53294117647059,-33856.48854961832,-2555.7251908396947,5111.4503816793895
496194,0,0,0,4964460218,4946.262624,0.010005,366,16532,486,-2042,-1230,-86,186,0.21906945190429686,9.89523546142578,0.29089550170898437,30.524117647058823,-33801.52671755725,-2363.3587786259545,5111.4503816793895
496195,0,0,0,4964470223,4946.272629,0.010005,364,16570,492,-2043,-1231,-80,188,0.21787235107421873,9.917980377197265,0.29448680419921874,30.521176470588237,-33829.00763358779,-2198.4732824427483,5166.412213740458
496196,0,0,0,4964480228,4946.282634,0.010005,384,16526,448,-2045,-1229,-85,197,0.229843359375,9.891644158935547,0.26815058593749996,30.51529411764706,-33774.04580152672,-2335.87786259542,5413.740458015267
496197,0,0,0,4964490234,4946.29264,0.010006,350,16506,458,-2047,-1233,-91,193,0.20949264526367187,9.879673150634765,0.2741360900878906,30.509411764705884,-33883.96946564886,-2500.7633587786263,5303.81679389313
496198,0,0,0,4964500239,4946.302645,0.010005,336,16582,498,-2042,-1236,-88,184,0.201112939453125,9.925162982177733,0.2980781066894531,30.524117647058823,-33966.41221374046,-2418.320610687023,5056.488549618321
496199,0,0,0,4964510244,4946.31265,0.010005,352,16576,476,-2040,-1233,-81,194,0.21068974609375,9.9215716796875,0.28490999755859375,30.53,-33883.96946564886,-2225.9541984732828,5331.297709923664
496200,0,0,0,4964520249,4946.322655,0.010005,356,16534,454,-2045,-1229,-79,189,0.21308394775390624,9.896432562255859,0.27174188842773433,30.51529411764706,-33774.04580152672,-2170.992366412214,5193.893129770992
496201,0,0,0,4964530255,4946.332661,0.010006,358,16552,440,-2042,-1233,-81,183,0.21428104858398436,9.907206469726562,0.26336218261718747,30.524117647058823,-33883.96946564886,-2225.9541984732828,5029.007633587787
496202,0,0,0,4964540260,4946.342666,0.010005,400,16564,438,-2044,-1230,-81,181,0.239420166015625,9.91438907470703,0.26216508178710934,30.51823529411765,-33801.52671755725,-2225.9541984732828,4974.045801526718
496203,0,0,0,4964550265,4946.352671,0.010005,382,16482,460,-2045,-1225,-84,182,0.22864625854492185,9.865307940673828,0.2753331909179687,30.51529411764706,-33664.122137404585,-2308.3969465648856,5001.526717557253
496204,0,0,0,4964560270,4946.362676,0.010005,386,16550,468,-2047,-1227,-85,183,0.23104046020507812,9.906009368896484,0.28012159423828126,30.509411764705884,-33719.08396946565,-2335.87786259542,5029.007633587787
496205,0,0,0,4964570275,4946.372681,0.010005,386,16528,444,-2044,-1234,-86,183,0.23104046020507812,9.892841259765625,0.2657563842773437,30.51823529411765,-33911.45038167939,-2363.3587786259545,5029.007633587787
496206,0,0,0,4964580281,4946.382687,0.010006,372,16546,468,-2054,-1233,-88,186,0.22266075439453123,9.903615167236328,0.28012159423828126,30.488823529411768,-33883.96946564886,-2418.320610687023,5111.4503816793895
496207,0,0,0,4964590286,4946.392692,0.010005,372,16582,424,-2045,-1219,-84,181,0.22266075439453123,9.925162982177733,0.2537853759765625,30.51529411764706,-33499.236641221374,-2308.3969465648856,4974.045801526718
496208,0,0,0,4964600291,4946.402697,0.010005,354,16542,508,-2047,-1230,-94,183,0.21188684692382811,9.90122096557617,0.30406361083984373,30.509411764705884,-33801.52671755725,-2583.206106870229,5029.007633587787
496209,0,0,0,4964610296,4946.412702,0.010005,382,16564,476,-2048,-1228,-84,188,0.22864625854492185,9.91438907470703,0.28490999755859375,30.506470588235295,-33746.564885496184,-2308.3969465648856,5166.412213740458
496210,0,0,0,4964620302,4946.422708,0.010006,368,16566,476,-2048,-1226,-89,188,0.22026655273437498,9.91558617553711,0.28490999755859375,30.506470588235295,-33691.603053435116,-2445.8015267175574,5166.412213740458
496211,0,0,0,4964630307,4946.432713,0.010005,306,16546,474,-2043,-1232,-84,183,0.18315642700195311,9.903615167236328,0.28371289672851563,30.521176470588237,-33856.48854961832,-2308.3969465648856,5029.007633587787
496212,0,0,0,4964640312,4946.442718,0.010005,370,16590,438,-2044,-1230,-83,185,0.2214636535644531,9.929951385498047,0.26216508178710934,30.51823529411765,-33801.52671755725,-2280.916030534351,5083.9694656488555
496213,0,0,0,4964650317,4946.452723,0.010005,320,16538,490,-2045,-1231,-84,188,0.19153613281249998,9.898826763916015,0.2932897033691406,30.51529411764706,-33829.00763358779,-2308.3969465648856,5166.412213740458
496214,0,0,0,4964660322,4946.462728,0.010005,352,16542,450,-2043,-1227,-83,183,0.21068974609375,9.90122096557617,0.2693476867675781,30.521176470588237,-33719.08396946565,-2280.916030534351,5029.007633587787
496215,0,0,0,4964670328,4946.472734,0.010006,388,16526,450,-2048,-1233,-85,189,0.23223756103515625,9.891644158935547,0.2693476867675781,30.506470588235295,-33883.96946564886,-2335.87786259542,5193.893129770992
496216,0,0,0,4964680333,4946.482739,0.010005,364,16544,436,-2039,-1232,-87,190,0.21787235107421873,9.90241806640625,0.2609679809570312,30.53294117647059,-33856.48854961832,-2390.8396946564885,5221.374045801527
496217,0,0,0,4964690338,4946.492744,0.010005,348,16584,458,-2042,-1234,-81,185,0.20829554443359374,9.926360083007811,0.2741360900878906,30.524117647058823,-33911.45038167939,-2225.9541984732828,5083.9694656488555
496218,0,0,0,4964700343,4946.502749,0.010005,422,16548,498,-2047,-1229,-84,189,0.25258827514648435,9.904812268066406,0.2980781066894531,30.509411764705884,-33774.04580152672,-2308.3969465648856,5193.893129770992
496219,0,0,0,4964710348,4946.512754,0.010005,408,16570,458,-2045,-1233,-86,193,0.2442085693359375,9.917980377197265,0.2741360900878906,30.51529411764706,-33883.96946564886,-2363.3587786259545,5303.81679389313
496220,0,0,0,4964720354,4946.52276,0.010006,386,16546,464,-2048,-1229,-86,190,0.23104046020507812,9.903615167236328,0.277727392578125,30.506470588235295,-33774.04580152672,-2363.3587786259545,5221.374045801527
496221,0,0,0,4964730359,4946.532765,0.010005,378,16578,500,-2048,-1234,-89,189,0.2262520568847656,9.922768780517577,0.29927520751953124,30.506470588235295,-33911.45038167939,-2445.8015267175574,5193.893129770992
496222,0,0,0,4964740364,4946.54277,0.010005,332,16546,482,-2047,-1229,-83,181,0.19871873779296872,9.903615167236328,0.2885013000488281,30.509411764705884,-33774.04580152672,-2280.916030534351,4974.045801526718
496223,0,0,0,4964750369,4946.552775,0.010005,322,16518,480,-2047,-1224,-77,183,0.1927332336425781,9.886855755615233,0.28730419921875,30.509411764705884,-33636.64122137405,-2116.030534351145,5029.007633587787
496224,0,0,0,4964760375,4946.562781,0.010006,350,16574,426,-2051,-1230,-86,185,0.20949264526367187,9.920374578857421,0.2549824768066406,30.49764705882353,-33801.52671755725,-2363.3587786259545,5083.9694656488555
496225,0,0,0,4964770380,4946.572786,0.010005,398,16532,500,-2041,-1230,-86,176,0.23822306518554687,9.89523546142578,0.29927520751953124,30.527058823529412,-33801.52671755725,-2363.3587786259545,4836.641221374046
496226,0,0,0,4964780385,4946.582791,0.010005,372,16578,442,-2041,-1238,-82,190,0.22266075439453123,9.922768780517577,0.2645592834472656,30.527058823529412,-34021.37404580153,-2253.4351145038167,5221.374045801527
496227,0,0,0,4964790390,4946.592796,0.010005,410,16542,500,-2040,-1229,-79,190,0.2454056701660156,9.90122096557617,0.29927520751953124,30.53,-33774.04580152672,-2170.992366412214,5221.374045801527
496228,0,0,0,4964800395,4946.602801,0.010005,388,16516,454,-2049,-1229,-84,197,0.23223756103515625,9.885658654785155,0.27174188842773433,30.503529411764706,-33774.04580152672,-2308.3969465648856,5413.740458015267
496229,0,0,0,4964810401,4946.612807,0.010006,376,16544,472,-2046,-1232,-82,189,0.22505495605468748,9.90241806640625,0.2825157958984375,30.512352941176474,-33856.48854961832,-2253.4351145038167,5193.893129770992
496230,0,0,0,4964820406,4946.622812,0.010005,444,16556,464,-2041,-1226,-86,180,0.2657563842773437,9.909600671386718,0.277727392578125,30.527058823529412,-33691.603053435116,-2363.3587786259545,4946.564885496184
496231,0,0,0,4964830411,4946.632817,0.010005,392,16522,436,-2046,-1227,-83,183,0.2346317626953125,9.889249957275391,0.2609679809570312,30.512352941176474,-33719.08396946565,-2280.916030534351,5029.007633587787
496232,0,0,0,4964840416,4946.642822,0.010005,398,16518,530,-2046,-1224,-78,193,0.23822306518554687,9.886855755615233,0.3172317199707031,30.512352941176474,-33636.64122137405,-2143.5114503816794,5303.81679389313
496233,0,0,0,4964850422,4946.652828,0.010006,384,16538,506,-2045,-1233,-86,187,0.229843359375,9.898826763916015,0.3028665100097656,30.51529411764706,-33883.96946564886,-2363.3587786259545,5138.931297709924
496234,0,0,0,4964860427,4946.662833,0.010005,360,16544,470,-2048,-1228,-78,182,0.2154781494140625,9.90241806640625,0.2813186950683594,30.506470588235295,-33746.564885496184,-2143.5114503816794,5001.526717557253
496235,0,0,0,4964870432,4946.672838,0.010005,376,16542,478,-2043,-1232,-87,182,0.22505495605468748,9.90122096557617,0.2861070983886719,30.521176470588237,-33856.48854961832,-2390.8396946564885,5001.526717557253
496236,0,0,0,4964880437,4946.682843,0.010005,342,16504,498,-2045,-1239,-87,183,0.20470424194335937,9.878476049804688,0.2980781066894531,30.51529411764706,-34048.85496183206,-2390.8396946564885,5029.007633587787
496237,0,0,0,4964890442,4946.692848,0.010005,344,16598,454,-2044,-1236,-88,184,0.2059013427734375,9.934739788818359,0.27174188842773433,30.51823529411765,-33966.41221374046,-2418.320610687023,5056.488549618321
496238,0,0,0,4964900448,4946.702854,0.010006,336,16568,456,-2044,-1233,-78,187,0.201112939453125,9.916783276367187,0.27293898925781246,30.51823529411765,-33883.96946564886,-2143.5114503816794,5138.931297709924
496239,0,0,0,4964910453,4946.712859,0.010005,366,16554,448,-2040,-1230,-86,195,0.21906945190429686,9.90840357055664,0.26815058593749996,30.53,-33801.52671755725,-2363.3587786259545,5358.778625954199
496240,0,0,0,4964920458,4946.722864,0.010005,350,16554,434,-2050,-1228,-85,191,0.20949264526367187,9.90840357055664,0.2597708801269531,30.500588235294117,-33746.564885496184,-2335.87786259542,5248.854961832061
496241,0,0,0,4964930463,4946.732869,0.010005,376,16556,476,-2049,-1230,-82,181,0.22505495605468748,9.909600671386718,0.28490999755859375,30.503529411764706,-33801.52671755725,-2253.4351145038167,4974.045801526718
496242,0,0,0,4964940469,4946.742875,0.010006,338,16570,426,-2050,-1232,-84,181,0.20231004028320312,9.917980377197265,0.2549824768066406,30.500588235294117,-33856.48854961832,-2308.3969465648856,4974.045801526718
496243,0,0,0,4964950474,4946.75288,0.010005,390,16560,448,-2044,-1231,-88,181,0.23343466186523437,9.911994873046874,0.26815058593749996,30.51823529411765,-33829.00763358779,-2418.320610687023,4974.045801526718
496244,0,0,0,4964960479,4946.762885,0.010005,342,16506,496,-2046,-1227,-87,191,0.20470424194335937,9.879673150634765,0.296881005859375,30.512352941176474,-33719.08396946565,-2390.8396946564885,5248.854961832061
496245,0,0,0,4964970484,4946.77289,0.010005,400,16572,486,-2045,-1229,-87,185,0.239420166015625,9.919177478027343,0.29089550170898437,30.51529411764706,-33774.04580152672,-2390.8396946564885,5083.9694656488555
496246,0,0,0,4964980489,4946.782895,0.010005,360,16550,416,-2045,-1226,-87,185,0.2154781494140625,9.906009368896484,0.24899697265624998,30.51529411764706,-33691.603053435116,-2390.8396946564885,5083.9694656488555
496247,0,0,0,4964990495,4946.792901,0.010006,338,16600,454,-2045,-1226,-83,192,0.20231004028320312,9.935936889648437,0.27174188842773433,30.51529411764706,-33691.603053435116,-2280.916030534351,5276.335877862595
496248,0,0,0,4965000500,4946.802906,0.010005,322,16518,472,-2045,-1228,-84,190,0.1927332336425781,9.886855755615233,0.2825157958984375,30.51529411764706,-33746.564885496184,-2308.3969465648856,5221.374045801527
496249,0,0,0,4965010505,4946.812911,0.010005,370,16568,422,-2047,-1229,-87,188,0.2214636535644531,9.916783276367187,0.25258827514648435,30.509411764705884,-33774.04580152672,-2390.8396946564885,5166.412213740458
496250,0,0,0,4965020510,4946.822916,0.010005,384,16582,446,-2043,-1225,-85,193,0.229843359375,9.925162982177733,0.26695348510742184,30.521176470588237,-33664.122137404585,-2335.87786259542,5303.81679389313
496251,0,0,0,4965030516,4946.832922,0.010006,316,16538,462,-2046,-1227,-85,190,0.18914193115234373,9.898826763916015,0.2765302917480469,30.512352941176474,-33719.08396946565,-2335.87786259542,5221.374045801527
496252,0,0,0,4965040521,4946.842927,0.010005,348,16580,476,-2050,-1228,-88,190,0.20829554443359374,9.923965881347655,0.28490999755859375,30.500588235294117,-33746.564885496184,-2418.320610687023,5221.374045801527
496253,0,0,0,4965050526,4946.852932,0.010005,344,16534,418,-2046,-1233,-84,186,0.2059013427734375,9.896432562255859,0.2501940734863281,30.512352941176474,-33883.96946564886,-2308.3969465648856,5111.4503816793895
496254,0,0,0,4965060531,4946.862937,0.010005,372,16562,518,-2051,-1228,-81,191,0.22266075439453123,9.913191973876952,0.31004911499023435,30.49764705882353,-33746.564885496184,-2225.9541984732828,5248.854961832061
496255,0,0,0,4965070536,4946.872942,0.010005,384,16566,480,-2051,-1228,-83,184,0.229843359375,9.91558617553711,0.28730419921875,30.49764705882353,-33746.564885496184,-2280.916030534351,5056.488549618321
496256,0,0,0,4965080542,4946.882948,0.010006,408,16536,480,-2047,-1232,-83,185,0.2442085693359375,9.897629663085937,0.28730419921875,30.509411764705884,-33856.48854961832,-2280.916030534351,5083.9694656488555
496257,0,0,0,4965090547,4946.892953,0.010005,386,16560,438,-2044,-1228,-84,187,0.23104046020507812,9.911994873046874,0.26216508178710934,30.51823529411765,-33746.564885496184,-2308.3969465648856,5138.931297709924
496258,0,0,0,4965100552,4946.902958,0.010005,380,16552,538,-2040,-1233,-88,186,0.22744915771484372,9.907206469726562,0.3220201232910156,30.53,-33883.96946564886,-2418.320610687023,5111.4503816793895
496259,0,0,0,4965110557,4946.912963,0.010005,400,16522,518,-2042,-1230,-86,185,0.239420166015625,9.889249957275391,0.31004911499023435,30.524117647058823,-33801.52671755725,-2363.3587786259545,5083.9694656488555
496260,0,0,0,4965120562,4946.922968,0.010005,414,16554,540,-2038,-1223,-84,193,0.24779987182617186,9.90840357055664,0.3232172241210937,30.53588235294118,-33609.16030534351,-2308.3969465648856,5303.81679389313
